1,1.000,-0.500,0.000,0.000,0.000,0.000,1
2,1.000,-0.500,0.153,0.000,0.000,0.000,1
3,1.000,-0.500,0.473,0.000,0.000,0.000,1
4,1.000,-0.500,0.808,0.000,0.000,0.000,1
5,1.000,-0.500,1.088,0.000,0.000,0.000,1
6,1.000,-0.500,1.290,0.000,0.000,0.000,1
7,1.000,-0.500,1.420,0.000,0.000,0.000,1
8,1.000,-0.500,1.493,0.000,0.000,0.000,1
9,1.000,-0.500,1.527,0.000,0.000,0.000,1
10,1.000,-0.500,1.537,0.000,0.000,-0.219,1
11,1.000,-0.499,1.534,0.000,0.000,-0.359,1
12,1.000,-0.497,1.527,0.000,0.000,-0.363,1
13,1.000,-0.494,1.518,0.000,0.000,-0.060,1
14,1.000,-0.491,1.511,0.000,-0.120,0.397,5.0
15,1.000,-0.488,1.506,0.000,-0.198,0.660,5.0
16,0.999,-0.488,1.506,0.000,-0.207,0.679,5.0
17,0.997,-0.490,1.507,0.000,-0.160,0.509,5.0
18,0.995,-0.494,1.507,0.000,-0.084,0.248,5.0
19,0.992,-0.499,1.507,0.000,0.108,-0.184,5.0
20,0.990,-0.503,1.508,0.000,0.118,-0.270,5.0
21,0.988,-0.507,1.508,0.000,0.069,-0.228,5.0
22,0.986,-0.510,1.508,0.000,0.006,-0.118,5.0
23,0.984,-0.512,1.509,0.000,-0.046,0.006,5.0
24,0.983,-0.514,1.509,0.000,-0.072,0.100,5.0
25,0.981,-0.517,1.509,0.000,0.047,-0.041,5.0
26,0.979,-0.520,1.509,0.000,0.026,0.014,5.0
27,0.977,-0.522,1.510,0.000,-0.014,0.076,5.0
28,0.975,-0.525,1.510,0.000,-0.043,0.104,5.0
29,0.973,-0.528,1.510,0.000,-0.053,0.097,5.0
30,0.971,-0.532,1.510,0.000,-0.047,0.066,5.0
31,0.969,-0.535,1.504,0.000,-0.029,0.026,5.0
32,0.966,-0.539,1.503,0.000,-0.009,-0.008,5.0
33,0.964,-0.543,1.502,0.000,0.007,-0.029,5.0
34,0.961,-0.547,1.501,0.000,0.016,-0.034,5.0
35,0.959,-0.550,1.500,0.000,0.017,-0.026,5.0
36,0.956,-0.554,1.499,0.000,0.012,-0.012,5.0
37,0.954,-0.558,1.499,0.000,0.005,0.003,5.0
38,0.952,-0.561,1.498,0.000,-0.002,0.012,5.0
39,0.949,-0.565,1.497,0.000,-0.006,0.015,5.0
40,0.947,-0.568,1.497,0.000,-0.007,0.013,5.0
41,0.945,-0.572,1.496,0.000,-0.006,0.007,5.0
42,0.942,-0.576,1.496,0.000,-0.002,-0.000,5.0
43,0.940,-0.579,1.496,0.000,0.001,-0.005,5.0
44,0.937,-0.583,1.495,0.000,0.003,-0.008,5.0
45,0.935,-0.587,1.495,0.000,0.004,-0.008,5.0
46,0.933,-0.591,1.495,0.000,0.004,-0.006,5.0
47,0.930,-0.594,1.494,0.000,0.003,-0.003,5.0
48,0.928,-0.598,1.494,0.000,0.002,-0.001,5.0
49,0.925,-0.602,1.494,0.000,0.000,0.001,5.0
50,0.923,-0.605,1.494,0.000,-0.000,0.001,5.0
51,0.921,-0.609,1.494,0.000,-0.000,0.000,5.0
52,0.918,-0.613,1.493,0.000,0.000,-0.001,5.0
53,0.916,-0.616,1.493,0.000,0.001,-0.002,5.0
54,0.914,-0.620,1.493,0.000,0.001,-0.003,5.0
55,0.911,-0.624,1.493,0.000,0.002,-0.003,5.0
56,0.909,-0.627,1.493,0.000,0.002,-0.003,5.0
57,0.906,-0.631,1.493,0.000,0.002,-0.002,5.0
58,0.904,-0.635,1.493,0.000,0.001,-0.002,5.0
59,0.902,-0.638,1.492,0.000,0.001,-0.002,5.0
60,0.899,-0.642,1.492,0.000,0.001,-0.001,5.0
61,0.897,-0.646,1.492,0.000,0.001,-0.002,5.0
62,0.894,-0.650,1.492,0.000,0.001,-0.002,5.0
63,0.892,-0.653,1.492,0.000,0.001,-0.002,5.0
64,0.890,-0.657,1.492,0.000,0.001,-0.002,5.0
65,0.887,-0.661,1.492,0.000,0.001,-0.002,5.0
66,0.885,-0.664,1.492,0.000,0.001,-0.002,5.0
67,0.882,-0.668,1.492,0.000,0.001,-0.002,5.0
68,0.880,-0.672,1.492,0.000,0.001,-0.002,5.0
69,0.878,-0.675,1.492,0.000,0.001,-0.002,5.0
70,0.875,-0.679,1.492,0.000,0.001,-0.002,5.0
71,0.873,-0.683,1.492,0.000,0.001,-0.002,5.0
72,0.870,-0.686,1.492,0.000,0.001,-0.002,5.0
73,0.868,-0.690,1.492,0.000,0.001,-0.002,5.0
74,0.866,-0.694,1.492,0.000,0.001,-0.002,5.0
75,0.863,-0.698,1.492,0.000,0.001,-0.002,5.0
76,0.861,-0.701,1.492,0.000,0.001,-0.002,5.0
77,0.858,-0.705,1.492,0.000,0.001,-0.002,5.0
78,0.856,-0.709,1.492,0.000,0.001,-0.002,5.0
79,0.854,-0.712,1.492,0.000,0.002,-0.003,5.0
80,0.851,-0.716,1.492,0.000,0.004,-0.006,5.0
81,0.849,-0.720,1.492,0.000,0.007,-0.010,5.0
82,0.846,-0.723,1.492,0.000,0.009,-0.014,5.0
83,0.844,-0.727,1.492,0.000,0.010,-0.016,5.0
84,0.842,-0.731,1.492,0.000,0.011,-0.017,5.0
85,0.839,-0.734,1.491,0.000,0.011,-0.016,5.0
86,0.837,-0.737,1.491,0.000,0.010,-0.015,5.0
87,0.835,-0.741,1.491,0.000,0.009,-0.014,5.0
88,0.833,-0.744,1.491,0.000,0.008,-0.013,5.0
89,0.831,-0.748,1.491,0.000,0.008,-0.012,5.0
90,0.829,-0.751,1.491,0.000,0.008,-0.013,5.0
91,0.826,-0.754,1.491,0.000,0.008,-0.013,5.0
92,0.824,-0.757,1.491,0.000,0.009,-0.013,5.0
93,0.822,-0.761,1.491,0.000,0.009,-0.014,5.0
94,0.820,-0.764,1.491,0.000,0.009,-0.014,5.0
95,0.818,-0.767,1.491,0.000,0.009,-0.014,5.0
96,0.816,-0.770,1.491,0.000,0.009,-0.013,5.0
97,0.814,-0.773,1.491,0.000,0.008,-0.013,5.0
98,0.812,-0.776,1.491,0.000,0.008,-0.013,5.0
99,0.810,-0.779,1.491,0.000,0.008,-0.012,5.0
100,0.809,-0.782,1.491,0.000,0.008,-0.012,5.0
101,0.807,-0.784,1.491,0.000,0.008,-0.012,5.0
102,0.805,-0.787,1.491,0.000,0.008,-0.012,5.0
103,0.803,-0.790,1.491,0.000,0.008,-0.012,5.0
104,0.801,-0.793,1.491,0.000,0.008,-0.012,5.0
105,0.799,-0.796,1.491,0.000,0.008,-0.012,5.0
106,0.798,-0.798,1.491,0.000,0.008,-0.012,5.0
107,0.796,-0.801,1.491,0.000,0.007,-0.011,5.0
108,0.794,-0.803,1.491,0.000,0.007,-0.011,5.0
109,0.793,-0.806,1.491,0.000,0.007,-0.011,5.0
110,0.791,-0.809,1.491,0.000,0.007,-0.011,5.0
111,0.789,-0.811,1.491,0.000,0.007,-0.011,5.0
112,0.788,-0.814,1.491,0.000,0.007,-0.011,5.0
113,0.786,-0.816,1.491,0.000,0.007,-0.011,5.0
114,0.785,-0.818,1.491,0.000,0.007,-0.010,5.0
115,0.783,-0.821,1.491,0.000,0.007,-0.010,5.0
116,0.782,-0.823,1.491,0.000,0.007,-0.010,5.0
117,0.780,-0.825,1.491,0.000,0.006,-0.010,5.0
118,0.779,-0.828,1.491,0.000,0.006,-0.010,5.0
119,0.777,-0.830,1.491,0.000,0.006,-0.010,5.0
120,0.776,-0.832,1.491,0.000,0.006,-0.010,5.0
121,0.774,-0.834,1.491,0.000,0.006,-0.009,5.0
122,0.773,-0.837,1.491,0.000,0.006,-0.009,5.0
123,0.771,-0.839,1.491,0.000,0.006,-0.009,5.0
124,0.770,-0.841,1.491,0.000,0.006,-0.009,5.0
125,0.769,-0.843,1.491,0.000,0.006,-0.009,5.0
126,0.767,-0.845,1.491,0.000,0.006,-0.009,5.0
127,0.766,-0.847,1.491,0.000,0.006,-0.009,5.0
128,0.765,-0.849,1.491,0.000,0.006,-0.009,5.0
129,0.763,-0.851,1.491,0.000,0.006,-0.009,5.0
130,0.762,-0.853,1.491,0.000,0.005,-0.008,5.0
131,0.761,-0.855,1.491,0.000,0.005,-0.008,5.0
132,0.760,-0.857,1.491,0.000,0.005,-0.008,5.0
133,0.759,-0.859,1.491,0.000,0.005,-0.008,5.0
134,0.757,-0.860,1.491,0.000,0.005,-0.008,5.0
135,0.756,-0.862,1.491,0.000,0.005,-0.008,5.0
136,0.755,-0.864,1.491,0.000,0.005,-0.008,5.0
137,0.754,-0.866,1.491,0.000,0.005,-0.008,5.0
138,0.753,-0.868,1.491,0.000,0.005,-0.008,5.0
139,0.752,-0.869,1.491,0.000,0.005,-0.007,5.0
140,0.750,-0.871,1.491,0.000,0.005,-0.007,5.0
141,0.749,-0.873,1.491,0.000,0.005,-0.007,5.0
142,0.748,-0.874,1.491,0.000,0.005,-0.007,5.0
143,0.747,-0.876,1.491,0.000,0.005,-0.007,5.0
144,0.746,-0.878,1.491,0.000,0.005,-0.007,5.0
145,0.745,-0.879,1.491,0.000,0.004,-0.007,5.0
146,0.744,-0.881,1.491,0.000,0.004,-0.007,5.0
147,0.743,-0.882,1.491,0.000,0.004,-0.007,5.0
148,0.742,-0.884,1.491,0.000,0.004,-0.007,5.0
149,0.741,-0.885,1.491,0.000,0.004,-0.007,5.0
150,0.740,-0.887,1.491,0.000,0.004,-0.006,5.0
151,0.739,-0.888,1.491,0.000,0.004,-0.006,5.0
152,0.738,-0.890,1.491,0.000,0.004,-0.006,5.0
153,0.737,-0.891,1.491,0.000,0.004,-0.006,5.0
154,0.736,-0.893,1.491,0.000,0.004,-0.006,5.0
155,0.735,-0.894,1.490,0.000,0.004,-0.006,5.0
156,0.735,-0.896,1.490,0.000,0.004,-0.006,5.0
157,0.734,-0.897,1.490,0.000,0.004,-0.006,5.0
158,0.733,-0.898,1.490,0.000,0.004,-0.006,5.0
159,0.732,-0.900,1.490,0.000,0.004,-0.006,5.0
160,0.731,-0.901,1.490,0.000,0.004,-0.006,5.0
161,0.730,-0.902,1.490,0.000,0.004,-0.006,5.0
162,0.729,-0.904,1.490,0.000,0.004,-0.006,5.0
163,0.729,-0.905,1.490,0.000,0.004,-0.005,5.0
164,0.728,-0.906,1.490,0.000,0.003,-0.005,5.0
165,0.727,-0.907,1.490,0.000,0.003,-0.005,5.0
166,0.726,-0.908,1.490,0.000,0.003,-0.005,5.0
167,0.725,-0.910,1.490,0.000,0.003,-0.005,5.0
168,0.725,-0.911,1.490,0.000,0.003,-0.005,5.0
169,0.724,-0.912,1.490,0.000,0.003,-0.005,5.0
170,0.723,-0.913,1.490,0.000,0.003,-0.005,5.0
171,0.722,-0.914,1.490,0.000,0.003,-0.005,5.0
172,0.722,-0.915,1.490,0.000,0.003,-0.005,5.0
173,0.721,-0.917,1.490,0.000,0.003,-0.005,5.0
174,0.720,-0.918,1.490,0.000,0.003,-0.005,5.0
175,0.719,-0.919,1.490,0.000,0.003,-0.005,5.0
176,0.719,-0.920,1.490,0.000,0.003,-0.005,5.0
177,0.718,-0.921,1.490,0.000,0.003,-0.005,5.0
178,0.717,-0.922,1.490,0.000,0.003,-0.004,5.0
179,0.717,-0.923,1.490,0.000,0.003,-0.004,5.0
180,0.716,-0.924,1.490,0.000,0.003,-0.004,5.0
181,0.715,-0.925,1.490,0.000,0.003,-0.004,5.0
182,0.715,-0.926,1.490,0.000,0.003,-0.004,5.0
183,0.714,-0.927,1.490,0.000,0.003,-0.004,5.0
184,0.714,-0.928,1.490,0.000,0.003,-0.004,5.0
185,0.713,-0.929,1.490,0.000,0.003,-0.004,5.0
186,0.712,-0.930,1.490,0.000,0.003,-0.004,5.0
187,0.712,-0.931,1.490,0.000,0.003,-0.004,5.0
188,0.711,-0.931,1.490,0.000,0.003,-0.004,5.0
189,0.711,-0.932,1.490,0.000,0.003,-0.004,5.0
190,0.710,-0.933,1.490,0.000,0.002,-0.004,5.0
191,0.709,-0.934,1.490,0.000,0.002,-0.004,5.0
192,0.709,-0.935,1.490,0.000,0.002,-0.004,5.0
193,0.708,-0.936,1.490,0.000,0.002,-0.004,5.0
194,0.708,-0.937,1.490,0.000,0.002,-0.004,5.0
195,0.707,-0.938,1.490,0.000,0.002,-0.004,5.0
196,0.707,-0.938,1.490,0.000,0.002,-0.004,5.0
197,0.706,-0.939,1.490,0.000,0.002,-0.003,5.0
198,0.706,-0.940,1.490,0.000,0.002,-0.003,5.0
199,0.705,-0.941,1.490,0.000,0.002,-0.003,5.0
200,0.705,-0.942,1.490,0.000,0.002,-0.003,5.0
201,0.704,-0.942,1.490,0.000,0.002,-0.003,5.0
202,0.704,-0.943,1.490,0.000,0.002,-0.003,5.0
203,0.703,-0.944,1.490,0.000,0.002,-0.003,5.0
204,0.703,-0.945,1.490,0.000,0.002,-0.003,5.0
205,0.702,-0.945,1.490,0.000,0.002,-0.003,5.0
206,0.702,-0.946,1.490,0.000,0.002,-0.003,5.0
207,0.701,-0.947,1.490,0.000,0.002,-0.003,5.0
208,0.701,-0.947,1.490,0.000,0.002,-0.003,5.0
209,0.700,-0.948,1.490,0.000,0.002,-0.003,5.0
210,0.700,-0.949,1.490,0.000,0.002,-0.003,5.0
211,0.700,-0.949,1.490,0.000,0.002,-0.003,5.0
212,0.699,-0.950,1.490,0.000,0.002,-0.003,5.0
213,0.699,-0.951,1.490,0.000,0.002,-0.003,5.0
214,0.698,-0.951,1.490,0.000,0.002,-0.003,5.0
215,0.698,-0.952,1.490,0.000,0.002,-0.003,5.0
216,0.697,-0.953,1.490,0.000,0.002,-0.003,5.0
217,0.697,-0.953,1.490,0.000,0.002,-0.003,5.0
218,0.697,-0.954,1.490,0.000,0.002,-0.003,5.0
219,0.696,-0.954,1.490,0.000,0.002,-0.003,5.0
220,0.696,-0.955,1.490,0.000,0.002,-0.003,5.0
221,0.695,-0.956,1.490,0.000,0.002,-0.003,5.0
222,0.695,-0.956,1.490,0.000,0.002,-0.003,5.0
223,0.695,-0.957,1.490,0.000,0.002,-0.002,5.0
224,0.694,-0.957,1.490,0.000,0.002,-0.002,5.0
225,0.694,-0.958,1.490,0.000,0.002,-0.002,5.0
226,0.694,-0.958,1.490,0.000,0.002,-0.002,5.0
227,0.693,-0.959,1.490,0.000,0.002,-0.002,5.0
228,0.693,-0.960,1.490,0.000,0.002,-0.002,5.0
229,0.693,-0.960,1.490,0.000,0.001,-0.002,5.0
230,0.692,-0.961,1.490,0.000,0.001,-0.002,5.0
231,0.692,-0.961,1.490,0.000,0.001,-0.002,5.0
232,0.692,-0.962,1.490,0.000,0.001,-0.002,5.0
233,0.691,-0.962,1.490,0.000,0.001,-0.002,5.0
234,0.691,-0.963,1.490,0.000,0.001,-0.002,5.0
235,0.691,-0.963,1.490,0.000,0.001,-0.002,5.0
236,0.690,-0.964,1.490,0.000,0.001,-0.002,5.0
237,0.690,-0.964,1.490,0.000,0.001,-0.002,5.0
238,0.690,-0.965,1.490,0.000,0.001,-0.002,5.0
239,0.689,-0.965,1.490,0.000,0.001,-0.002,5.0
240,0.689,-0.965,1.490,0.000,0.001,-0.002,5.0
241,0.689,-0.966,1.490,0.000,0.001,-0.002,5.0
242,0.689,-0.966,1.490,0.000,0.001,-0.002,5.0
243,0.688,-0.967,1.490,0.000,0.001,-0.002,5.0
244,0.688,-0.967,1.490,0.000,0.001,-0.002,5.0
245,0.688,-0.968,1.490,0.000,0.001,-0.002,5.0
246,0.687,-0.968,1.490,0.000,0.001,-0.002,5.0
247,0.687,-0.969,1.490,0.000,0.001,-0.002,5.0
248,0.687,-0.969,1.490,0.000,0.001,-0.002,5.0
249,0.687,-0.969,1.490,0.000,0.001,-0.002,5.0
250,0.686,-0.970,1.490,0.000,0.001,-0.002,5.0
251,0.686,-0.970,1.490,0.000,0.001,-0.002,5.0
252,0.686,-0.971,1.490,0.000,0.001,-0.002,5.0
253,0.686,-0.971,1.490,0.000,0.001,-0.002,5.0
254,0.685,-0.971,1.490,0.000,0.001,-0.002,5.0
255,0.685,-0.972,1.490,0.000,0.001,-0.002,5.0
256,0.685,-0.972,1.490,0.000,0.001,-0.002,5.0
257,0.685,-0.972,1.490,0.000,0.001,-0.002,5.0
258,0.684,-0.973,1.490,0.000,0.001,-0.002,5.0
259,0.684,-0.973,1.490,0.000,0.001,-0.002,5.0
260,0.684,-0.973,1.490,0.000,0.001,-0.002,5.0
261,0.684,-0.974,1.490,0.000,0.001,-0.001,5.0
262,0.683,-0.974,1.490,0.000,0.001,-0.001,5.0
263,0.683,-0.974,1.490,0.000,0.001,-0.001,5.0
264,0.683,-0.975,1.490,0.000,0.001,-0.001,5.0
265,0.683,-0.975,1.490,0.000,0.001,-0.001,5.0
266,0.683,-0.975,1.490,0.000,0.001,-0.001,5.0
267,0.682,-0.976,1.490,0.000,0.001,-0.001,5.0
268,0.682,-0.976,1.490,0.000,0.001,-0.001,5.0
269,0.682,-0.976,1.490,0.000,0.001,-0.001,5.0
270,0.682,-0.977,1.490,0.000,0.001,-0.001,5.0
271,0.682,-0.977,1.490,0.000,0.001,-0.001,5.0
272,0.681,-0.977,1.490,0.000,0.001,-0.001,5.0
273,0.681,-0.978,1.490,0.000,0.001,-0.001,5.0
274,0.681,-0.978,1.490,0.000,0.001,-0.001,5.0
275,0.681,-0.978,1.490,0.000,0.001,-0.001,5.0
276,0.681,-0.979,1.490,0.000,0.001,-0.001,5.0
277,0.680,-0.979,1.490,0.000,0.001,-0.001,5.0
278,0.680,-0.979,1.490,0.000,0.001,-0.001,5.0
279,0.680,-0.979,1.490,0.000,0.001,-0.001,5.0
280,0.680,-0.980,1.490,0.000,0.001,-0.001,5.0
281,0.680,-0.980,1.490,0.000,0.001,-0.001,5.0
282,0.680,-0.980,1.490,0.000,0.001,-0.001,5.0
283,0.679,-0.980,1.490,0.000,0.001,-0.001,5.0
284,0.679,-0.981,1.490,0.000,0.001,-0.001,5.0
285,0.679,-0.981,1.490,0.000,0.001,-0.001,5.0
286,0.679,-0.981,1.490,0.000,0.001,-0.001,5.0
287,0.679,-0.981,1.490,0.000,0.001,-0.001,5.0
288,0.679,-0.982,1.490,0.000,0.001,-0.001,5.0
289,0.678,-0.982,1.490,0.000,0.001,-0.001,5.0
290,0.678,-0.982,1.490,0.000,0.001,-0.001,5.0
291,0.678,-0.982,1.490,0.000,0.001,-0.001,5.0
292,0.678,-0.983,1.490,0.000,0.001,-0.001,5.0
293,0.678,-0.983,1.490,0.000,0.001,-0.001,5.0
294,0.678,-0.983,1.490,0.000,0.001,-0.001,5.0
295,0.678,-0.983,1.490,0.000,0.001,-0.001,5.0
296,0.677,-0.983,1.490,0.000,0.001,-0.001,5.0
297,0.677,-0.984,1.490,0.000,0.001,-0.001,5.0
298,0.677,-0.984,1.490,0.000,0.001,-0.001,5.0
299,0.677,-0.984,1.490,0.000,0.001,-0.001,5.0
300,0.677,-0.984,1.490,0.000,0.001,-0.001,5.0
301,0.677,-0.985,1.490,0.000,0.001,-0.001,5.0
302,0.677,-0.985,1.490,0.000,0.001,-0.001,5.0
303,0.676,-0.985,1.490,0.000,0.001,-0.001,5.0
304,0.676,-0.985,1.490,0.000,0.001,-0.001,5.0
305,0.676,-0.985,1.490,0.000,0.001,-0.001,5.0
306,0.676,-0.986,1.490,0.000,0.001,-0.001,5.0
307,0.676,-0.986,1.490,0.000,0.001,-0.001,5.0
308,0.676,-0.986,1.490,0.000,0.001,-0.001,5.0
309,0.676,-0.986,1.490,0.000,0.001,-0.001,5.0
310,0.676,-0.986,1.490,0.000,0.001,-0.001,5.0
311,0.675,-0.986,1.490,0.000,0.001,-0.001,5.0
312,0.675,-0.987,1.490,0.000,0.000,-0.001,5.0
313,0.675,-0.987,1.490,0.000,0.000,-0.001,5.0
314,0.675,-0.987,1.490,0.000,0.000,-0.001,5.0
315,0.675,-0.987,1.490,0.000,0.000,-0.001,5.0
316,0.675,-0.987,1.490,0.000,0.000,-0.001,5.0
317,0.675,-0.987,1.490,0.000,0.000,-0.001,5.0
318,0.675,-0.988,1.490,0.000,0.000,-0.001,5.0
319,0.675,-0.988,1.490,0.000,0.000,-0.001,5.0
320,0.674,-0.988,1.490,0.000,0.000,-0.001,5.0
321,0.674,-0.988,1.490,0.000,0.000,-0.001,5.0
322,0.674,-0.988,1.490,0.000,0.000,-0.001,5.0
323,0.674,-0.988,1.490,0.000,0.000,-0.001,5.0
324,0.674,-0.989,1.490,0.000,0.000,-0.001,5.0
325,0.674,-0.989,1.490,0.000,0.000,-0.001,5.0
326,0.674,-0.989,1.490,0.000,0.000,-0.001,5.0
327,0.674,-0.989,1.490,0.000,0.000,-0.001,5.0
328,0.674,-0.989,1.490,0.000,0.000,-0.001,5.0
329,0.674,-0.989,1.490,0.000,0.000,-0.001,5.0
330,0.674,-0.989,1.490,0.000,0.000,-0.001,5.0
331,0.673,-0.990,1.490,0.000,0.000,-0.001,5.0
332,0.673,-0.990,1.490,0.000,0.000,-0.001,5.0
333,0.673,-0.990,1.490,0.000,0.000,-0.001,5.0
334,0.673,-0.990,1.490,0.000,0.000,-0.001,5.0
335,0.673,-0.990,1.490,0.000,0.000,-0.001,5.0
336,0.673,-0.990,1.490,0.000,0.000,-0.001,5.0
337,0.673,-0.990,1.490,0.000,0.000,-0.001,5.0
338,0.673,-0.991,1.490,0.000,0.000,-0.001,5.0
339,0.673,-0.991,1.490,0.000,0.000,-0.001,5.0
340,0.673,-0.991,1.490,0.000,0.000,-0.001,5.0
341,0.673,-0.991,1.490,0.000,0.000,-0.001,5.0
342,0.673,-0.991,1.490,0.000,0.000,-0.001,5.0
343,0.672,-0.991,1.490,0.000,0.000,-0.001,5.0
344,0.672,-0.991,1.490,0.000,0.000,-0.001,5.0
345,0.672,-0.991,1.490,0.000,0.000,-0.000,5.0
346,0.672,-0.991,1.490,0.000,0.000,-0.000,5.0
347,0.672,-0.992,1.490,0.000,0.000,-0.000,5.0
348,0.672,-0.992,1.490,0.000,0.000,-0.000,5.0
349,0.672,-0.992,1.490,0.000,0.004,-0.006,5.0
350,0.672,-0.992,1.490,0.000,0.006,-0.009,5.0
351,0.672,-0.992,1.490,0.000,0.006,-0.009,5.0
352,0.672,-0.992,1.490,0.000,0.005,-0.007,5.0
353,0.672,-0.992,1.490,0.000,0.002,-0.004,5.0
354,0.672,-0.992,1.490,0.000,0.000,-0.000,5.0
355,0.672,-0.992,1.490,0.000,-0.001,0.002,5.0
356,0.672,-0.992,1.490,0.000,-0.002,0.003,5.0
357,0.672,-0.992,1.490,0.000,-0.001,0.002,5.0
358,0.672,-0.992,1.490,0.000,-0.001,0.001,5.0
359,0.672,-0.992,1.490,0.000,0.000,-0.000,5.0
360,0.672,-0.992,1.490,0.000,0.001,-0.001,5.0
361,0.672,-0.992,1.490,0.000,0.001,-0.001,5.0
362,0.672,-0.992,1.490,0.000,0.001,-0.001,5.0
363,0.672,-0.992,1.490,0.000,0.001,-0.001,5.0
364,0.672,-0.992,1.490,0.000,0.000,-0.000,5.0
365,0.672,-0.992,1.490,0.000,-0.000,0.000,5.0
366,0.672,-0.992,1.490,0.000,-0.000,0.000,5.0
367,0.672,-0.992,1.490,0.000,-0.000,0.000,5.0
368,0.672,-0.992,1.490,0.000,-0.000,0.000,5.0
369,0.672,-0.992,1.490,0.000,-0.000,0.000,5.0
370,0.672,-0.992,1.490,0.000,0.000,-0.000,5.0
371,0.672,-0.992,1.490,0.000,0.000,-0.000,5.0
372,0.672,-0.992,1.490,0.000,0.000,-0.000,5.0
373,0.672,-0.992,1.490,0.000,0.000,-0.000,5.0
374,0.672,-0.992,1.490,0.000,0.000,-0.000,5.0
375,0.672,-0.992,1.490,0.000,0.000,-0.000,5.0
376,0.672,-0.992,1.490,0.000,-0.000,0.000,5.0
377,0.672,-0.992,1.490,0.000,-0.000,0.000,5.0
378,0.672,-0.992,1.490,0.000,-0.000,0.000,5.0
379,0.672,-0.992,1.490,0.000,-0.000,0.000,5.0
380,0.672,-0.992,1.490,0.000,-0.000,0.000,5.0
381,0.672,-0.992,1.490,0.000,0.000,-0.000,5.0
382,0.672,-0.992,1.490,0.000,0.000,-0.000,5.0
383,0.672,-0.992,1.490,0.000,0.000,-0.000,5.0
384,0.672,-0.992,1.490,0.000,0.000,-0.000,5.0
385,0.672,-0.992,1.490,0.000,0.000,-0.000,5.0
386,0.672,-0.992,1.490,0.000,-0.000,0.000,5.0
387,0.672,-0.992,1.490,0.000,-0.000,0.000,5.0
388,0.672,-0.992,1.490,0.000,-0.000,0.000,5.0
389,0.672,-0.992,1.490,0.000,-0.000,0.000,5.0
390,0.672,-0.992,1.490,0.000,-0.000,0.000,5.0
391,0.672,-0.992,1.490,0.000,-0.000,0.000,5.0
392,0.672,-0.992,1.490,0.000,0.000,-0.000,5.0
393,0.672,-0.992,1.490,0.000,0.000,-0.000,5.0
394,0.672,-0.992,1.490,0.000,0.000,-0.000,5.0
395,0.672,-0.992,1.490,0.000,0.000,-0.000,5.0
396,0.672,-0.992,1.490,0.000,0.000,-0.000,5.0
397,0.672,-0.992,1.490,0.000,-0.000,0.000,5.0
398,0.672,-0.992,1.490,0.000,-0.000,0.000,5.0
399,0.672,-0.992,1.490,0.000,-0.000,0.000,5.0
400,0.672,-0.992,1.490,0.000,-0.000,0.000,5.0
401,0.672,-0.992,1.490,0.000,-0.000,0.000,5.0
402,0.672,-0.992,1.490,0.000,0.000,-0.000,5.0
403,0.672,-0.992,1.490,0.000,0.000,-0.000,5.0
404,0.672,-0.992,1.490,0.000,0.000,-0.000,5.0
405,0.672,-0.992,1.490,0.000,0.000,-0.000,5.0
406,0.672,-0.992,1.490,0.000,0.000,-0.000,5.0
407,0.672,-0.992,1.490,0.000,0.000,-0.000,5.0
408,0.672,-0.992,1.490,0.000,-0.000,0.000,5.0
409,0.672,-0.992,1.490,0.000,-0.000,0.000,5.0
410,0.672,-0.992,1.490,0.000,-0.000,0.000,5.0
411,0.672,-0.992,1.490,0.000,-0.000,0.000,5.0
412,0.672,-0.992,1.490,0.000,-0.000,0.000,5.0
413,0.672,-0.992,1.490,0.000,0.000,-0.000,5.0
414,0.672,-0.992,1.490,0.000,0.000,-0.000,5.0
415,0.672,-0.992,1.490,0.000,0.000,-0.000,5.0
416,0.672,-0.992,1.490,0.000,0.000,-0.000,5.0
417,0.672,-0.992,1.490,0.000,0.000,-0.000,5.0
418,0.672,-0.992,1.490,0.000,-0.000,0.000,5.0
419,0.672,-0.992,1.490,0.000,-0.000,0.000,5.0
420,0.672,-0.992,1.490,0.000,-0.000,0.000,5.0
421,0.672,-0.992,1.490,0.000,-0.000,0.000,5.0
422,0.672,-0.992,1.490,0.000,-0.000,0.000,5.0
423,0.672,-0.992,1.490,0.000,-0.000,0.000,5.0
424,0.672,-0.992,1.490,0.000,0.000,-0.000,5.0
425,0.672,-0.992,1.490,0.000,0.000,-0.000,5.0
426,0.672,-0.992,1.490,0.000,0.000,-0.000,5.0
427,0.672,-0.992,1.490,0.000,-0.123,-0.181,7.0
428,0.671,-0.991,1.490,0.000,-0.203,-0.299,7.0
429,0.670,-0.990,1.490,0.000,-0.211,-0.312,7.0
430,0.669,-0.987,1.490,0.000,-0.163,-0.241,7.0
431,0.666,-0.984,1.490,0.000,-0.086,-0.127,7.0
432,0.664,-0.980,1.491,0.000,-0.011,-0.016,7.0
433,0.661,-0.976,1.491,0.000,0.041,0.061,7.0
434,0.658,-0.972,1.491,0.000,0.062,0.092,7.0
435,0.656,-0.968,1.491,0.000,0.055,0.081,7.0
436,0.653,-0.965,1.491,0.000,0.030,0.044,7.0
437,0.651,-0.962,1.491,0.000,0.001,0.002,7.0
438,0.649,-0.958,1.491,0.000,-0.021,-0.032,7.0
439,0.647,-0.955,1.491,0.000,-0.032,-0.047,7.0
440,0.645,-0.952,1.491,0.000,-0.031,-0.045,7.0
441,0.642,-0.948,1.492,0.000,-0.021,-0.030,7.0
442,0.640,-0.944,1.492,0.000,-0.007,-0.011,7.0
443,0.637,-0.941,1.492,0.000,0.004,0.006,7.0
444,0.635,-0.937,1.492,0.000,0.011,0.017,7.0
445,0.632,-0.933,1.492,0.000,0.013,0.019,7.0
446,0.630,-0.930,1.492,0.000,0.010,0.015,7.0
447,0.627,-0.926,1.492,0.000,0.005,0.008,7.0
448,0.625,-0.922,1.492,0.000,0.000,0.000,7.0
449,0.622,-0.919,1.492,0.000,-0.003,-0.005,7.0
450,0.620,-0.915,1.492,0.000,-0.004,-0.006,7.0
451,0.617,-0.912,1.492,0.000,-0.003,-0.005,7.0
452,0.615,-0.908,1.492,0.000,-0.002,-0.002,7.0
453,0.612,-0.904,1.492,0.000,0.001,0.001,7.0
454,0.610,-0.901,1.492,0.000,0.130,0.192,7.0
455,0.608,-0.898,1.492,0.000,0.086,0.128,7.0
456,0.606,-0.895,1.492,0.000,0.012,0.018,7.0
457,0.604,-0.892,1.492,0.000,-0.048,-0.070,7.0
458,0.603,-0.890,1.492,0.000,-0.078,-0.115,7.0
459,0.600,-0.886,1.492,0.000,-0.077,-0.114,7.0
460,0.598,-0.883,1.492,0.000,-0.054,-0.079,7.0
461,0.595,-0.879,1.492,0.000,-0.021,-0.031,7.0
462,0.593,-0.875,1.492,0.000,0.008,0.012,7.0
463,0.590,-0.871,1.492,0.000,0.027,0.039,7.0
464,0.588,-0.867,1.492,0.000,0.031,0.046,7.0
465,0.585,-0.864,1.492,0.000,0.025,0.037,7.0
466,0.583,-0.860,1.492,0.000,0.013,0.019,7.0
467,0.580,-0.857,1.492,0.000,0.000,0.000,7.0
468,0.578,-0.853,1.492,0.000,-0.009,-0.013,7.0
469,0.576,-0.850,1.492,0.000,-0.012,-0.018,7.0
470,0.573,-0.846,1.492,0.000,-0.011,-0.016,7.0
471,0.571,-0.843,1.492,0.000,-0.006,-0.009,7.0
472,0.568,-0.839,1.492,0.000,-0.000,-0.001,7.0
473,0.566,-0.835,1.492,0.000,0.004,0.006,7.0
474,0.563,-0.831,1.492,0.000,0.006,0.009,7.0
475,0.561,-0.828,1.492,0.000,0.006,0.010,7.0
476,0.558,-0.824,1.492,0.000,0.005,0.007,7.0
477,0.556,-0.820,1.492,0.000,0.003,0.004,7.0
478,0.553,-0.817,1.492,0.000,0.001,0.001,7.0
479,0.551,-0.813,1.492,0.000,-0.001,-0.001,7.0
480,0.548,-0.810,1.492,0.000,-0.001,-0.001,7.0
481,0.546,-0.806,1.492,0.000,-0.001,-0.001,7.0
482,0.543,-0.802,1.492,0.000,0.000,0.001,7.0
483,0.541,-0.799,1.492,0.000,0.001,0.002,7.0
484,0.538,-0.795,1.492,0.000,0.002,0.003,7.0
485,0.536,-0.791,1.492,0.000,0.002,0.003,7.0
486,0.534,-0.788,1.492,0.000,0.002,0.003,7.0
487,0.531,-0.784,1.492,0.000,0.002,0.003,7.0
488,0.529,-0.780,1.492,0.000,0.001,0.002,7.0
489,0.526,-0.777,1.492,0.000,0.001,0.002,7.0
490,0.524,-0.773,1.492,0.000,0.001,0.001,7.0
491,0.521,-0.769,1.492,0.000,0.001,0.001,7.0
492,0.519,-0.766,1.492,0.000,0.001,0.002,7.0
493,0.516,-0.762,1.492,0.000,0.001,0.002,7.0
494,0.514,-0.759,1.492,0.000,0.001,0.002,7.0
495,0.511,-0.755,1.492,0.000,0.001,0.002,7.0
496,0.509,-0.751,1.492,0.000,0.001,0.002,7.0
497,0.506,-0.748,1.492,0.000,0.001,0.002,7.0
498,0.504,-0.744,1.492,0.000,0.001,0.002,7.0
499,0.501,-0.740,1.492,0.000,0.001,0.002,7.0
500,0.499,-0.737,1.492,0.000,0.001,0.002,7.0
501,0.496,-0.733,1.492,0.000,0.001,0.002,7.0
502,0.494,-0.729,1.492,0.000,0.001,0.002,7.0
503,0.492,-0.726,1.492,0.000,0.001,0.002,7.0
504,0.489,-0.722,1.492,0.000,0.001,0.002,7.0
505,0.487,-0.718,1.492,0.000,0.001,0.002,7.0
506,0.484,-0.715,1.492,0.000,0.001,0.002,7.0
507,0.482,-0.711,1.492,0.000,0.001,0.002,7.0
508,0.479,-0.708,1.492,0.000,0.001,0.002,7.0
509,0.477,-0.704,1.492,0.000,0.001,0.002,7.0
510,0.474,-0.700,1.492,0.000,0.001,0.002,7.0
511,0.472,-0.697,1.492,0.000,0.001,0.002,7.0
512,0.469,-0.693,1.492,0.000,0.001,0.002,7.0
513,0.467,-0.689,1.492,0.000,0.001,0.002,7.0
514,0.464,-0.686,1.492,0.000,0.001,0.002,7.0
515,0.462,-0.682,1.492,0.000,0.001,0.002,7.0
516,0.459,-0.678,1.492,0.000,0.001,0.002,7.0
517,0.457,-0.675,1.492,0.000,0.001,0.002,7.0
518,0.454,-0.671,1.492,0.000,0.001,0.002,7.0
519,0.452,-0.667,1.492,0.000,0.001,0.002,7.0
520,0.450,-0.664,1.492,0.000,0.001,0.002,7.0
521,0.447,-0.660,1.492,0.000,0.001,0.002,7.0
522,0.445,-0.656,1.492,0.000,0.001,0.002,7.0
523,0.442,-0.653,1.492,0.000,0.001,0.002,7.0
524,0.440,-0.649,1.492,0.000,0.001,0.002,7.0
525,0.437,-0.646,1.492,0.000,0.001,0.002,7.0
526,0.435,-0.642,1.492,0.000,0.001,0.002,7.0
527,0.432,-0.638,1.492,0.000,0.001,0.002,7.0
528,0.430,-0.635,1.492,0.000,0.001,0.002,7.0
529,0.427,-0.631,1.492,0.000,0.001,0.002,7.0
530,0.425,-0.627,1.492,0.000,0.001,0.002,7.0
531,0.422,-0.624,1.492,0.000,0.001,0.002,7.0
532,0.420,-0.620,1.492,0.000,0.001,0.002,7.0
533,0.417,-0.616,1.492,0.000,0.001,0.002,7.0
534,0.415,-0.613,1.492,0.000,0.001,0.002,7.0
535,0.413,-0.609,1.492,0.000,0.001,0.002,7.0
536,0.410,-0.605,1.492,0.000,0.001,0.002,7.0
537,0.408,-0.602,1.492,0.000,0.001,0.002,7.0
538,0.405,-0.598,1.492,0.000,0.001,0.002,7.0
539,0.403,-0.594,1.492,0.000,0.001,0.002,7.0
540,0.400,-0.591,1.492,0.000,0.001,0.002,7.0
541,0.398,-0.587,1.492,0.000,0.001,0.002,7.0
542,0.395,-0.584,1.492,0.000,0.001,0.002,7.0
543,0.393,-0.580,1.492,0.000,0.001,0.002,7.0
544,0.390,-0.576,1.492,0.000,0.001,0.002,7.0
545,0.388,-0.573,1.492,0.000,0.001,0.002,7.0
546,0.385,-0.569,1.492,0.000,0.001,0.002,7.0
547,0.383,-0.565,1.492,0.000,0.001,0.002,7.0
548,0.380,-0.562,1.492,0.000,0.001,0.002,7.0
549,0.378,-0.558,1.492,0.000,0.001,0.002,7.0
550,0.375,-0.554,1.492,0.000,0.001,0.002,7.0
551,0.373,-0.551,1.492,0.000,0.001,0.002,7.0
552,0.371,-0.547,1.492,0.000,0.001,0.002,7.0
553,0.368,-0.543,1.492,0.000,0.001,0.002,7.0
554,0.366,-0.540,1.492,0.000,0.001,0.002,7.0
555,0.363,-0.536,1.492,0.000,0.001,0.002,7.0
556,0.361,-0.532,1.492,0.000,0.001,0.002,7.0
557,0.358,-0.529,1.492,0.000,0.001,0.002,7.0
558,0.356,-0.525,1.492,0.000,0.001,0.002,7.0
559,0.353,-0.522,1.492,0.000,0.001,0.002,7.0
560,0.351,-0.518,1.492,0.000,0.001,0.002,7.0
561,0.348,-0.514,1.492,0.000,0.001,0.002,7.0
562,0.346,-0.511,1.492,0.000,0.001,0.002,7.0
563,0.343,-0.507,1.492,0.000,0.001,0.002,7.0
564,0.341,-0.503,1.492,0.000,0.001,0.002,7.0
565,0.338,-0.500,1.492,0.000,0.001,0.002,7.0
566,0.336,-0.496,1.492,0.000,0.001,0.002,7.0
567,0.333,-0.492,1.492,0.000,0.001,0.002,7.0
568,0.331,-0.489,1.492,0.000,0.001,0.002,7.0
569,0.329,-0.485,1.492,0.000,0.001,0.002,7.0
570,0.326,-0.481,1.492,0.000,0.001,0.002,7.0
571,0.324,-0.478,1.492,0.000,0.001,0.002,7.0
572,0.321,-0.474,1.492,0.000,0.001,0.002,7.0
573,0.319,-0.471,1.492,0.000,0.001,0.002,7.0
574,0.316,-0.467,1.492,0.000,0.001,0.002,7.0
575,0.314,-0.463,1.492,0.000,0.001,0.002,7.0
576,0.311,-0.460,1.492,0.000,0.001,0.002,7.0
577,0.309,-0.456,1.492,0.000,0.001,0.002,7.0
578,0.306,-0.452,1.492,0.000,0.001,0.002,7.0
579,0.304,-0.449,1.492,0.000,0.001,0.002,7.0
580,0.301,-0.445,1.492,0.000,0.001,0.002,7.0
581,0.299,-0.441,1.492,0.000,0.001,0.002,7.0
582,0.296,-0.438,1.492,0.000,0.001,0.002,7.0
583,0.294,-0.434,1.492,0.000,0.001,0.002,7.0
584,0.292,-0.430,1.492,0.000,0.001,0.002,7.0
585,0.289,-0.427,1.492,0.000,0.001,0.002,7.0
586,0.287,-0.423,1.492,0.000,0.001,0.002,7.0
587,0.284,-0.419,1.492,0.000,0.001,0.002,7.0
588,0.282,-0.416,1.492,0.000,0.001,0.002,7.0
589,0.279,-0.412,1.492,0.000,0.001,0.002,7.0
590,0.277,-0.409,1.492,0.000,0.001,0.002,7.0
591,0.274,-0.405,1.492,0.000,0.001,0.002,7.0
592,0.272,-0.401,1.492,0.000,0.001,0.002,7.0
593,0.269,-0.398,1.492,0.000,0.001,0.002,7.0
594,0.267,-0.394,1.492,0.000,0.001,0.002,7.0
595,0.264,-0.390,1.492,0.000,0.001,0.002,7.0
596,0.262,-0.387,1.492,0.000,0.001,0.002,7.0
597,0.259,-0.383,1.492,0.000,0.001,0.002,7.0
598,0.257,-0.379,1.492,0.000,0.001,0.002,7.0
599,0.254,-0.376,1.492,0.000,0.001,0.002,7.0
600,0.252,-0.372,1.492,0.000,0.001,0.002,7.0
601,0.250,-0.368,1.492,0.000,0.001,0.002,7.0
602,0.247,-0.365,1.492,0.000,0.001,0.002,7.0
603,0.245,-0.361,1.492,0.000,0.001,0.002,7.0
604,0.242,-0.357,1.492,0.000,0.001,0.002,7.0
605,0.240,-0.354,1.492,0.000,0.001,0.002,7.0
606,0.237,-0.350,1.492,0.000,0.001,0.002,7.0
607,0.235,-0.347,1.492,0.000,0.001,0.002,7.0
608,0.232,-0.343,1.492,0.000,0.001,0.002,7.0
609,0.230,-0.339,1.492,0.000,0.001,0.002,7.0
610,0.227,-0.336,1.492,0.000,0.001,0.002,7.0
611,0.225,-0.332,1.492,0.000,0.001,0.002,7.0
612,0.222,-0.328,1.492,0.000,0.001,0.002,7.0
613,0.220,-0.325,1.492,0.000,0.001,0.002,7.0
614,0.217,-0.321,1.492,0.000,0.001,0.002,7.0
615,0.215,-0.317,1.492,0.000,0.001,0.002,7.0
616,0.212,-0.314,1.492,0.000,0.001,0.002,7.0
617,0.210,-0.310,1.492,0.000,0.001,0.002,7.0
618,0.208,-0.306,1.492,0.000,0.001,0.002,7.0
619,0.205,-0.303,1.492,0.000,0.001,0.002,7.0
620,0.203,-0.299,1.492,0.000,0.001,0.002,7.0
621,0.200,-0.295,1.492,0.000,0.001,0.002,7.0
622,0.198,-0.292,1.492,0.000,0.001,0.002,7.0
623,0.195,-0.288,1.492,0.000,0.001,0.002,7.0
624,0.193,-0.285,1.492,0.000,0.002,0.003,7.0
625,0.190,-0.281,1.492,0.000,0.004,0.006,7.0
626,0.188,-0.277,1.492,0.000,0.007,0.010,7.0
627,0.185,-0.274,1.492,0.000,0.009,0.013,7.0
628,0.183,-0.270,1.492,0.000,0.011,0.016,7.0
629,0.181,-0.267,1.492,0.000,0.011,0.017,7.0
630,0.178,-0.263,1.492,0.000,0.011,0.016,7.0
631,0.176,-0.260,1.492,0.000,0.010,0.015,7.0
632,0.174,-0.256,1.492,0.000,0.009,0.014,7.0
633,0.171,-0.253,1.492,0.000,0.009,0.013,7.0
634,0.169,-0.250,1.492,0.000,0.008,0.012,7.0
635,0.167,-0.246,1.492,0.000,0.008,0.012,7.0
636,0.165,-0.243,1.492,0.000,0.009,0.013,7.0
637,0.163,-0.240,1.492,0.000,0.009,0.013,7.0
638,0.160,-0.237,1.492,0.000,0.009,0.013,7.0
639,0.158,-0.234,1.492,0.000,0.009,0.014,7.0
640,0.156,-0.231,1.492,0.000,0.009,0.014,7.0
641,0.154,-0.228,1.492,0.000,0.009,0.013,7.0
642,0.152,-0.225,1.492,0.000,0.009,0.013,7.0
643,0.150,-0.222,1.492,0.000,0.009,0.013,7.0
644,0.148,-0.219,1.492,0.000,0.008,0.012,7.0
645,0.146,-0.216,1.492,0.000,0.008,0.012,7.0
646,0.144,-0.213,1.492,0.000,0.008,0.012,7.0
647,0.143,-0.210,1.492,0.000,0.008,0.012,7.0
648,0.141,-0.208,1.492,0.000,0.008,0.012,7.0
649,0.139,-0.205,1.492,0.000,0.008,0.012,7.0
650,0.137,-0.202,1.492,0.000,0.008,0.012,7.0
651,0.135,-0.200,1.491,0.000,0.008,0.011,7.0
652,0.133,-0.197,1.491,0.000,0.008,0.011,7.0
653,0.132,-0.194,1.491,0.000,0.008,0.011,7.0
654,0.130,-0.192,1.491,0.000,0.007,0.011,7.0
655,0.128,-0.189,1.491,0.000,0.007,0.011,7.0
656,0.127,-0.187,1.491,0.000,0.007,0.011,7.0
657,0.125,-0.184,1.491,0.000,0.007,0.011,7.0
658,0.123,-0.182,1.491,0.000,0.007,0.010,7.0
659,0.122,-0.180,1.491,0.000,0.007,0.010,7.0
660,0.120,-0.177,1.491,0.000,0.007,0.010,7.0
661,0.119,-0.175,1.491,0.000,0.007,0.010,7.0
662,0.117,-0.173,1.491,0.000,0.007,0.010,7.0
663,0.115,-0.170,1.491,0.000,0.007,0.010,7.0
664,0.114,-0.168,1.491,0.000,0.007,0.010,7.0
665,0.112,-0.166,1.491,0.000,0.006,0.009,7.0
666,0.111,-0.164,1.491,0.000,0.006,0.009,7.0
667,0.110,-0.162,1.491,0.000,0.006,0.009,7.0
668,0.108,-0.160,1.491,0.000,0.006,0.009,7.0
669,0.107,-0.157,1.491,0.000,0.006,0.009,7.0
670,0.105,-0.155,1.491,0.000,0.006,0.009,7.0
671,0.104,-0.153,1.491,0.000,0.006,0.009,7.0
672,0.103,-0.151,1.491,0.000,0.006,0.009,7.0
673,0.101,-0.149,1.491,0.000,0.006,0.009,7.0
674,0.100,-0.147,1.491,0.000,0.006,0.008,7.0
675,0.099,-0.146,1.491,0.000,0.006,0.008,7.0
676,0.097,-0.144,1.491,0.000,0.006,0.008,7.0
677,0.096,-0.142,1.491,0.000,0.005,0.008,7.0
678,0.095,-0.140,1.491,0.000,0.005,0.008,7.0
679,0.093,-0.138,1.491,0.000,0.005,0.008,7.0
680,0.092,-0.136,1.491,0.000,0.005,0.008,7.0
681,0.091,-0.134,1.491,0.000,0.005,0.008,7.0
682,0.090,-0.133,1.491,0.000,0.005,0.008,7.0
683,0.089,-0.131,1.491,0.000,0.005,0.007,7.0
684,0.088,-0.129,1.491,0.000,0.005,0.007,7.0
685,0.086,-0.128,1.491,0.000,0.005,0.007,7.0
686,0.085,-0.126,1.491,0.000,0.005,0.007,7.0
687,0.084,-0.124,1.491,0.000,0.005,0.007,7.0
688,0.083,-0.123,1.491,0.000,0.005,0.007,7.0
689,0.082,-0.121,1.491,0.000,0.005,0.007,7.0
690,0.081,-0.119,1.491,0.000,0.005,0.007,7.0
691,0.080,-0.118,1.491,0.000,0.005,0.007,7.0
692,0.079,-0.116,1.491,0.000,0.005,0.007,7.0
693,0.078,-0.115,1.491,0.000,0.004,0.007,7.0
694,0.077,-0.113,1.491,0.000,0.004,0.006,7.0
695,0.076,-0.112,1.491,0.000,0.004,0.006,7.0
696,0.075,-0.110,1.491,0.000,0.004,0.006,7.0
697,0.074,-0.109,1.491,0.000,0.004,0.006,7.0
698,0.073,-0.107,1.491,0.000,0.004,0.006,7.0
699,0.072,-0.106,1.491,0.000,0.004,0.006,7.0
700,0.071,-0.105,1.491,0.000,0.004,0.006,7.0
701,0.070,-0.103,1.491,0.000,0.004,0.006,7.0
702,0.069,-0.102,1.491,0.000,0.004,0.006,7.0
703,0.068,-0.101,1.491,0.000,0.004,0.006,7.0
704,0.067,-0.099,1.491,0.000,0.004,0.006,7.0
705,0.066,-0.098,1.491,0.000,0.004,0.006,7.0
706,0.066,-0.097,1.491,0.000,0.004,0.006,7.0
707,0.065,-0.095,1.491,0.000,0.004,0.005,7.0
708,0.064,-0.094,1.491,0.000,0.004,0.005,7.0
709,0.063,-0.093,1.491,0.000,0.004,0.005,7.0
710,0.062,-0.092,1.491,0.000,0.004,0.005,7.0
711,0.061,-0.091,1.491,0.000,0.004,0.005,7.0
712,0.061,-0.089,1.491,0.000,0.003,0.005,7.0
713,0.060,-0.088,1.491,0.000,0.003,0.005,7.0
714,0.059,-0.087,1.491,0.000,0.003,0.005,7.0
715,0.058,-0.086,1.491,0.000,0.003,0.005,7.0
716,0.057,-0.085,1.491,0.000,0.003,0.005,7.0
717,0.057,-0.084,1.491,0.000,0.003,0.005,7.0
718,0.056,-0.083,1.491,0.000,0.003,0.005,7.0
719,0.055,-0.082,1.491,0.000,0.003,0.005,7.0
720,0.054,-0.080,1.491,0.000,0.003,0.005,7.0
721,0.054,-0.079,1.491,0.000,0.003,0.005,7.0
722,0.053,-0.078,1.491,0.000,0.003,0.004,7.0
723,0.052,-0.077,1.491,0.000,0.003,0.004,7.0
724,0.052,-0.076,1.491,0.000,0.003,0.004,7.0
725,0.051,-0.075,1.491,0.000,0.003,0.004,7.0
726,0.050,-0.074,1.491,0.000,0.003,0.004,7.0
727,0.050,-0.073,1.491,0.000,0.003,0.004,7.0
728,0.049,-0.072,1.491,0.000,0.003,0.004,7.0
729,0.048,-0.071,1.491,0.000,0.003,0.004,7.0
730,0.048,-0.071,1.491,0.000,0.003,0.004,7.0
731,0.047,-0.070,1.491,0.000,0.003,0.004,7.0
732,0.047,-0.069,1.491,0.000,0.003,0.004,7.0
733,0.046,-0.068,1.491,0.000,0.003,0.004,7.0
734,0.045,-0.067,1.491,0.000,0.003,0.004,7.0
735,0.045,-0.066,1.491,0.000,0.003,0.004,7.0
736,0.044,-0.065,1.491,0.000,0.003,0.004,7.0
737,0.044,-0.064,1.491,0.000,0.002,0.004,7.0
738,0.043,-0.063,1.491,0.000,0.002,0.004,7.0
739,0.042,-0.063,1.491,0.000,0.002,0.004,7.0
740,0.042,-0.062,1.491,0.000,0.002,0.004,7.0
741,0.041,-0.061,1.491,0.000,0.002,0.003,7.0
742,0.041,-0.060,1.491,0.000,0.002,0.003,7.0
743,0.040,-0.059,1.491,0.000,0.002,0.003,7.0
744,0.040,-0.059,1.491,0.000,0.002,0.003,7.0
745,0.039,-0.058,1.491,0.000,0.002,0.003,7.0
746,0.039,-0.057,1.491,0.000,0.002,0.003,7.0
747,0.038,-0.056,1.491,0.000,0.002,0.003,7.0
748,0.038,-0.056,1.491,0.000,0.002,0.003,7.0
749,0.037,-0.055,1.491,0.000,0.002,0.003,7.0
750,0.037,-0.054,1.491,0.000,0.002,0.003,7.0
751,0.036,-0.053,1.491,0.000,0.002,0.003,7.0
752,0.036,-0.053,1.491,0.000,0.002,0.003,7.0
753,0.035,-0.052,1.491,0.000,0.002,0.003,7.0
754,0.035,-0.051,1.491,0.000,0.002,0.003,7.0
755,0.034,-0.051,1.491,0.000,0.002,0.003,7.0
756,0.034,-0.050,1.491,0.000,0.002,0.003,7.0
757,0.033,-0.049,1.491,0.000,0.002,0.003,7.0
758,0.033,-0.049,1.491,0.000,0.002,0.003,7.0
759,0.033,-0.048,1.491,0.000,0.002,0.003,7.0
760,0.032,-0.047,1.491,0.000,0.002,0.003,7.0
761,0.032,-0.047,1.491,0.000,0.002,0.003,7.0
762,0.031,-0.046,1.491,0.000,0.002,0.003,7.0
763,0.031,-0.046,1.491,0.000,0.002,0.003,7.0
764,0.031,-0.045,1.491,0.000,0.002,0.003,7.0
765,0.030,-0.044,1.491,0.000,0.002,0.003,7.0
766,0.030,-0.044,1.491,0.000,0.002,0.003,7.0
767,0.029,-0.043,1.491,0.000,0.002,0.002,7.0
768,0.029,-0.043,1.491,0.000,0.002,0.002,7.0
769,0.029,-0.042,1.491,0.000,0.002,0.002,7.0
770,0.028,-0.042,1.491,0.000,0.002,0.002,7.0
771,0.028,-0.041,1.491,0.000,0.002,0.002,7.0
772,0.027,-0.041,1.491,0.000,0.002,0.002,7.0
773,0.027,-0.040,1.491,0.000,0.002,0.002,7.0
774,0.027,-0.039,1.491,0.000,0.002,0.002,7.0
775,0.026,-0.039,1.491,0.000,0.002,0.002,7.0
776,0.026,-0.038,1.491,0.000,0.001,0.002,7.0
777,0.026,-0.038,1.491,0.000,0.001,0.002,7.0
778,0.025,-0.037,1.491,0.000,0.001,0.002,7.0
779,0.025,-0.037,1.491,0.000,0.001,0.002,7.0
780,0.025,-0.036,1.491,0.000,0.001,0.002,7.0
781,0.024,-0.036,1.491,0.000,0.001,0.002,7.0
782,0.024,-0.036,1.491,0.000,0.001,0.002,7.0
783,0.024,-0.035,1.491,0.000,0.001,0.002,7.0
784,0.023,-0.035,1.491,0.000,0.001,0.002,7.0
785,0.023,-0.034,1.491,0.000,0.001,0.002,7.0
786,0.023,-0.034,1.491,0.000,0.001,0.002,7.0
787,0.023,-0.033,1.491,0.000,0.001,0.002,7.0
788,0.022,-0.033,1.491,0.000,0.001,0.002,7.0
789,0.022,-0.032,1.491,0.000,0.001,0.002,7.0
790,0.022,-0.032,1.491,0.000,0.001,0.002,7.0
791,0.021,-0.032,1.491,0.000,0.001,0.002,7.0
792,0.021,-0.031,1.491,0.000,0.001,0.002,7.0
793,0.021,-0.031,1.491,0.000,0.001,0.002,7.0
794,0.021,-0.030,1.491,0.000,0.001,0.002,7.0
795,0.020,-0.030,1.491,0.000,0.001,0.002,7.0
796,0.020,-0.030,1.491,0.000,0.001,0.002,7.0
797,0.020,-0.029,1.491,0.000,0.001,0.002,7.0
798,0.019,-0.029,1.491,0.000,0.001,0.002,7.0
799,0.019,-0.028,1.491,0.000,0.001,0.002,7.0
800,0.019,-0.028,1.491,0.000,0.001,0.002,7.0
801,0.019,-0.028,1.491,0.000,0.001,0.002,7.0
802,0.018,-0.027,1.491,0.000,0.001,0.002,7.0
803,0.018,-0.027,1.491,0.000,0.001,0.002,7.0
804,0.018,-0.027,1.491,0.000,0.001,0.002,7.0
805,0.018,-0.026,1.491,0.000,0.001,0.002,7.0
806,0.018,-0.026,1.491,0.000,0.001,0.001,7.0
807,0.017,-0.026,1.491,0.000,0.001,0.001,7.0
808,0.017,-0.025,1.491,0.000,0.001,0.001,7.0
809,0.017,-0.025,1.491,0.000,0.001,0.001,7.0
810,0.017,-0.025,1.491,0.000,0.001,0.001,7.0
811,0.016,-0.024,1.491,0.000,0.001,0.001,7.0
812,0.016,-0.024,1.491,0.000,0.001,0.001,7.0
813,0.016,-0.024,1.491,0.000,0.001,0.001,7.0
814,0.016,-0.023,1.491,0.000,0.001,0.001,7.0
815,0.016,-0.023,1.491,0.000,0.001,0.001,7.0
816,0.015,-0.023,1.491,0.000,0.001,0.001,7.0
817,0.015,-0.022,1.491,0.000,0.001,0.001,7.0
818,0.015,-0.022,1.491,0.000,0.001,0.001,7.0
819,0.015,-0.022,1.491,0.000,0.001,0.001,7.0
820,0.015,-0.022,1.491,0.000,0.001,0.001,7.0
821,0.014,-0.021,1.491,0.000,0.001,0.001,7.0
822,0.014,-0.021,1.491,0.000,0.001,0.001,7.0
823,0.014,-0.021,1.491,0.000,0.001,0.001,7.0
824,0.014,-0.020,1.491,0.000,0.001,0.001,7.0
825,0.014,-0.020,1.491,0.000,0.001,0.001,7.0
826,0.013,-0.020,1.491,0.000,0.001,0.001,7.0
827,0.013,-0.020,1.491,0.000,0.001,0.001,7.0
828,0.013,-0.019,1.491,0.000,0.001,0.001,7.0
829,0.013,-0.019,1.491,0.000,0.001,0.001,7.0
830,0.013,-0.019,1.491,0.000,0.001,0.001,7.0
831,0.013,-0.019,1.491,0.000,0.001,0.001,7.0
832,0.012,-0.018,1.491,0.000,0.001,0.001,7.0
833,0.012,-0.018,1.491,0.000,0.001,0.001,7.0
834,0.012,-0.018,1.491,0.000,0.001,0.001,7.0
835,0.012,-0.018,1.491,0.000,0.001,0.001,7.0
836,0.012,-0.017,1.491,0.000,0.001,0.001,7.0
837,0.012,-0.017,1.491,0.000,0.001,0.001,7.0
838,0.012,-0.017,1.491,0.000,0.001,0.001,7.0
839,0.011,-0.017,1.491,0.000,0.001,0.001,7.0
840,0.011,-0.017,1.491,0.000,0.001,0.001,7.0
841,0.011,-0.016,1.491,0.000,0.001,0.001,7.0
842,0.011,-0.016,1.491,0.000,0.001,0.001,7.0
843,0.011,-0.016,1.491,0.000,0.001,0.001,7.0
844,0.011,-0.016,1.491,0.000,0.001,0.001,7.0
845,0.010,-0.015,1.491,0.000,0.001,0.001,7.0
846,0.010,-0.015,1.491,0.000,0.001,0.001,7.0
847,0.010,-0.015,1.491,0.000,0.001,0.001,7.0
848,0.010,-0.015,1.491,0.000,0.001,0.001,7.0
849,0.010,-0.015,1.491,0.000,0.001,0.001,7.0
850,0.010,-0.015,1.491,0.000,0.001,0.001,7.0
851,0.010,-0.014,1.491,0.000,0.001,0.001,7.0
852,0.010,-0.014,1.491,0.000,0.001,0.001,7.0
853,0.009,-0.014,1.491,0.000,0.001,0.001,7.0
854,0.009,-0.014,1.491,0.000,0.001,0.001,7.0
855,0.009,-0.014,1.491,0.000,0.001,0.001,7.0
856,0.009,-0.013,1.491,0.000,0.001,0.001,7.0
857,0.009,-0.013,1.491,0.000,0.001,0.001,7.0
858,0.009,-0.013,1.491,0.000,0.001,0.001,7.0
859,0.009,-0.013,1.491,0.000,0.000,0.001,7.0
860,0.009,-0.013,1.491,0.000,0.000,0.001,7.0
861,0.009,-0.013,1.491,0.000,0.000,0.001,7.0
862,0.008,-0.012,1.491,0.000,0.000,0.001,7.0
863,0.008,-0.012,1.491,0.000,0.000,0.001,7.0
864,0.008,-0.012,1.491,0.000,0.000,0.001,7.0
865,0.008,-0.012,1.491,0.000,0.000,0.001,7.0
866,0.008,-0.012,1.491,0.000,0.000,0.001,7.0
867,0.008,-0.012,1.491,0.000,0.000,0.001,7.0
868,0.008,-0.011,1.491,0.000,0.000,0.001,7.0
869,0.008,-0.011,1.491,0.000,0.000,0.001,7.0
870,0.008,-0.011,1.491,0.000,0.000,0.001,7.0
871,0.007,-0.011,1.491,0.000,0.000,0.001,7.0
872,0.007,-0.011,1.491,0.000,0.000,0.001,7.0
873,0.007,-0.011,1.491,0.000,0.000,0.001,7.0
874,0.007,-0.011,1.491,0.000,0.000,0.001,7.0
875,0.007,-0.010,1.491,0.000,0.000,0.001,7.0
876,0.007,-0.010,1.491,0.000,0.000,0.001,7.0
877,0.007,-0.010,1.491,0.000,0.000,0.001,7.0
878,0.007,-0.010,1.491,0.000,0.000,0.001,7.0
879,0.007,-0.010,1.491,0.000,0.000,0.001,7.0
880,0.007,-0.010,1.491,0.000,0.000,0.001,7.0
881,0.007,-0.010,1.491,0.000,0.000,0.001,7.0
882,0.006,-0.010,1.491,0.000,0.000,0.001,7.0
883,0.006,-0.009,1.491,0.000,0.000,0.001,7.0
884,0.006,-0.009,1.491,0.000,0.000,0.001,7.0
885,0.006,-0.009,1.491,0.000,0.000,0.001,7.0
886,0.006,-0.009,1.491,0.000,0.000,0.001,7.0
887,0.006,-0.009,1.491,0.000,0.000,0.001,7.0
888,0.006,-0.009,1.491,0.000,0.000,0.001,7.0
889,0.006,-0.009,1.491,0.000,0.000,0.000,7.0
890,0.006,-0.009,1.491,0.000,0.000,0.000,7.0
891,0.006,-0.008,1.491,0.000,0.000,0.000,7.0
892,0.006,-0.008,1.491,0.000,0.000,0.000,7.0
893,0.006,-0.008,1.491,0.000,0.000,0.000,7.0
894,0.006,-0.008,1.491,0.000,0.004,0.006,7.0
895,0.005,-0.008,1.491,0.000,0.006,0.009,7.0
896,0.005,-0.008,1.491,0.000,0.006,0.009,7.0
897,0.005,-0.008,1.491,0.000,0.005,0.007,7.0
898,0.005,-0.008,1.491,0.000,0.002,0.004,7.0
899,0.005,-0.008,1.491,0.000,0.000,0.000,7.0
900,0.005,-0.008,1.491,0.000,-0.001,-0.002,7.0
901,0.005,-0.008,1.491,0.000,-0.002,-0.003,7.0
902,0.005,-0.008,1.491,0.000,-0.002,-0.002,7.0
903,0.005,-0.008,1.491,0.000,-0.001,-0.001,7.0
904,0.005,-0.008,1.491,0.000,0.000,0.000,7.0
905,0.005,-0.008,1.491,0.000,0.001,0.001,7.0
906,0.005,-0.008,1.491,0.000,0.001,0.001,7.0
907,0.005,-0.008,1.491,0.000,0.001,0.001,7.0
908,0.005,-0.008,1.491,0.000,0.001,0.001,7.0
909,0.005,-0.008,1.491,0.000,0.000,0.000,7.0
910,0.005,-0.008,1.491,0.000,-0.000,-0.000,7.0
911,0.005,-0.008,1.491,0.000,-0.000,-0.000,7.0
912,0.005,-0.008,1.491,0.000,-0.000,-0.000,7.0
913,0.005,-0.008,1.491,0.000,-0.000,-0.000,7.0
914,0.005,-0.008,1.491,0.000,-0.000,-0.000,7.0
915,0.005,-0.008,1.491,0.000,0.000,0.000,7.0
916,0.005,-0.008,1.491,0.000,0.000,0.000,7.0
917,0.005,-0.008,1.491,0.000,0.000,0.000,7.0
918,0.005,-0.008,1.491,0.000,0.000,0.000,7.0
919,0.005,-0.008,1.491,0.000,0.000,0.000,7.0
920,0.005,-0.008,1.491,0.000,0.000,0.000,7.0
921,0.005,-0.008,1.491,0.000,-0.000,-0.000,7.0
922,0.005,-0.008,1.491,0.000,-0.000,-0.000,7.0
923,0.005,-0.008,1.491,0.000,-0.000,-0.000,7.0
924,0.005,-0.008,1.491,0.000,-0.000,-0.000,7.0
925,0.005,-0.008,1.491,0.000,-0.000,-0.000,7.0
926,0.005,-0.008,1.491,0.000,0.000,0.000,7.0
927,0.005,-0.008,1.491,0.000,0.000,0.000,7.0
928,0.005,-0.008,1.491,0.000,0.000,0.000,7.0
929,0.005,-0.008,1.491,0.000,0.000,0.000,7.0
930,0.005,-0.008,1.491,0.000,0.000,0.000,7.0
931,0.005,-0.008,1.491,0.000,-0.000,-0.000,7.0
932,0.005,-0.008,1.491,0.000,-0.000,-0.000,7.0
933,0.005,-0.008,1.491,0.000,-0.000,-0.000,7.0
934,0.005,-0.008,1.491,0.000,-0.000,-0.000,7.0
935,0.005,-0.008,1.491,0.000,-0.000,-0.000,7.0
936,0.005,-0.008,1.491,0.000,-0.000,-0.000,7.0
937,0.005,-0.008,1.491,0.000,0.000,0.000,7.0
938,0.005,-0.008,1.491,0.000,0.000,0.000,7.0
939,0.005,-0.008,1.491,0.000,0.000,0.000,7.0
940,0.005,-0.008,1.491,0.000,0.000,0.000,7.0
941,0.005,-0.008,1.491,0.000,0.000,0.000,7.0
942,0.005,-0.008,1.491,0.000,-0.000,-0.000,7.0
943,0.005,-0.008,1.491,0.000,-0.000,-0.000,7.0
944,0.005,-0.008,1.491,0.000,-0.000,-0.000,7.0
945,0.005,-0.008,1.491,0.000,-0.000,-0.000,7.0
946,0.005,-0.008,1.491,0.000,-0.000,-0.000,7.0
947,0.005,-0.008,1.491,0.000,0.000,0.000,7.0
948,0.005,-0.008,1.491,0.000,0.000,0.000,7.0
949,0.005,-0.008,1.491,0.000,0.000,0.000,7.0
950,0.005,-0.008,1.491,0.000,0.000,0.000,7.0
951,0.005,-0.008,1.491,0.000,0.000,0.000,7.0
952,0.005,-0.008,1.491,0.000,0.000,0.000,7.0
953,0.005,-0.008,1.491,0.000,-0.000,-0.000,7.0
954,0.005,-0.008,1.491,0.000,-0.000,-0.000,7.0
955,0.005,-0.008,1.491,0.000,-0.000,-0.000,7.0
956,0.005,-0.008,1.491,0.000,-0.000,-0.000,7.0
957,0.005,-0.008,1.491,0.000,-0.000,-0.000,7.0
958,0.005,-0.008,1.491,0.000,0.000,0.000,7.0
959,0.005,-0.008,1.491,0.000,0.000,0.000,7.0
960,0.005,-0.008,1.491,0.000,0.000,0.000,7.0
961,0.005,-0.008,1.491,0.000,0.000,0.000,7.0
962,0.005,-0.008,1.491,0.000,0.000,0.000,7.0
963,0.005,-0.008,1.491,0.000,-0.000,-0.000,7.0
964,0.005,-0.008,1.491,0.000,-0.000,-0.000,7.0
965,0.005,-0.008,1.491,0.000,-0.000,-0.000,7.0
966,0.005,-0.008,1.491,0.000,-0.000,-0.000,7.0
967,0.005,-0.008,1.491,0.000,-0.000,-0.000,7.0
968,0.005,-0.008,1.491,0.000,-0.000,-0.000,7.0
969,0.005,-0.008,1.491,0.000,0.000,0.000,7.0
970,0.005,-0.008,1.491,0.000,0.000,0.000,7.0
971,0.005,-0.008,1.491,0.000,0.000,0.000,7.0
972,0.005,-0.008,1.491,0.000,0.000,0.000,7.0
973,0.005,-0.008,1.491,0.000,0.000,0.000,7.0
974,0.005,-0.008,1.491,0.000,-0.000,-0.000,7.0
975,0.005,-0.008,1.491,0.000,-0.000,-0.000,7.0
976,0.005,-0.008,1.491,0.000,-0.000,-0.000,7.0
977,0.005,-0.008,1.491,0.000,-0.000,-0.000,7.0
978,0.005,-0.008,1.491,0.000,-0.000,-0.000,7.0
979,0.005,-0.008,1.491,0.000,0.000,0.000,7.0
980,0.005,-0.008,1.491,0.000,0.000,0.000,7.0
981,0.005,-0.008,1.491,0.000,0.000,0.000,7.0
982,0.005,-0.008,1.491,0.000,0.000,0.000,7.0
983,0.005,-0.008,1.491,0.000,0.000,0.000,7.0
984,0.005,-0.008,1.491,0.000,0.000,0.000,7.0
985,0.005,-0.008,1.491,0.000,-0.000,-0.000,7.0
986,0.005,-0.008,1.491,0.000,-0.000,-0.000,7.0
987,0.005,-0.008,1.491,0.000,-0.000,-0.000,7.0
988,0.005,-0.008,1.491,0.000,-0.000,-0.000,7.0
989,0.005,-0.008,1.491,0.000,-0.000,-0.000,7.0
990,0.005,-0.008,1.491,0.000,0.000,0.000,7.0
991,0.005,-0.008,1.491,0.000,0.000,0.000,7.0
992,0.005,-0.008,1.491,0.000,0.000,0.000,7.0
993,0.005,-0.008,1.491,0.000,0.000,0.000,7.0
994,0.005,-0.008,1.491,0.000,0.000,0.000,7.0
995,0.005,-0.008,1.491,0.000,-0.000,-0.000,7.0
996,0.005,-0.008,1.491,0.000,-0.000,-0.000,7.0
997,0.005,-0.008,1.491,0.000,-0.000,-0.000,7.0
998,0.005,-0.008,1.491,0.000,-0.000,-0.000,7.0
999,0.005,-0.008,1.491,0.000,-0.000,-0.000,7.0
1000,0.005,-0.008,1.491,0.000,-0.000,-0.000,7.0
1001,0.005,-0.008,1.491,0.000,0.000,0.000,7.0
1002,0.005,-0.008,1.491,0.000,0.000,0.000,7.0
1003,0.005,-0.008,1.491,0.000,0.000,0.000,7.0
1004,0.005,-0.008,1.491,0.000,0.000,0.000,7.0
1005,0.005,-0.008,1.491,0.000,0.000,0.000,7.0
1006,0.005,-0.008,1.491,0.000,-0.000,-0.000,7.0
1007,0.005,-0.008,1.491,0.000,-0.000,-0.000,7.0
1008,0.005,-0.008,1.491,0.000,-0.000,-0.000,7.0
1009,0.005,-0.008,1.491,0.000,-0.000,-0.000,7.0
1010,0.005,-0.008,1.491,0.000,-0.000,-0.000,7.0
1011,0.005,-0.008,1.491,0.000,0.000,0.000,7.0
1012,0.005,-0.008,1.491,0.000,0.000,0.000,7.0
1013,0.005,-0.008,1.491,0.000,0.000,0.000,7.0
1014,0.005,-0.008,1.491,0.000,0.000,0.000,7.0
1015,0.005,-0.008,1.491,0.000,0.000,0.000,7.0
1016,0.005,-0.008,1.491,0.000,0.000,0.000,7.0
1017,0.005,-0.008,1.491,0.000,-0.000,-0.000,7.0
1018,0.005,-0.008,1.491,0.000,-0.000,-0.000,7.0
1019,0.005,-0.008,1.491,0.000,-0.000,-0.000,7.0
1020,0.005,-0.008,1.491,0.000,-0.000,-0.000,7.0
1021,0.005,-0.008,1.491,0.000,-0.000,-0.000,7.0
1022,0.005,-0.008,1.491,0.000,0.000,0.000,7.0
1023,0.005,-0.008,1.491,0.000,0.000,0.000,7.0
1024,0.005,-0.008,1.491,0.000,0.000,0.000,7.0
1025,0.005,-0.008,1.491,0.000,0.000,0.000,7.0
1026,0.005,-0.008,1.491,0.000,0.000,0.000,7.0
1027,0.005,-0.008,1.491,0.000,-0.000,-0.000,7.0
1028,0.005,-0.008,1.491,0.000,-0.000,-0.000,7.0
1029,0.005,-0.008,1.491,0.000,-0.000,-0.000,7.0
1030,0.005,-0.008,1.491,0.000,-0.000,-0.000,7.0
1031,0.005,-0.008,1.491,0.000,-0.000,-0.000,7.0
1032,0.005,-0.008,1.491,0.000,-0.000,-0.000,7.0
1033,0.005,-0.008,1.491,0.000,0.000,0.000,7.0
1034,0.005,-0.008,1.491,0.000,0.000,0.000,7.0
1035,0.005,-0.008,1.491,0.000,0.000,0.000,7.0
1036,0.005,-0.008,1.491,0.000,0.000,0.000,7.0
1037,0.005,-0.008,1.491,0.000,0.000,0.000,7.0
1038,0.005,-0.008,1.491,0.000,-0.000,-0.000,7.0
1039,0.005,-0.008,1.491,0.000,-0.000,-0.000,7.0
1040,0.005,-0.008,1.491,0.000,-0.000,-0.000,7.0
1041,0.005,-0.008,1.491,0.000,-0.000,-0.000,7.0
1042,0.005,-0.008,1.491,0.000,-0.000,-0.000,7.0
1043,0.005,-0.008,1.491,0.000,0.000,0.000,7.0
1044,0.005,-0.008,1.491,0.000,0.000,0.000,7.0
1045,0.005,-0.008,1.491,0.000,0.000,0.000,7.0
1046,0.005,-0.008,1.491,0.000,0.000,0.000,7.0
1047,0.005,-0.008,1.491,0.000,0.000,0.000,7.0
1048,0.005,-0.008,1.491,0.000,0.000,0.000,7.0
1049,0.005,-0.008,1.491,0.000,-0.000,-0.000,7.0
1050,0.005,-0.008,1.491,0.000,-0.000,-0.000,7.0
1051,0.005,-0.008,1.491,0.000,-0.000,-0.000,7.0
1052,0.005,-0.008,1.491,0.000,-0.000,-0.000,7.0
1053,0.005,-0.008,1.491,0.000,-0.000,-0.000,7.0
1054,0.005,-0.008,1.491,0.000,-0.000,0.000,7.0
1055,0.005,-0.008,1.491,0.000,-0.000,0.000,7.0
1056,0.005,-0.008,1.491,0.000,-0.000,0.000,7.0
1057,0.005,-0.008,1.491,0.000,0.000,0.000,7.0
1058,0.005,-0.008,1.491,0.000,0.000,0.000,7.0
1059,0.005,-0.008,1.491,0.000,0.000,0.000,7.0
1060,0.005,-0.008,1.491,0.000,-0.000,0.000,7.0
1061,0.005,-0.008,1.491,0.000,-0.000,0.000,7.0
1062,0.005,-0.008,1.491,0.000,-0.000,0.000,7.0
1063,0.005,-0.008,1.491,0.000,-0.000,0.000,7.0
1064,0.005,-0.008,1.491,0.000,-0.000,0.000,7.0
1065,0.005,-0.008,1.491,0.000,-0.000,-0.000,7.0
1066,0.005,-0.008,1.491,0.000,-0.000,-0.000,7.0
1067,0.005,-0.008,1.491,0.000,-0.000,-0.000,7.0
1068,0.005,-0.008,1.491,0.000,-0.000,-0.000,7.0
1069,0.005,-0.008,1.491,0.000,0.000,-0.000,7.0
1070,0.005,-0.008,1.491,0.000,0.000,-0.000,7.0
1071,0.005,-0.008,1.491,0.000,0.000,-0.000,7.0
1072,0.005,-0.008,1.491,0.000,0.000,-0.000,7.0
1073,0.005,-0.008,1.491,0.000,0.000,0.000,7.0
1074,0.005,-0.008,1.491,0.000,0.000,-0.000,7.0
1075,0.005,-0.008,1.491,0.000,0.000,-0.000,7.0
1076,0.005,-0.008,1.491,0.000,0.000,-0.000,7.0
1077,0.005,-0.008,1.491,0.000,0.000,-0.000,7.0
1078,0.005,-0.008,1.491,0.000,-0.000,-0.000,7.0
1079,0.005,-0.008,1.491,0.000,0.000,0.000,7.0
1080,0.005,-0.008,1.491,0.000,0.000,0.000,7.0
1081,0.005,-0.008,1.491,0.000,-0.000,-0.000,7.0
1082,0.005,-0.008,1.491,0.000,0.000,-0.000,7.0
1083,0.005,-0.008,1.491,0.000,0.000,-0.000,7.0
1084,0.005,-0.008,1.491,0.000,0.000,-0.000,7.0
1085,0.005,-0.008,1.491,0.000,-0.000,-0.000,7.0
1086,0.005,-0.008,1.491,0.000,-0.000,-0.000,7.0
1087,0.005,-0.008,1.491,0.000,-0.000,-0.000,7.0
1088,0.005,-0.008,1.491,0.000,-0.000,-0.000,7.0
1089,0.005,-0.008,1.491,0.000,0.000,-0.000,7.0
1090,0.005,-0.008,1.491,0.000,0.000,-0.000,7.0
1091,0.005,-0.008,1.491,0.000,0.000,-0.000,7.0
1092,0.005,-0.008,1.491,0.000,-0.000,0.000,7.0
1093,0.005,-0.008,1.491,0.000,0.000,-0.000,7.0
1094,0.005,-0.008,1.491,0.000,0.000,-0.000,7.0
1095,0.005,-0.008,1.491,0.000,-0.000,-0.000,7.0
1096,0.005,-0.008,1.491,0.000,0.000,-0.000,7.0
1097,0.005,-0.008,1.491,0.000,0.000,-0.000,7.0
1098,0.005,-0.008,1.491,0.000,0.000,0.000,7.0
1099,0.005,-0.008,1.491,0.000,-0.000,-0.000,7.0
1100,0.005,-0.008,1.491,0.000,-0.000,-0.000,7.0
1101,0.005,-0.008,1.491,0.000,-0.000,-0.000,7.0
1102,0.005,-0.008,1.491,0.000,-0.000,-0.000,7.0
1103,0.005,-0.008,1.491,0.000,0.000,-0.000,7.0
1104,0.005,-0.008,1.491,0.000,0.000,-0.000,7.0
1105,0.005,-0.008,1.491,0.000,0.000,0.000,7.0
1106,0.005,-0.008,1.491,0.000,-0.000,0.000,7.0
1107,0.005,-0.008,1.491,0.000,0.000,-0.000,7.0
1108,0.005,-0.008,1.491,0.000,0.000,-0.000,7.0
1109,0.005,-0.008,1.491,0.000,-0.000,-0.000,7.0
1110,0.005,-0.008,1.491,0.000,0.000,-0.000,7.0
1111,0.005,-0.008,1.491,0.000,0.000,-0.000,7.0
1112,0.005,-0.008,1.491,0.000,0.000,-0.000,7.0
1113,0.005,-0.008,1.491,0.000,-0.000,-0.000,7.0
1114,0.005,-0.008,1.491,0.000,-0.000,-0.000,7.0
1115,0.005,-0.008,1.491,0.000,-0.000,-0.000,7.0
1116,0.005,-0.008,1.491,0.000,-0.000,0.000,7.0
1117,0.005,-0.008,1.491,0.000,0.000,-0.000,7.0
1118,0.005,-0.008,1.491,0.000,0.000,-0.000,7.0
1119,0.005,-0.008,1.491,0.000,0.000,-0.000,7.0
1120,0.005,-0.008,1.491,0.000,-0.000,-0.000,7.0
1121,0.005,-0.008,1.491,0.000,0.000,-0.000,7.0
1122,0.005,-0.008,1.491,0.000,0.000,0.000,7.0
1123,0.005,-0.008,1.491,0.000,-0.000,-0.000,7.0
1124,0.005,-0.008,1.491,0.000,0.000,-0.000,7.0
1125,0.005,-0.008,1.491,0.000,0.000,-0.000,7.0
1126,0.005,-0.008,1.491,0.000,0.000,-0.000,7.0
1127,0.005,-0.008,1.491,0.000,-0.000,-0.000,7.0
1128,0.005,-0.008,1.491,0.000,0.000,-0.000,7.0
1129,0.005,-0.008,1.491,0.000,0.000,0.000,7.0
1130,0.005,-0.008,1.491,0.000,-0.000,0.000,7.0
1131,0.005,-0.008,1.491,0.000,0.000,-0.000,7.0
1132,0.005,-0.008,1.491,0.000,0.000,-0.000,7.0
1133,0.005,-0.008,1.491,0.000,0.000,-0.000,7.0
1134,0.005,-0.008,1.491,0.000,0.000,-0.000,7.0
1135,0.005,-0.008,1.491,0.000,0.000,0.000,7.0
1136,0.005,-0.008,1.491,0.000,0.000,0.000,7.0
1137,0.005,-0.008,1.491,0.000,0.000,-0.000,7.0
1138,0.005,-0.008,1.491,0.000,0.000,-0.000,7.0
1139,0.005,-0.008,1.491,0.000,-0.000,-0.000,7.0
1140,0.005,-0.008,1.491,0.000,0.000,-0.000,7.0
1141,0.005,-0.008,1.491,0.000,0.000,-0.000,7.0
1142,0.005,-0.008,1.491,0.000,-0.000,-0.000,7.0
1143,0.005,-0.008,1.491,0.000,0.000,0.000,7.0
1144,0.005,-0.008,1.491,0.000,0.000,-0.000,7.0
1145,0.005,-0.008,1.491,0.000,-0.000,-0.000,7.0
1146,0.005,-0.008,1.491,0.000,0.000,-0.000,7.0
1147,0.005,-0.008,1.491,0.000,0.000,-0.000,7.0
1148,0.005,-0.008,1.491,0.000,-0.000,-0.000,7.0
1149,0.005,-0.008,1.491,0.000,0.000,-0.000,7.0
1150,0.005,-0.008,1.491,0.000,0.000,-0.000,7.0
1151,0.005,-0.008,1.491,0.000,-0.000,0.000,7.0
1152,0.005,-0.008,1.491,0.000,0.000,-0.000,7.0
1153,0.005,-0.008,1.491,0.000,0.000,-0.000,7.0
1154,0.005,-0.008,1.491,0.000,0.000,-0.000,7.0
1155,0.005,-0.008,1.491,0.000,-0.000,-0.000,7.0
1156,0.005,-0.008,1.491,0.000,0.000,-0.000,7.0
1157,0.005,-0.008,1.491,0.000,0.000,-0.000,7.0
1158,0.005,-0.008,1.491,0.000,-0.000,-0.000,7.0
1159,0.005,-0.008,1.491,0.000,0.000,0.000,7.0
1160,0.005,-0.008,1.491,0.000,0.000,-0.000,7.0
1161,0.005,-0.008,1.491,0.000,0.000,-0.000,7.0
1162,0.005,-0.008,1.491,0.000,-0.000,-0.000,7.0
1163,0.005,-0.008,1.491,0.000,0.000,-0.000,7.0
1164,0.005,-0.008,1.491,0.000,0.000,-0.000,7.0
1165,0.005,-0.008,1.491,0.000,-0.000,-0.000,7.0
1166,0.005,-0.008,1.491,0.000,0.000,-0.000,7.0
1167,0.005,-0.008,1.491,0.000,0.000,0.000,7.0
1168,0.005,-0.008,1.491,0.000,0.000,-0.000,7.0
1169,0.005,-0.008,1.491,0.000,-0.000,-0.000,7.0
1170,0.005,-0.008,1.491,0.000,0.000,-0.000,7.0
1171,0.005,-0.008,1.491,0.000,0.000,-0.000,7.0
1172,0.005,-0.008,1.491,0.000,-0.000,-0.000,7.0
1173,0.005,-0.008,1.491,0.000,0.000,-0.000,7.0
1174,0.005,-0.008,1.491,0.000,0.000,-0.000,7.0
1175,0.005,-0.008,1.491,0.000,-0.000,0.000,7.0
1176,0.005,-0.008,1.491,0.000,-0.000,-0.000,7.0
1177,0.005,-0.008,1.491,0.000,0.000,-0.000,7.0
1178,0.005,-0.008,1.491,0.000,0.000,-0.000,7.0
1179,0.005,-0.008,1.491,0.000,-0.000,-0.000,7.0
1180,0.005,-0.008,1.491,0.000,0.000,-0.000,7.0
1181,0.005,-0.008,1.491,0.000,0.000,-0.000,7.0
1182,0.005,-0.008,1.491,0.000,0.000,-0.000,7.0
1183,0.005,-0.008,1.491,0.000,-0.000,-0.000,7.0
1184,0.005,-0.008,1.491,0.000,0.000,-0.000,7.0
1185,0.005,-0.008,1.491,0.000,0.000,-0.000,7.0
1186,0.005,-0.008,1.491,0.000,-0.000,-0.000,7.0
1187,0.005,-0.008,1.491,0.000,0.000,-0.000,7.0
1188,0.005,-0.008,1.491,0.000,0.000,-0.000,7.0
1189,0.005,-0.008,1.491,0.000,0.000,-0.000,7.0
1190,0.005,-0.008,1.491,0.000,-0.000,-0.000,7.0
1191,0.005,-0.008,1.491,0.000,-0.000,-0.000,7.0
1192,0.005,-0.008,1.491,0.000,-0.000,-0.000,7.0
1193,0.005,-0.008,1.491,0.000,-0.000,-0.000,7.0
1194,0.005,-0.008,1.491,0.000,0.000,0.000,7.0
1195,0.005,-0.008,1.491,0.000,0.000,-0.000,7.0
1196,0.005,-0.008,1.491,0.000,0.000,-0.000,7.0
1197,0.005,-0.008,1.491,0.000,-0.000,-0.000,7.0
1198,0.005,-0.008,1.491,0.000,0.000,-0.000,7.0
1199,0.005,-0.008,1.491,0.000,0.000,0.000,7.0
1200,0.005,-0.008,1.491,0.000,0.000,-0.000,7.0
