1,-5.000,0.500,0.000,0.000,0.000,0.000,1
2,-5.000,0.500,0.153,0.000,0.000,0.000,1
3,-5.000,0.500,0.473,0.000,0.000,0.000,1
4,-5.000,0.500,0.808,0.000,0.000,0.000,1
5,-5.000,0.500,1.088,0.000,0.000,0.000,1
6,-5.000,0.500,1.290,0.000,0.000,0.000,1
7,-5.000,0.500,1.420,0.000,0.000,0.000,1
8,-5.000,0.500,1.493,0.000,0.000,0.000,1
9,-5.000,0.500,1.522,0.000,0.000,0.000,1
10,-5.000,0.500,1.534,0.000,0.000,0.000,1
11,-5.000,0.500,1.533,0.000,0.000,0.000,1
12,-5.000,0.500,1.527,0.000,0.000,0.000,1
13,-5.000,0.500,1.519,0.000,0.000,0.000,1
14,-5.000,0.500,1.512,0.000,0.000,0.000,1
15,-5.000,0.500,1.506,0.000,0.000,0.000,1
16,-5.000,0.500,1.506,0.000,0.000,0.000,1
17,-5.000,0.500,1.507,0.000,0.000,0.000,1
18,-5.000,0.500,1.507,0.000,0.000,0.000,1
19,-5.000,0.500,1.508,0.000,0.000,0.000,1
20,-5.000,0.500,1.508,0.000,0.000,0.000,1
21,-5.000,0.500,1.509,0.000,0.000,0.000,1
22,-5.000,0.500,1.509,0.000,0.000,0.000,1
23,-5.000,0.500,1.509,0.000,0.000,0.000,1
24,-5.000,0.500,1.509,0.000,0.000,0.000,1
25,-5.000,0.500,1.510,0.000,0.000,0.000,1
26,-5.000,0.500,1.510,0.000,0.000,0.000,1
27,-5.000,0.500,1.510,0.000,0.000,0.000,1
28,-5.000,0.500,1.510,0.000,0.000,0.000,1
29,-5.000,0.500,1.504,0.000,0.000,0.000,1
30,-5.000,0.500,1.503,0.000,0.000,0.000,1
31,-5.000,0.500,1.502,0.000,0.000,0.000,1
32,-5.000,0.500,1.501,0.000,0.000,0.000,1
33,-5.000,0.500,1.500,0.000,0.000,0.000,1
34,-5.000,0.500,1.499,0.000,0.000,0.000,1
35,-5.000,0.500,1.499,0.000,0.000,0.000,1
36,-5.000,0.500,1.498,0.000,0.000,0.000,1
37,-5.000,0.500,1.497,0.000,0.000,0.000,1
38,-5.000,0.500,1.497,0.000,0.000,0.000,1
39,-5.000,0.500,1.496,0.000,0.000,0.000,1
40,-5.000,0.500,1.496,0.000,0.000,0.000,1
41,-5.000,0.500,1.496,0.000,0.000,0.000,1
42,-5.000,0.500,1.496,-0.000,0.021,0.013,31.0
43,-5.000,0.500,1.496,-0.000,0.037,0.022,31.0
44,-5.000,0.500,1.496,-0.000,0.042,0.024,31.0
45,-4.999,0.500,1.495,-0.000,0.037,0.019,31.0
46,-4.999,0.499,1.495,-0.000,0.026,0.011,31.0
47,-4.998,0.499,1.495,-0.000,0.014,0.003,31.0
48,-4.998,0.499,1.495,-0.000,0.005,-0.003,31.0
49,-4.997,0.498,1.495,-0.000,0.001,-0.005,31.0
50,-4.996,0.498,1.495,-0.000,0.002,-0.004,31.0
51,-4.996,0.498,1.495,-0.000,0.006,-0.001,31.0
52,-4.995,0.498,1.495,-0.000,0.011,0.002,31.0
53,-4.994,0.497,1.495,-0.000,0.016,0.005,31.0
54,-4.994,0.497,1.495,-0.000,0.018,0.006,31.0
55,-4.993,0.497,1.495,-0.000,0.018,0.006,31.0
56,-4.992,0.496,1.495,-0.000,0.016,0.005,31.0
57,-4.991,0.496,1.495,-0.000,0.014,0.003,31.0
58,-4.990,0.496,1.495,-0.000,0.011,0.002,31.0
59,-4.989,0.495,1.495,-0.000,0.010,0.001,31.0
60,-4.988,0.495,1.496,-0.000,0.009,0.000,31.0
61,-4.987,0.494,1.496,-0.000,0.009,0.001,31.0
62,-4.986,0.494,1.496,-0.000,0.010,0.001,31.0
63,-4.984,0.494,1.496,-0.000,0.011,0.002,31.0
64,-4.983,0.493,1.496,-0.000,0.012,0.002,31.0
65,-4.982,0.493,1.496,-0.000,0.012,0.002,31.0
66,-4.981,0.492,1.496,-0.000,0.012,0.002,31.0
67,-4.979,0.492,1.497,-0.000,0.005,-0.007,28.0
68,-4.978,0.492,1.497,-0.000,-0.000,-0.013,28.0
69,-4.977,0.491,1.497,-0.000,-0.002,-0.014,28.0
70,-4.975,0.491,1.497,-0.000,0.000,-0.011,28.0
71,-4.974,0.491,1.497,-0.000,0.003,-0.006,28.0
72,-4.972,0.490,1.497,-0.000,0.005,0.001,28.0
73,-4.971,0.490,1.497,-0.000,0.004,0.005,28.0
74,-4.970,0.490,1.498,-0.000,0.003,0.007,28.0
75,-4.968,0.489,1.498,-0.000,-0.071,-0.010,25.0
76,-4.967,0.489,1.498,-0.000,-0.119,-0.023,25.0
77,-4.966,0.489,1.498,-0.000,-0.125,-0.027,25.0
78,-4.966,0.489,1.498,-0.000,-0.097,-0.023,25.0
79,-4.966,0.489,1.498,-0.000,-0.045,-0.011,25.0
80,-4.966,0.489,1.498,-0.000,0.006,0.003,25.0
81,-4.966,0.489,1.498,-0.000,0.039,0.012,25.0
82,-4.966,0.489,1.498,-0.000,0.040,0.010,22.0
83,-4.966,0.489,1.498,-0.000,0.025,0.004,22.0
84,-4.966,0.489,1.498,-0.000,0.004,-0.002,22.0
85,-4.965,0.489,1.498,-0.000,-0.014,-0.006,22.0
86,-4.965,0.489,1.498,-0.000,-0.017,-0.005,22.0
87,-4.965,0.488,1.498,-0.000,-0.012,0.000,22.0
88,-4.965,0.488,1.499,-0.000,-0.004,0.007,22.0
89,-4.965,0.488,1.499,-0.000,0.003,0.010,22.0
90,-4.965,0.488,1.499,-0.000,0.007,0.010,22.0
91,-4.964,0.488,1.499,-0.000,-0.001,-0.000,19.0
92,-4.964,0.488,1.499,-0.000,-0.008,-0.009,19.0
93,-4.964,0.488,1.499,-0.000,-0.011,-0.013,19.0
94,-4.964,0.488,1.499,-0.000,-0.005,-0.010,19.0
95,-4.964,0.488,1.499,-0.000,0.005,-0.003,19.0
96,-4.964,0.488,1.499,-0.000,0.013,0.004,19.0
97,-4.964,0.488,1.499,-0.000,0.015,0.009,19.0
98,-4.964,0.488,1.499,-0.000,0.012,0.010,19.0
99,-4.964,0.488,1.499,-0.000,0.006,0.008,19.0
100,-4.963,0.488,1.499,-0.000,-0.009,-0.001,16.0
101,-4.963,0.487,1.499,-0.000,-0.019,-0.009,16.0
102,-4.963,0.487,1.499,-0.000,-0.016,-0.009,16.0
103,-4.963,0.487,1.499,-0.000,-0.005,-0.006,16.0
104,-4.963,0.487,1.499,-0.000,0.007,-0.001,16.0
105,-4.963,0.487,1.499,-0.000,0.016,0.005,16.0
106,-4.963,0.487,1.499,-0.000,0.018,0.011,16.0
107,-4.962,0.487,1.499,-0.000,0.014,0.015,16.0
108,-4.962,0.487,1.499,-0.000,0.007,0.014,16.0
109,-4.962,0.487,1.499,-0.000,0.001,0.009,16.0
110,-4.962,0.487,1.499,-0.000,-0.016,-0.006,13.0
111,-4.961,0.486,1.499,-0.000,-0.026,-0.018,13.0
112,-4.961,0.486,1.499,-0.000,-0.026,-0.022,13.0
113,-4.961,0.486,1.499,-0.000,-0.013,-0.016,13.0
114,-4.961,0.486,1.499,-0.000,0.003,-0.006,13.0
115,-4.961,0.486,1.499,-0.000,0.017,0.005,13.0
116,-4.961,0.486,1.499,-0.000,0.021,0.011,13.0
117,-4.961,0.486,1.499,-0.000,0.018,0.013,13.0
118,-4.961,0.486,1.499,-0.000,0.001,0.005,10.0
119,-4.961,0.486,1.499,-0.000,-0.014,-0.003,10.0
120,-4.960,0.486,1.499,-0.000,-0.021,-0.008,10.0
121,-4.960,0.486,1.499,-0.000,-0.020,-0.010,10.0
122,-4.960,0.486,1.499,-0.000,-0.006,-0.005,10.0
123,-4.960,0.486,1.499,-0.000,0.009,0.002,10.0
124,-4.960,0.486,1.499,-0.000,0.018,0.007,10.0
125,-4.960,0.486,1.499,-0.000,0.019,0.009,10.0
126,-4.960,0.486,1.499,-0.000,0.005,0.003,7.0
127,-4.960,0.486,1.499,-0.000,-0.008,-0.003,7.0
128,-4.960,0.486,1.499,-0.000,-0.016,-0.007,7.0
129,-4.960,0.485,1.499,-0.000,-0.018,-0.008,7.0
130,-4.960,0.485,1.499,-0.000,-0.006,-0.003,7.0
131,-4.960,0.485,1.499,-0.000,0.008,0.003,7.0
132,-4.960,0.485,1.499,-0.000,0.016,0.008,7.0
133,-4.959,0.485,1.499,-0.000,0.008,0.004,4.0
134,-4.959,0.485,1.499,-0.000,-0.002,-0.001,4.0
135,-4.959,0.485,1.499,-0.000,-0.009,-0.004,4.0
136,-4.959,0.485,1.499,-0.000,-0.012,-0.006,4.0
137,-4.959,0.485,1.499,-0.000,-0.011,-0.005,4.0
138,-4.959,0.485,1.499,-0.000,-0.000,0.001,4.0
139,-4.959,0.485,1.499,-0.000,0.010,0.008,4.0
140,-4.959,0.485,1.499,-0.000,0.216,0.071,4.0
141,-4.958,0.485,1.500,-0.000,0.345,0.110,1
142,-4.956,0.484,1.500,-0.000,0.347,0.108,1
143,-4.953,0.483,1.500,-0.000,0.037,0.233,1
144,-4.950,0.481,1.499,-0.000,-0.239,0.292,1
145,-4.948,0.479,1.499,-0.000,-0.407,0.248,1
146,-4.946,0.475,1.499,-0.000,-0.444,0.127,1
147,-4.947,0.471,1.499,-0.000,-0.278,-0.171,1
148,-4.948,0.468,1.499,0.000,-0.196,-0.546,39.0
149,-4.950,0.466,1.499,0.000,-0.108,-0.706,39.0
150,-4.952,0.466,1.499,0.000,-0.026,-0.635,39.0
151,-4.955,0.469,1.500,0.000,0.029,-0.413,39.0
152,-4.957,0.473,1.500,0.000,0.178,0.032,39.0
153,-4.959,0.477,1.500,0.000,0.126,0.192,39.0
154,-4.961,0.481,1.500,0.000,0.027,0.212,39.0
155,-4.962,0.484,1.500,0.000,-0.060,0.147,39.0
156,-4.964,0.486,1.500,0.000,-0.111,0.045,39.0
157,-4.965,0.489,1.500,0.000,-0.118,-0.052,39.0
158,-4.968,0.491,1.500,0.000,-0.090,-0.112,39.0
159,-4.970,0.494,1.500,0.000,-0.045,-0.126,39.0
160,-4.973,0.497,1.500,0.000,-0.000,-0.101,39.0
161,-4.976,0.501,1.501,0.000,0.030,-0.055,39.0
162,-4.979,0.504,1.501,0.000,0.042,-0.008,39.0
163,-4.981,0.508,1.501,0.000,0.036,0.027,39.0
164,-4.984,0.512,1.501,0.000,0.021,0.043,39.0
165,-4.986,0.516,1.501,0.000,0.002,0.040,39.0
166,-4.989,0.519,1.501,0.000,-0.012,0.025,39.0
167,-4.991,0.523,1.501,0.000,-0.018,0.006,39.0
168,-4.993,0.526,1.501,0.000,-0.017,-0.009,39.0
169,-4.996,0.529,1.501,0.000,-0.011,-0.018,39.0
170,-4.999,0.533,1.501,0.000,-0.003,-0.018,39.0
171,-5.001,0.536,1.501,0.000,0.004,-0.013,39.0
172,-5.004,0.540,1.501,0.000,0.008,-0.004,39.0
173,-5.006,0.544,1.501,0.000,0.009,0.003,39.0
174,-5.009,0.547,1.501,0.000,0.007,0.008,39.0
175,-5.012,0.551,1.501,0.000,0.004,0.009,39.0
176,-5.014,0.554,1.501,0.000,0.001,0.008,39.0
177,-5.017,0.558,1.501,0.000,-0.001,0.005,39.0
178,-5.019,0.562,1.501,0.000,-0.002,0.002,39.0
179,-5.022,0.565,1.501,0.000,-0.002,-0.000,39.0
180,-5.024,0.569,1.501,0.000,-0.000,-0.001,39.0
181,-5.027,0.572,1.501,0.000,0.001,-0.001,39.0
182,-5.029,0.576,1.502,0.000,0.002,-0.000,39.0
183,-5.032,0.579,1.502,0.000,0.003,0.001,39.0
184,-5.035,0.583,1.502,0.000,0.003,0.002,39.0
185,-5.037,0.587,1.502,0.000,0.002,0.003,39.0
186,-5.040,0.590,1.502,0.000,0.002,0.003,39.0
187,-5.042,0.594,1.502,0.000,0.001,0.003,39.0
188,-5.045,0.597,1.502,0.000,0.001,0.002,39.0
189,-5.047,0.601,1.502,0.000,0.001,0.002,39.0
190,-5.050,0.604,1.502,0.000,0.001,0.001,39.0
191,-5.053,0.608,1.502,0.000,0.001,0.001,39.0
192,-5.055,0.612,1.502,0.000,0.000,0.002,39.0
193,-5.058,0.615,1.502,0.000,0.001,0.002,39.0
194,-5.060,0.619,1.502,0.000,0.002,0.002,39.0
195,-5.063,0.622,1.502,0.000,0.002,0.002,39.0
196,-5.065,0.626,1.502,0.000,0.002,0.002,39.0
197,-5.068,0.630,1.502,0.000,0.002,0.002,39.0
198,-5.070,0.633,1.502,0.000,0.002,0.002,39.0
199,-5.073,0.637,1.502,0.000,0.001,0.002,39.0
200,-5.076,0.640,1.502,0.000,0.001,0.002,39.0
201,-5.078,0.644,1.502,0.000,0.001,0.002,39.0
202,-5.081,0.647,1.502,0.000,-0.000,0.003,39.0
203,-5.083,0.651,1.502,0.000,0.000,0.002,39.0
204,-5.086,0.655,1.502,0.000,0.001,0.002,39.0
205,-5.088,0.658,1.502,0.000,0.002,0.002,39.0
206,-5.091,0.662,1.502,0.000,0.002,0.001,39.0
207,-5.094,0.665,1.502,0.000,0.002,0.001,39.0
208,-5.096,0.669,1.502,0.000,0.002,0.002,39.0
209,-5.099,0.672,1.502,0.000,0.002,0.002,39.0
210,-5.101,0.676,1.502,0.000,0.001,0.002,39.0
211,-5.104,0.680,1.502,0.000,-0.000,0.003,39.0
212,-5.106,0.683,1.502,0.000,0.000,0.003,39.0
213,-5.109,0.687,1.502,0.000,0.001,0.002,39.0
214,-5.112,0.690,1.502,0.000,0.002,0.002,39.0
215,-5.114,0.694,1.502,0.000,0.002,0.001,39.0
216,-5.117,0.698,1.502,0.000,0.002,0.001,39.0
217,-5.119,0.701,1.502,0.000,0.002,0.001,39.0
218,-5.122,0.705,1.502,0.000,0.002,0.002,39.0
219,-5.124,0.708,1.502,0.000,0.001,0.002,39.0
220,-5.127,0.712,1.502,0.000,0.000,0.003,39.0
221,-5.130,0.715,1.502,0.000,0.000,0.003,39.0
222,-5.132,0.719,1.502,0.000,0.001,0.002,39.0
223,-5.135,0.723,1.502,0.000,0.003,0.004,39.0
224,-5.137,0.726,1.502,0.000,0.006,0.007,39.0
225,-5.140,0.730,1.502,0.000,0.009,0.011,39.0
226,-5.142,0.733,1.502,0.000,0.011,0.014,39.0
227,-5.145,0.737,1.502,0.000,0.012,0.016,39.0
228,-5.147,0.740,1.502,0.000,0.012,0.016,39.0
229,-5.150,0.743,1.502,0.000,0.011,0.016,39.0
230,-5.152,0.747,1.501,0.000,0.008,0.014,39.0
231,-5.154,0.750,1.501,0.000,0.008,0.013,39.0
232,-5.157,0.753,1.501,0.000,0.008,0.012,39.0
233,-5.159,0.757,1.501,0.000,0.009,0.012,39.0
234,-5.161,0.760,1.501,0.000,0.010,0.012,39.0
235,-5.164,0.763,1.501,0.000,0.010,0.013,39.0
236,-5.166,0.766,1.501,0.000,0.010,0.013,39.0
237,-5.168,0.769,1.501,0.000,0.010,0.013,39.0
238,-5.170,0.772,1.501,0.000,0.008,0.013,39.0
239,-5.172,0.775,1.501,0.000,0.008,0.013,39.0
240,-5.174,0.778,1.501,0.000,0.009,0.013,39.0
241,-5.176,0.781,1.501,0.000,0.009,0.012,39.0
242,-5.179,0.784,1.501,0.000,0.009,0.012,39.0
243,-5.181,0.787,1.501,0.000,0.009,0.012,39.0
244,-5.183,0.789,1.501,0.000,0.009,0.012,39.0
245,-5.185,0.792,1.501,0.000,0.009,0.012,39.0
246,-5.187,0.795,1.501,0.000,0.007,0.012,39.0
247,-5.188,0.798,1.501,0.000,0.007,0.012,39.0
248,-5.190,0.800,1.501,0.000,0.008,0.011,39.0
249,-5.192,0.803,1.501,0.000,0.008,0.011,39.0
250,-5.194,0.805,1.501,0.000,0.009,0.011,39.0
251,-5.196,0.808,1.501,0.000,0.009,0.011,39.0
252,-5.198,0.810,1.501,0.000,0.008,0.011,39.0
253,-5.199,0.813,1.501,0.000,0.008,0.011,39.0
254,-5.201,0.815,1.501,0.000,0.008,0.011,39.0
255,-5.203,0.818,1.501,0.000,0.007,0.010,39.0
256,-5.205,0.820,1.501,0.000,0.006,0.010,39.0
257,-5.206,0.823,1.501,0.000,0.006,0.010,39.0
258,-5.208,0.825,1.501,0.000,0.007,0.010,39.0
259,-5.210,0.827,1.501,0.000,0.008,0.010,39.0
260,-5.211,0.829,1.501,0.000,0.008,0.010,39.0
261,-5.213,0.832,1.501,0.000,0.008,0.010,39.0
262,-5.214,0.834,1.501,0.000,0.007,0.010,39.0
263,-5.216,0.836,1.501,0.000,0.007,0.009,39.0
264,-5.218,0.838,1.501,0.000,0.005,0.009,39.0
265,-5.219,0.840,1.501,0.000,0.006,0.009,39.0
266,-5.221,0.842,1.501,0.000,0.006,0.009,39.0
267,-5.222,0.844,1.501,0.000,0.007,0.009,39.0
268,-5.224,0.846,1.501,0.000,0.007,0.009,39.0
269,-5.225,0.848,1.501,0.000,0.007,0.009,39.0
270,-5.226,0.850,1.501,0.000,0.007,0.009,39.0
271,-5.228,0.852,1.501,0.000,0.006,0.008,39.0
272,-5.229,0.854,1.501,0.000,0.006,0.008,39.0
273,-5.230,0.856,1.501,0.000,0.071,0.099,39.0
274,-5.232,0.858,1.501,0.000,0.048,0.068,39.0
275,-5.233,0.859,1.501,0.000,0.010,0.014,39.0
276,-5.234,0.861,1.501,0.000,-0.021,-0.029,39.0
277,-5.235,0.862,1.501,0.000,-0.036,-0.050,39.0
278,-5.236,0.863,1.501,0.000,-0.036,-0.050,39.0
279,-5.237,0.865,1.501,0.000,-0.023,-0.033,39.0
280,-5.238,0.867,1.501,0.000,-0.007,-0.009,39.0
281,-5.240,0.869,1.501,0.000,0.009,0.012,39.0
282,-5.241,0.871,1.501,0.000,0.018,0.026,39.0
283,-5.242,0.873,1.501,0.000,0.021,0.029,39.0
284,-5.243,0.874,1.501,0.000,0.018,0.025,39.0
285,-5.244,0.876,1.501,0.000,0.011,0.016,39.0
286,-5.246,0.877,1.501,0.000,0.005,0.006,39.0
287,-5.247,0.879,1.501,0.000,-0.000,-0.000,39.0
288,-5.248,0.880,1.501,0.000,-0.002,-0.003,39.0
289,-5.249,0.882,1.501,0.000,-0.002,-0.002,39.0
290,-5.250,0.883,1.501,0.000,0.001,0.001,39.0
291,-5.251,0.885,1.501,-0.000,0.004,0.005,39.0
292,-5.252,0.887,1.501,-0.000,0.006,0.008,39.0
293,-5.253,0.888,1.501,-0.000,0.007,0.010,39.0
294,-5.254,0.890,1.501,-0.000,0.007,0.010,39.0
295,-5.255,0.891,1.501,-0.000,0.006,0.009,39.0
296,-5.256,0.892,1.501,-0.000,0.005,0.007,39.0
297,-5.257,0.894,1.501,-0.000,0.004,0.006,39.0
298,-5.258,0.895,1.501,-0.000,0.003,0.005,39.0
299,-5.259,0.897,1.501,-0.000,0.003,0.004,39.0
300,-5.260,0.898,1.501,-0.000,0.003,0.004,39.0
301,-5.261,0.899,1.501,-0.000,0.004,0.005,39.0
302,-5.262,0.901,1.501,-0.000,0.004,0.006,39.0
303,-5.263,0.902,1.501,-0.000,0.004,0.006,39.0
304,-5.264,0.903,1.501,-0.000,0.004,0.006,39.0
305,-5.265,0.904,1.501,-0.000,0.004,0.006,39.0
306,-5.266,0.906,1.501,-0.000,0.004,0.006,39.0
307,-5.267,0.907,1.501,-0.000,0.004,0.005,39.0
308,-5.268,0.908,1.501,-0.000,0.004,0.005,39.0
309,-5.268,0.909,1.501,-0.000,0.004,0.005,39.0
310,-5.269,0.911,1.501,-0.000,0.003,0.005,39.0
311,-5.270,0.912,1.501,-0.000,0.003,0.005,39.0
312,-5.271,0.913,1.501,-0.000,0.003,0.005,39.0
313,-5.272,0.914,1.501,-0.000,0.004,0.005,39.0
314,-5.273,0.915,1.501,-0.000,0.004,0.005,39.0
315,-5.273,0.916,1.500,-0.000,0.004,0.005,39.0
316,-5.274,0.917,1.500,-0.000,0.003,0.005,39.0
317,-5.275,0.918,1.500,-0.000,0.003,0.005,39.0
318,-5.276,0.919,1.500,-0.000,0.003,0.005,39.0
319,-5.276,0.921,1.500,-0.000,0.003,0.005,39.0
320,-5.277,0.922,1.500,-0.000,0.003,0.004,39.0
321,-5.278,0.923,1.500,-0.000,0.003,0.004,39.0
322,-5.279,0.924,1.500,-0.000,0.003,0.004,39.0
323,-5.279,0.925,1.500,-0.000,0.003,0.004,39.0
324,-5.280,0.926,1.500,-0.000,0.003,0.004,39.0
325,-5.281,0.927,1.500,-0.000,0.003,0.004,39.0
326,-5.281,0.928,1.500,-0.000,0.003,0.004,39.0
327,-5.282,0.928,1.500,-0.000,0.003,0.004,39.0
328,-5.283,0.929,1.500,-0.000,0.003,0.004,39.0
329,-5.283,0.930,1.500,-0.000,0.003,0.004,39.0
330,-5.284,0.931,1.500,-0.000,0.003,0.004,39.0
331,-5.285,0.932,1.500,-0.000,0.003,0.004,39.0
332,-5.285,0.933,1.500,-0.000,0.003,0.004,39.0
333,-5.286,0.934,1.500,-0.000,0.003,0.004,39.0
334,-5.287,0.935,1.500,-0.000,0.003,0.004,39.0
335,-5.287,0.936,1.500,-0.000,0.003,0.004,39.0
336,-5.288,0.936,1.500,-0.000,0.003,0.004,39.0
337,-5.288,0.937,1.500,-0.000,0.003,0.004,39.0
338,-5.289,0.938,1.500,-0.000,0.003,0.004,39.0
339,-5.290,0.939,1.500,-0.000,0.002,0.003,39.0
340,-5.290,0.940,1.500,-0.000,0.002,0.003,39.0
341,-5.291,0.941,1.500,-0.000,0.002,0.003,39.0
342,-5.291,0.941,1.500,-0.000,0.002,0.003,39.0
343,-5.292,0.942,1.500,-0.000,0.002,0.003,39.0
344,-5.292,0.943,1.500,-0.000,0.002,0.003,39.0
345,-5.293,0.944,1.500,-0.000,0.002,0.003,39.0
346,-5.293,0.944,1.500,-0.000,0.002,0.003,39.0
347,-5.294,0.945,1.500,-0.000,0.002,0.003,39.0
348,-5.295,0.946,1.500,-0.000,0.002,0.003,39.0
349,-5.295,0.946,1.500,-0.000,0.002,0.003,39.0
350,-5.296,0.947,1.500,-0.000,0.002,0.003,39.0
351,-5.296,0.948,1.500,-0.000,0.002,0.003,39.0
352,-5.297,0.949,1.500,-0.000,0.002,0.003,39.0
353,-5.297,0.949,1.500,-0.000,0.002,0.003,39.0
354,-5.297,0.950,1.500,-0.000,0.002,0.003,39.0
355,-5.298,0.951,1.500,-0.000,0.002,0.003,39.0
356,-5.298,0.951,1.500,-0.000,0.002,0.003,39.0
357,-5.299,0.952,1.500,-0.000,0.002,0.003,39.0
358,-5.299,0.952,1.500,-0.000,0.002,0.003,39.0
359,-5.300,0.953,1.500,-0.000,0.002,0.003,39.0
360,-5.300,0.954,1.500,-0.000,0.002,0.003,39.0
361,-5.301,0.954,1.500,-0.000,0.002,0.003,39.0
362,-5.301,0.955,1.500,-0.000,0.002,0.003,39.0
363,-5.301,0.955,1.500,-0.000,0.002,0.003,39.0
364,-5.302,0.956,1.500,-0.000,0.002,0.003,39.0
365,-5.302,0.957,1.500,-0.000,0.002,0.002,39.0
366,-5.303,0.957,1.500,-0.000,0.002,0.002,39.0
367,-5.303,0.958,1.500,-0.000,0.002,0.002,39.0
368,-5.304,0.958,1.500,-0.000,0.002,0.002,39.0
369,-5.304,0.959,1.500,-0.000,0.002,0.002,39.0
370,-5.304,0.959,1.500,-0.000,0.002,0.002,39.0
371,-5.305,0.960,1.500,-0.000,0.002,0.002,39.0
372,-5.305,0.960,1.500,-0.000,0.002,0.002,39.0
373,-5.305,0.961,1.500,-0.000,0.002,0.002,39.0
374,-5.306,0.961,1.500,-0.000,0.002,0.002,39.0
375,-5.306,0.962,1.500,-0.000,0.002,0.002,39.0
376,-5.306,0.962,1.500,-0.000,0.002,0.002,39.0
377,-5.307,0.963,1.500,-0.000,0.002,0.002,39.0
378,-5.307,0.963,1.500,-0.000,0.001,0.002,39.0
379,-5.308,0.964,1.500,-0.000,0.001,0.002,39.0
380,-5.308,0.964,1.500,-0.000,0.001,0.002,39.0
381,-5.308,0.965,1.500,-0.000,0.001,0.002,39.0
382,-5.309,0.965,1.500,-0.000,0.001,0.002,39.0
383,-5.309,0.966,1.500,-0.000,0.001,0.002,39.0
384,-5.309,0.966,1.500,-0.000,0.001,0.002,39.0
385,-5.309,0.967,1.500,-0.000,0.001,0.002,39.0
386,-5.310,0.967,1.500,-0.000,0.001,0.002,39.0
387,-5.310,0.968,1.500,-0.000,0.001,0.002,39.0
388,-5.310,0.968,1.500,-0.000,0.001,0.002,39.0
389,-5.311,0.968,1.500,-0.000,0.001,0.002,39.0
390,-5.311,0.969,1.500,-0.000,0.001,0.002,39.0
391,-5.311,0.969,1.500,-0.000,0.001,0.002,39.0
392,-5.312,0.970,1.500,-0.000,0.001,0.002,39.0
393,-5.312,0.970,1.500,-0.000,0.001,0.002,39.0
394,-5.312,0.970,1.500,-0.000,0.001,0.002,39.0
395,-5.312,0.971,1.500,-0.000,0.001,0.002,39.0
396,-5.313,0.971,1.500,-0.000,0.001,0.002,39.0
397,-5.313,0.972,1.500,-0.000,0.001,0.002,39.0
398,-5.313,0.972,1.500,-0.000,0.001,0.002,39.0
399,-5.314,0.972,1.500,-0.000,0.001,0.002,39.0
400,-5.314,0.973,1.500,-0.000,0.001,0.002,39.0
401,-5.314,0.973,1.500,-0.000,0.001,0.002,39.0
402,-5.314,0.973,1.500,-0.000,0.001,0.002,39.0
403,-5.315,0.974,1.500,-0.000,0.001,0.002,39.0
404,-5.315,0.974,1.500,-0.000,0.001,0.001,39.0
405,-5.315,0.974,1.500,-0.000,0.001,0.001,39.0
406,-5.315,0.975,1.500,-0.000,0.001,0.001,39.0
407,-5.315,0.975,1.500,-0.000,0.001,0.001,39.0
408,-5.316,0.975,1.500,-0.000,0.001,0.001,39.0
409,-5.316,0.976,1.500,-0.000,0.001,0.001,39.0
410,-5.316,0.976,1.500,-0.000,0.001,0.001,39.0
411,-5.316,0.976,1.500,-0.000,0.001,0.001,39.0
412,-5.317,0.977,1.500,-0.000,0.001,0.001,39.0
413,-5.317,0.977,1.500,-0.000,0.001,0.001,39.0
414,-5.317,0.977,1.500,-0.000,0.001,0.001,39.0
415,-5.317,0.978,1.500,-0.000,0.001,0.001,39.0
416,-5.317,0.978,1.500,-0.000,0.001,0.001,39.0
417,-5.318,0.978,1.500,-0.000,0.001,0.001,39.0
418,-5.318,0.978,1.500,-0.000,0.001,0.001,39.0
419,-5.318,0.979,1.500,-0.000,0.001,0.001,39.0
420,-5.318,0.979,1.500,-0.000,0.001,0.001,39.0
421,-5.319,0.979,1.500,-0.000,0.001,0.001,39.0
422,-5.319,0.980,1.500,-0.000,0.001,0.001,39.0
423,-5.319,0.980,1.500,-0.000,0.001,0.001,39.0
424,-5.319,0.980,1.500,-0.000,0.001,0.001,39.0
425,-5.319,0.980,1.500,-0.000,0.001,0.001,39.0
426,-5.319,0.981,1.500,-0.000,0.001,0.001,39.0
427,-5.320,0.981,1.500,-0.000,0.001,0.001,39.0
428,-5.320,0.981,1.500,-0.000,0.001,0.001,39.0
429,-5.320,0.981,1.500,-0.000,0.001,0.001,39.0
430,-5.320,0.982,1.500,-0.000,0.001,0.001,39.0
431,-5.320,0.982,1.500,-0.000,0.001,0.001,39.0
432,-5.321,0.982,1.500,-0.000,0.001,0.001,39.0
433,-5.321,0.982,1.500,-0.000,0.001,0.001,39.0
434,-5.321,0.983,1.500,-0.000,0.001,0.001,39.0
435,-5.321,0.983,1.500,-0.000,0.001,0.001,39.0
436,-5.321,0.983,1.500,-0.000,0.001,0.001,39.0
437,-5.321,0.983,1.500,-0.000,0.001,0.001,39.0
438,-5.321,0.983,1.500,-0.000,0.001,0.001,39.0
439,-5.322,0.984,1.500,-0.000,0.001,0.001,39.0
440,-5.322,0.984,1.500,-0.000,0.001,0.001,39.0
441,-5.322,0.984,1.500,-0.000,0.001,0.001,39.0
442,-5.322,0.984,1.500,-0.000,0.001,0.001,39.0
443,-5.322,0.984,1.500,-0.000,0.001,0.001,39.0
444,-5.322,0.985,1.500,-0.000,0.001,0.001,39.0
445,-5.323,0.985,1.500,-0.000,0.001,0.001,39.0
446,-5.323,0.985,1.500,-0.000,0.001,0.001,39.0
447,-5.323,0.985,1.500,-0.000,0.001,0.001,39.0
448,-5.323,0.985,1.500,-0.000,0.001,0.001,39.0
449,-5.323,0.986,1.500,-0.000,0.001,0.001,39.0
450,-5.323,0.986,1.500,-0.000,0.001,0.001,39.0
451,-5.323,0.986,1.500,-0.000,0.001,0.001,39.0
452,-5.323,0.986,1.500,-0.000,0.001,0.001,39.0
453,-5.324,0.986,1.500,-0.000,0.001,0.001,39.0
454,-5.324,0.987,1.500,-0.000,0.001,0.001,39.0
455,-5.324,0.987,1.500,-0.000,0.001,0.001,39.0
456,-5.324,0.987,1.500,-0.000,0.001,0.001,39.0
457,-5.324,0.987,1.500,-0.000,0.001,0.001,39.0
458,-5.324,0.987,1.500,-0.000,0.001,0.001,39.0
459,-5.324,0.987,1.500,-0.000,0.001,0.001,39.0
460,-5.324,0.988,1.500,-0.000,0.001,0.001,39.0
461,-5.325,0.988,1.500,-0.000,0.001,0.001,39.0
462,-5.325,0.988,1.500,-0.000,0.000,0.001,39.0
463,-5.325,0.988,1.500,-0.000,0.000,0.001,39.0
464,-5.325,0.988,1.500,-0.000,0.000,0.001,39.0
465,-5.325,0.988,1.500,-0.000,0.000,0.001,39.0
466,-5.325,0.989,1.500,-0.000,0.000,0.001,39.0
467,-5.325,0.989,1.500,-0.000,0.000,0.001,39.0
468,-5.325,0.989,1.500,-0.000,0.000,0.001,39.0
469,-5.325,0.989,1.500,-0.000,0.000,0.001,39.0
470,-5.326,0.989,1.500,-0.000,0.000,0.001,39.0
471,-5.326,0.989,1.500,-0.000,0.000,0.001,39.0
472,-5.326,0.989,1.500,-0.000,0.000,0.001,39.0
473,-5.326,0.990,1.500,-0.000,0.000,0.001,39.0
474,-5.326,0.990,1.500,-0.000,0.000,0.001,39.0
475,-5.326,0.990,1.500,-0.000,0.000,0.001,39.0
476,-5.326,0.990,1.500,-0.000,0.000,0.001,39.0
477,-5.326,0.990,1.500,-0.000,0.000,0.001,39.0
478,-5.326,0.990,1.500,-0.000,0.000,0.001,39.0
479,-5.326,0.990,1.500,-0.000,0.000,0.001,39.0
480,-5.327,0.990,1.500,-0.000,0.000,0.001,39.0
481,-5.327,0.991,1.500,-0.000,0.000,0.001,39.0
482,-5.327,0.991,1.500,-0.000,0.000,0.001,39.0
483,-5.327,0.991,1.500,-0.000,0.000,0.001,39.0
484,-5.327,0.991,1.500,-0.000,0.000,0.001,39.0
485,-5.327,0.991,1.500,-0.000,0.000,0.001,39.0
486,-5.327,0.991,1.500,-0.000,0.000,0.001,39.0
487,-5.327,0.991,1.500,-0.000,0.000,0.000,39.0
488,-5.327,0.991,1.500,-0.000,0.000,0.000,39.0
489,-5.327,0.992,1.500,-0.000,0.000,0.000,39.0
490,-5.327,0.992,1.500,-0.000,0.000,0.000,39.0
491,-5.327,0.992,1.500,-0.000,0.000,0.000,39.0
492,-5.328,0.992,1.500,-0.000,0.000,0.000,39.0
493,-5.328,0.992,1.500,-0.000,0.000,0.000,39.0
494,-5.328,0.992,1.500,-0.000,0.004,0.005,39.0
495,-5.328,0.992,1.500,-0.000,0.006,0.009,39.0
496,-5.328,0.992,1.500,-0.000,0.006,0.009,39.0
497,-5.328,0.992,1.500,-0.000,0.005,0.007,39.0
498,-5.328,0.992,1.500,-0.000,0.003,0.004,39.0
499,-5.328,0.992,1.500,-0.000,0.000,0.000,39.0
500,-5.328,0.992,1.500,-0.000,-0.001,-0.002,39.0
501,-5.328,0.992,1.500,-0.000,-0.002,-0.003,39.0
502,-5.328,0.992,1.500,-0.000,-0.002,-0.002,39.0
503,-5.328,0.992,1.500,-0.000,-0.001,-0.001,39.0
504,-5.328,0.992,1.500,-0.000,0.000,0.000,39.0
505,-5.328,0.992,1.500,-0.000,0.001,0.001,39.0
506,-5.328,0.992,1.500,-0.000,0.001,0.001,39.0
507,-5.328,0.992,1.500,-0.000,0.001,0.001,39.0
508,-5.328,0.992,1.500,-0.000,0.001,0.001,39.0
509,-5.328,0.992,1.500,-0.000,0.000,0.000,39.0
510,-5.328,0.992,1.500,-0.000,-0.000,-0.000,39.0
511,-5.328,0.992,1.500,-0.000,-0.000,-0.000,39.0
512,-5.328,0.992,1.500,-0.000,-0.000,-0.000,39.0
513,-5.328,0.992,1.500,-0.000,-0.000,-0.000,39.0
514,-5.328,0.992,1.500,-0.000,-0.000,-0.000,39.0
515,-5.328,0.992,1.500,-0.000,0.000,0.000,39.0
516,-5.328,0.992,1.500,-0.000,0.000,0.000,39.0
517,-5.328,0.992,1.500,-0.000,0.000,0.000,39.0
518,-5.328,0.992,1.500,-0.000,0.000,0.000,39.0
519,-5.328,0.992,1.500,-0.000,0.000,0.000,39.0
520,-5.328,0.992,1.500,-0.000,0.000,0.000,39.0
521,-5.328,0.992,1.500,-0.000,-0.000,-0.000,39.0
522,-5.328,0.992,1.500,-0.000,-0.000,-0.000,39.0
523,-5.328,0.992,1.500,-0.000,-0.000,-0.000,39.0
524,-5.328,0.992,1.500,-0.000,-0.000,-0.000,39.0
525,-5.328,0.992,1.500,-0.000,-0.000,-0.000,39.0
526,-5.328,0.992,1.500,-0.000,0.000,0.000,39.0
527,-5.328,0.992,1.500,-0.000,0.000,0.000,39.0
528,-5.328,0.992,1.500,-0.000,0.000,0.000,39.0
529,-5.328,0.992,1.500,-0.000,0.000,0.000,39.0
530,-5.328,0.992,1.500,-0.000,0.000,0.000,39.0
531,-5.328,0.992,1.500,-0.000,-0.000,-0.000,39.0
532,-5.328,0.992,1.500,-0.000,-0.000,-0.000,39.0
533,-5.328,0.992,1.500,-0.000,-0.000,-0.000,39.0
534,-5.328,0.992,1.500,-0.000,-0.000,-0.000,39.0
535,-5.328,0.992,1.500,-0.000,-0.000,-0.000,39.0
536,-5.328,0.992,1.500,-0.000,-0.000,-0.000,39.0
537,-5.328,0.992,1.500,-0.000,0.000,0.000,39.0
538,-5.328,0.992,1.500,-0.000,0.000,0.000,39.0
539,-5.328,0.992,1.500,-0.000,0.000,0.000,39.0
540,-5.328,0.992,1.500,-0.000,0.000,0.000,39.0
541,-5.328,0.992,1.500,-0.000,0.000,0.000,36.0
542,-5.328,0.992,1.500,-0.000,-0.000,-0.000,36.0
543,-5.328,0.992,1.500,-0.000,-0.000,-0.000,36.0
544,-5.328,0.992,1.500,-0.000,-0.000,-0.000,36.0
545,-5.328,0.992,1.500,-0.000,-0.000,-0.000,36.0
546,-5.328,0.992,1.500,-0.000,-0.000,-0.000,36.0
547,-5.328,0.992,1.500,-0.000,0.000,0.000,36.0
548,-5.328,0.992,1.500,-0.000,0.000,0.000,36.0
549,-5.328,0.992,1.500,-0.000,0.000,0.000,36.0
550,-5.328,0.992,1.500,-0.000,0.000,0.000,36.0
551,-5.328,0.992,1.500,-0.000,0.007,0.001,36.0
552,-5.328,0.992,1.500,-0.000,0.014,0.002,36.0
553,-5.328,0.992,1.500,-0.000,0.018,0.002,36.0
554,-5.328,0.992,1.500,-0.000,0.019,0.002,36.0
555,-5.327,0.992,1.500,-0.000,0.018,0.001,36.0
556,-5.327,0.992,1.500,-0.000,0.016,0.000,36.0
557,-5.327,0.992,1.500,-0.000,0.014,-0.001,36.0
558,-5.326,0.992,1.500,-0.000,0.012,-0.001,36.0
559,-5.326,0.992,1.500,-0.000,0.011,-0.001,36.0
560,-5.326,0.992,1.500,-0.000,0.011,-0.000,36.0
561,-5.325,0.992,1.500,-0.000,0.012,-0.000,36.0
562,-5.325,0.992,1.500,-0.000,0.013,0.000,36.0
563,-5.324,0.992,1.500,-0.000,0.014,0.000,36.0
564,-5.323,0.992,1.500,-0.000,0.015,0.000,36.0
565,-5.323,0.992,1.500,-0.000,0.014,0.000,36.0
566,-5.322,0.992,1.500,-0.000,0.014,0.000,36.0
567,-5.321,0.992,1.500,-0.000,0.013,-0.000,36.0
568,-5.320,0.992,1.500,-0.000,0.013,-0.000,36.0
569,-5.319,0.992,1.500,-0.000,0.012,-0.000,36.0
570,-5.319,0.992,1.500,-0.000,0.012,-0.000,36.0
571,-5.318,0.992,1.501,-0.000,0.012,-0.000,36.0
572,-5.317,0.992,1.501,-0.000,0.012,-0.000,36.0
573,-5.316,0.992,1.501,-0.000,0.012,-0.000,36.0
574,-5.314,0.992,1.501,-0.000,0.012,-0.000,36.0
575,-5.313,0.992,1.501,-0.000,0.012,-0.000,36.0
576,-5.312,0.992,1.501,-0.000,0.012,-0.000,36.0
577,-5.311,0.992,1.501,-0.000,0.011,-0.000,36.0
578,-5.310,0.992,1.501,-0.000,0.011,-0.000,36.0
579,-5.308,0.992,1.501,-0.000,0.011,-0.000,36.0
580,-5.307,0.992,1.501,-0.000,0.011,-0.000,36.0
581,-5.306,0.992,1.501,-0.000,0.011,-0.000,36.0
582,-5.304,0.992,1.501,-0.000,0.010,-0.000,36.0
583,-5.303,0.991,1.501,-0.000,0.010,-0.000,36.0
584,-5.301,0.991,1.501,-0.000,0.010,-0.000,36.0
585,-5.300,0.991,1.501,-0.000,0.010,-0.000,36.0
586,-5.298,0.991,1.501,-0.000,0.010,-0.000,36.0
587,-5.297,0.991,1.501,-0.000,0.010,-0.000,36.0
588,-5.295,0.991,1.501,-0.000,0.010,-0.000,36.0
589,-5.293,0.991,1.501,-0.000,0.015,-0.008,24.0
590,-5.291,0.991,1.501,-0.000,0.018,-0.013,24.0
591,-5.290,0.991,1.501,-0.000,-0.105,-0.012,39.0
592,-5.288,0.992,1.501,-0.000,-0.194,-0.008,39.0
593,-5.287,0.992,1.501,-0.000,-0.210,-0.003,39.0
594,-5.287,0.992,1.501,-0.000,-0.167,0.001,39.0
595,-5.288,0.992,1.501,-0.000,-0.093,0.004,39.0
596,-5.289,0.992,1.501,-0.000,-0.017,0.004,39.0
597,-5.289,0.992,1.501,-0.000,0.038,0.003,39.0
598,-5.290,0.992,1.501,-0.000,0.063,0.002,39.0
599,-5.291,0.992,1.501,-0.000,0.059,-0.000,39.0
600,-5.291,0.992,1.501,-0.000,0.035,-0.001,39.0
601,-5.291,0.992,1.501,-0.000,0.006,-0.002,39.0
602,-5.292,0.993,1.501,-0.000,-0.018,-0.001,39.0
603,-5.292,0.993,1.501,-0.000,-0.031,-0.001,39.0
604,-5.292,0.993,1.501,-0.000,-0.031,0.000,39.0
605,-5.293,0.993,1.501,-0.000,-0.022,0.001,39.0
606,-5.293,0.993,1.501,-0.000,-0.009,0.001,39.0
607,-5.294,0.993,1.501,-0.000,0.003,0.001,39.0
608,-5.295,0.993,1.501,-0.000,0.011,0.001,39.0
609,-5.295,0.993,1.501,-0.000,0.014,0.001,39.0
610,-5.296,0.993,1.501,-0.000,0.012,0.000,39.0
611,-5.296,0.993,1.501,-0.000,0.007,0.000,39.0
612,-5.296,0.993,1.501,-0.000,0.002,0.000,39.0
613,-5.297,0.994,1.501,-0.000,-0.002,0.000,39.0
614,-5.297,0.994,1.501,-0.000,-0.004,0.000,39.0
615,-5.298,0.994,1.501,-0.000,-0.003,0.000,39.0
616,-5.298,0.994,1.501,-0.000,-0.001,0.000,39.0
617,-5.299,0.994,1.501,-0.000,0.001,0.000,39.0
618,-5.299,0.994,1.501,-0.000,0.003,0.000,39.0
619,-5.300,0.994,1.501,-0.000,0.004,0.000,39.0
620,-5.300,0.994,1.501,-0.000,0.004,0.000,39.0
621,-5.301,0.994,1.501,-0.000,0.003,0.000,39.0
622,-5.301,0.994,1.501,-0.000,0.003,0.000,39.0
623,-5.301,0.994,1.501,-0.000,0.002,0.000,39.0
624,-5.302,0.994,1.501,-0.000,0.001,0.000,39.0
625,-5.302,0.994,1.501,-0.000,0.001,0.000,39.0
626,-5.303,0.995,1.501,-0.000,0.001,0.000,39.0
627,-5.303,0.995,1.501,-0.000,0.001,0.000,39.0
628,-5.303,0.995,1.501,-0.000,0.002,0.000,39.0
629,-5.304,0.995,1.501,-0.000,0.002,0.000,39.0
630,-5.304,0.995,1.501,-0.000,0.002,0.000,39.0
631,-5.305,0.995,1.501,-0.000,0.002,0.000,39.0
632,-5.305,0.995,1.501,-0.000,0.002,0.000,39.0
633,-5.305,0.995,1.501,-0.000,0.002,0.000,39.0
634,-5.306,0.995,1.501,-0.000,0.002,0.000,39.0
635,-5.306,0.995,1.501,-0.000,0.001,0.000,39.0
636,-5.306,0.995,1.501,-0.000,0.001,0.000,39.0
637,-5.307,0.995,1.501,-0.000,0.001,0.000,39.0
638,-5.307,0.995,1.501,-0.000,0.001,0.000,39.0
639,-5.307,0.995,1.501,-0.000,0.001,0.000,39.0
640,-5.308,0.995,1.501,-0.000,0.002,0.000,39.0
641,-5.308,0.996,1.501,-0.000,0.002,0.000,39.0
642,-5.308,0.996,1.501,-0.000,0.001,0.000,39.0
643,-5.309,0.996,1.501,-0.000,0.001,0.000,39.0
644,-5.309,0.996,1.501,-0.000,0.001,0.000,39.0
645,-5.309,0.996,1.501,-0.000,0.001,0.000,39.0
646,-5.310,0.996,1.501,-0.000,0.001,0.000,39.0
647,-5.310,0.996,1.501,-0.000,0.001,0.000,39.0
648,-5.310,0.996,1.501,-0.000,0.001,0.000,39.0
649,-5.311,0.996,1.501,-0.000,0.001,0.000,39.0
650,-5.311,0.996,1.501,-0.000,0.001,0.000,39.0
651,-5.311,0.996,1.501,-0.000,0.001,0.000,39.0
652,-5.312,0.996,1.501,-0.000,0.001,0.000,39.0
653,-5.312,0.996,1.501,-0.000,0.001,0.000,39.0
654,-5.312,0.996,1.501,-0.000,0.001,0.000,39.0
655,-5.312,0.996,1.501,-0.000,0.001,0.000,39.0
656,-5.313,0.996,1.501,-0.000,0.001,0.000,39.0
657,-5.313,0.996,1.501,-0.000,0.001,0.000,39.0
658,-5.313,0.996,1.501,-0.000,0.001,0.000,39.0
659,-5.313,0.996,1.501,-0.000,0.001,0.000,39.0
660,-5.314,0.997,1.501,-0.000,0.001,0.000,39.0
661,-5.314,0.997,1.501,-0.000,0.001,0.000,39.0
662,-5.314,0.997,1.501,-0.000,0.001,0.000,39.0
663,-5.314,0.997,1.501,-0.000,0.001,0.000,39.0
664,-5.315,0.997,1.501,-0.000,0.001,0.000,39.0
665,-5.315,0.997,1.501,-0.000,0.001,0.000,39.0
666,-5.315,0.997,1.501,-0.000,0.001,0.000,39.0
667,-5.315,0.997,1.501,-0.000,0.001,0.000,39.0
668,-5.316,0.997,1.501,-0.000,0.001,0.000,39.0
669,-5.316,0.997,1.501,-0.000,0.001,0.000,39.0
670,-5.316,0.997,1.501,-0.000,0.001,0.000,39.0
671,-5.316,0.997,1.501,-0.000,0.001,0.000,39.0
672,-5.317,0.997,1.501,-0.000,0.001,0.000,39.0
673,-5.317,0.997,1.501,-0.000,0.001,0.000,39.0
674,-5.317,0.997,1.501,-0.000,0.001,0.000,39.0
675,-5.317,0.997,1.501,-0.000,0.001,0.000,39.0
676,-5.317,0.997,1.501,-0.000,0.001,0.000,39.0
677,-5.318,0.997,1.501,-0.000,0.001,0.000,39.0
678,-5.318,0.997,1.501,-0.000,0.001,0.000,39.0
679,-5.318,0.997,1.501,-0.000,0.001,0.000,39.0
680,-5.318,0.997,1.501,-0.000,0.001,0.000,39.0
681,-5.318,0.997,1.501,-0.000,0.001,0.000,39.0
682,-5.319,0.997,1.501,-0.000,0.001,0.000,39.0
683,-5.319,0.997,1.501,-0.000,0.001,0.000,39.0
684,-5.319,0.997,1.501,-0.000,0.001,0.000,39.0
685,-5.319,0.997,1.501,-0.000,0.001,0.000,39.0
686,-5.319,0.998,1.501,-0.000,0.001,0.000,39.0
687,-5.320,0.998,1.501,-0.000,0.001,0.000,39.0
688,-5.320,0.998,1.501,-0.000,0.001,0.000,39.0
689,-5.320,0.998,1.501,-0.000,0.001,0.000,39.0
690,-5.320,0.998,1.501,-0.000,0.001,0.000,39.0
691,-5.320,0.998,1.501,-0.000,0.001,0.000,39.0
692,-5.320,0.998,1.501,-0.000,0.001,0.000,39.0
693,-5.321,0.998,1.501,-0.000,0.001,0.000,39.0
694,-5.321,0.998,1.501,-0.000,0.001,0.000,39.0
695,-5.321,0.998,1.501,-0.000,0.001,0.000,39.0
696,-5.321,0.998,1.501,-0.000,0.001,0.000,39.0
697,-5.321,0.998,1.501,-0.000,0.001,0.000,39.0
698,-5.321,0.998,1.501,-0.000,0.001,0.000,39.0
699,-5.322,0.998,1.501,-0.000,0.001,0.000,39.0
700,-5.322,0.998,1.501,-0.000,0.001,0.000,39.0
701,-5.322,0.998,1.501,-0.000,0.001,0.000,39.0
702,-5.322,0.998,1.501,-0.000,0.001,0.000,39.0
703,-5.322,0.998,1.501,-0.000,0.001,0.000,39.0
704,-5.322,0.998,1.501,-0.000,0.001,0.000,39.0
705,-5.322,0.998,1.501,-0.000,0.001,0.000,39.0
706,-5.323,0.998,1.501,-0.000,0.001,0.000,39.0
707,-5.323,0.998,1.501,-0.000,0.001,0.000,39.0
708,-5.323,0.998,1.501,-0.000,0.001,0.000,39.0
709,-5.323,0.998,1.501,-0.000,0.001,0.000,39.0
710,-5.323,0.998,1.501,-0.000,0.001,0.000,39.0
711,-5.323,0.998,1.501,-0.000,0.001,0.000,39.0
712,-5.323,0.998,1.501,-0.000,0.001,0.000,39.0
713,-5.324,0.998,1.501,-0.000,0.001,0.000,39.0
714,-5.324,0.998,1.501,-0.000,0.007,0.001,39.0
715,-5.324,0.998,1.501,-0.000,0.011,0.002,39.0
716,-5.324,0.998,1.501,-0.000,0.011,0.002,39.0
717,-5.324,0.998,1.501,-0.000,0.008,0.001,39.0
718,-5.324,0.998,1.501,-0.000,0.004,0.001,39.0
719,-5.324,0.998,1.501,-0.000,0.001,0.000,39.0
720,-5.324,0.998,1.501,-0.000,-0.002,-0.000,39.0
721,-5.324,0.998,1.501,-0.000,-0.003,-0.001,39.0
722,-5.324,0.998,1.501,-0.000,-0.003,-0.000,39.0
723,-5.324,0.998,1.501,-0.000,-0.001,-0.000,39.0
724,-5.324,0.998,1.501,-0.000,0.000,0.000,39.0
725,-5.324,0.998,1.501,-0.000,0.001,0.000,39.0
726,-5.324,0.998,1.501,-0.000,0.002,0.000,39.0
727,-5.324,0.998,1.501,-0.000,0.002,0.000,39.0
728,-5.324,0.998,1.501,-0.000,0.001,0.000,39.0
729,-5.324,0.998,1.501,-0.000,0.000,0.000,39.0
730,-5.324,0.998,1.501,-0.000,-0.000,-0.000,39.0
731,-5.324,0.998,1.501,-0.000,-0.001,-0.000,39.0
732,-5.324,0.998,1.501,-0.000,-0.001,-0.000,39.0
733,-5.324,0.998,1.501,-0.000,-0.000,-0.000,39.0
734,-5.324,0.998,1.501,-0.000,-0.000,-0.000,39.0
735,-5.324,0.998,1.501,-0.000,0.000,0.000,39.0
736,-5.324,0.998,1.501,-0.000,0.000,0.000,39.0
737,-5.324,0.998,1.501,-0.000,0.000,0.000,39.0
738,-5.324,0.998,1.501,-0.000,0.000,0.000,39.0
739,-5.324,0.998,1.501,-0.000,0.000,0.000,39.0
740,-5.324,0.998,1.501,-0.000,0.000,0.000,39.0
741,-5.324,0.998,1.501,-0.000,-0.000,-0.000,39.0
742,-5.324,0.998,1.501,-0.000,-0.000,-0.000,39.0
743,-5.324,0.998,1.501,-0.000,-0.000,-0.000,39.0
744,-5.324,0.998,1.501,-0.000,-0.000,-0.000,39.0
745,-5.324,0.998,1.501,-0.000,-0.000,-0.000,39.0
746,-5.324,0.998,1.501,-0.000,0.000,0.000,39.0
747,-5.324,0.998,1.501,-0.000,0.000,0.000,39.0
748,-5.324,0.998,1.501,-0.000,0.000,0.000,39.0
749,-5.324,0.998,1.501,-0.000,0.000,0.000,39.0
750,-5.324,0.998,1.501,-0.000,0.000,0.000,39.0
751,-5.324,0.998,1.501,-0.000,-0.000,-0.000,39.0
752,-5.324,0.998,1.501,-0.000,-0.000,-0.000,39.0
753,-5.324,0.998,1.501,-0.000,-0.000,-0.000,39.0
754,-5.324,0.998,1.501,-0.000,-0.000,-0.000,39.0
755,-5.324,0.998,1.501,-0.000,-0.000,-0.000,39.0
756,-5.324,0.998,1.501,-0.000,-0.000,-0.000,39.0
757,-5.324,0.998,1.501,-0.000,0.000,0.000,39.0
758,-5.324,0.998,1.501,-0.000,0.000,0.000,39.0
759,-5.324,0.998,1.501,-0.000,0.000,0.000,39.0
760,-5.324,0.998,1.501,-0.000,0.000,0.000,39.0
761,-5.324,0.998,1.501,-0.000,0.000,0.000,39.0
762,-5.324,0.998,1.501,-0.000,-0.000,-0.000,39.0
763,-5.324,0.998,1.501,-0.000,-0.000,-0.000,39.0
764,-5.324,0.998,1.501,-0.000,-0.000,-0.000,39.0
765,-5.324,0.998,1.501,-0.000,-0.000,-0.000,39.0
766,-5.324,0.998,1.501,-0.000,-0.000,-0.000,39.0
767,-5.324,0.998,1.501,-0.000,0.000,0.000,39.0
768,-5.324,0.998,1.501,-0.000,0.000,0.000,39.0
769,-5.324,0.998,1.501,-0.000,0.000,0.000,39.0
770,-5.324,0.998,1.501,-0.000,0.000,0.000,39.0
771,-5.324,0.998,1.501,-0.000,0.000,0.000,39.0
772,-5.324,0.998,1.501,-0.000,0.000,0.000,39.0
773,-5.324,0.998,1.501,-0.000,-0.000,-0.000,39.0
774,-5.324,0.998,1.501,-0.000,-0.000,-0.000,39.0
775,-5.324,0.998,1.501,-0.000,-0.000,-0.000,39.0
776,-5.324,0.998,1.501,-0.000,-0.000,-0.000,39.0
777,-5.324,0.998,1.501,-0.000,-0.000,-0.000,39.0
778,-5.324,0.998,1.501,-0.000,0.000,0.000,39.0
779,-5.324,0.998,1.501,-0.000,0.000,0.000,39.0
780,-5.324,0.998,1.501,-0.000,0.000,0.000,39.0
781,-5.324,0.998,1.501,-0.000,0.000,0.000,39.0
782,-5.324,0.998,1.501,-0.000,0.000,0.000,39.0
783,-5.324,0.998,1.501,-0.000,-0.000,-0.000,39.0
784,-5.324,0.998,1.501,-0.000,-0.000,-0.000,39.0
785,-5.324,0.998,1.501,-0.000,-0.000,-0.000,39.0
786,-5.324,0.998,1.501,-0.000,-0.000,-0.000,39.0
787,-5.324,0.998,1.501,-0.000,-0.000,-0.000,39.0
788,-5.324,0.998,1.501,-0.000,-0.000,-0.000,39.0
789,-5.324,0.998,1.501,-0.000,0.000,0.000,39.0
790,-5.324,0.998,1.501,-0.000,0.000,0.000,39.0
791,-5.324,0.998,1.501,-0.000,0.000,0.000,39.0
792,-5.324,0.998,1.501,-0.000,0.000,0.000,39.0
793,-5.324,0.998,1.501,-0.000,0.000,0.000,39.0
794,-5.324,0.998,1.501,-0.000,-0.000,-0.000,39.0
795,-5.324,0.998,1.501,-0.000,-0.000,-0.000,39.0
796,-5.324,0.998,1.501,-0.000,-0.000,-0.000,39.0
797,-5.324,0.998,1.501,-0.000,-0.000,-0.000,39.0
798,-5.324,0.998,1.501,-0.000,-0.000,-0.000,39.0
799,-5.324,0.998,1.501,-0.000,0.000,0.000,39.0
800,-5.324,0.998,1.501,-0.000,0.000,0.000,39.0
801,-5.324,0.998,1.501,-0.000,0.000,0.000,39.0
802,-5.324,0.998,1.501,-0.000,0.000,0.000,39.0
803,-5.324,0.998,1.501,-0.000,0.000,0.000,39.0
804,-5.324,0.998,1.501,-0.000,0.000,0.000,39.0
805,-5.324,0.998,1.501,-0.000,-0.000,-0.000,39.0
806,-5.324,0.998,1.501,-0.000,-0.000,-0.000,39.0
807,-5.324,0.998,1.501,-0.000,-0.000,-0.000,39.0
808,-5.324,0.998,1.501,-0.000,-0.000,-0.000,39.0
809,-5.324,0.998,1.501,-0.000,-0.000,-0.000,39.0
810,-5.324,0.998,1.501,-0.000,0.000,0.000,39.0
811,-5.324,0.998,1.501,-0.000,0.000,0.000,39.0
812,-5.324,0.998,1.501,-0.000,0.000,0.000,39.0
813,-5.324,0.998,1.501,-0.000,0.000,0.000,39.0
814,-5.324,0.998,1.501,-0.000,0.000,0.000,39.0
815,-5.324,0.998,1.501,-0.000,-0.000,-0.000,39.0
816,-5.324,0.998,1.501,-0.000,-0.000,-0.000,39.0
817,-5.324,0.998,1.501,-0.000,-0.000,-0.000,39.0
818,-5.324,0.998,1.501,-0.000,-0.000,-0.000,39.0
819,-5.324,0.998,1.501,-0.000,-0.000,-0.000,39.0
820,-5.324,0.998,1.501,-0.000,-0.000,-0.000,39.0
821,-5.324,0.998,1.501,-0.000,0.000,0.000,39.0
822,-5.324,0.998,1.501,-0.000,0.000,0.000,39.0
823,-5.324,0.998,1.501,-0.000,0.000,0.000,39.0
824,-5.324,0.998,1.501,-0.000,0.000,0.000,39.0
825,-5.324,0.998,1.501,-0.000,0.000,0.000,39.0
826,-5.324,0.998,1.501,-0.000,-0.000,-0.000,39.0
827,-5.324,0.998,1.501,-0.000,-0.000,-0.000,39.0
828,-5.324,0.998,1.501,-0.000,-0.000,-0.000,39.0
829,-5.324,0.998,1.501,-0.000,-0.000,-0.000,39.0
830,-5.324,0.998,1.501,-0.000,-0.000,-0.000,39.0
831,-5.324,0.998,1.501,-0.000,0.000,0.000,39.0
832,-5.324,0.998,1.501,-0.000,0.000,0.000,39.0
833,-5.324,0.998,1.501,-0.000,0.000,0.000,39.0
834,-5.324,0.998,1.501,-0.000,0.000,0.000,39.0
835,-5.324,0.998,1.501,-0.000,0.000,0.000,39.0
836,-5.324,0.998,1.501,-0.000,0.000,0.000,39.0
837,-5.324,0.998,1.501,-0.000,-0.000,-0.000,39.0
838,-5.324,0.998,1.501,-0.000,-0.000,-0.000,39.0
839,-5.324,0.998,1.501,-0.000,-0.000,-0.000,39.0
840,-5.324,0.998,1.501,-0.000,-0.000,-0.000,39.0
841,-5.324,0.998,1.501,-0.000,-0.000,-0.000,39.0
842,-5.324,0.998,1.501,-0.000,0.000,0.000,39.0
843,-5.324,0.998,1.501,-0.000,0.000,0.000,39.0
844,-5.324,0.998,1.501,-0.000,0.000,0.000,39.0
845,-5.324,0.998,1.501,-0.000,0.000,0.000,39.0
846,-5.324,0.998,1.501,-0.000,0.000,0.000,39.0
847,-5.324,0.998,1.501,-0.000,-0.000,-0.000,39.0
848,-5.324,0.998,1.501,-0.000,-0.000,-0.000,39.0
849,-5.324,0.998,1.501,-0.000,-0.000,-0.000,39.0
850,-5.324,0.998,1.501,-0.000,-0.000,-0.000,39.0
851,-5.324,0.998,1.501,-0.000,-0.000,-0.000,39.0
852,-5.324,0.998,1.501,-0.000,-0.000,-0.000,39.0
853,-5.324,0.998,1.501,-0.000,0.000,0.000,39.0
854,-5.324,0.998,1.501,-0.000,0.000,0.000,39.0
855,-5.324,0.998,1.501,-0.000,0.000,0.000,39.0
856,-5.324,0.998,1.501,-0.000,0.000,0.000,39.0
857,-5.324,0.998,1.501,-0.000,0.000,0.000,39.0
858,-5.324,0.998,1.501,-0.000,-0.000,-0.000,39.0
859,-5.324,0.998,1.501,-0.000,-0.000,-0.000,39.0
860,-5.324,0.998,1.501,-0.000,-0.000,-0.000,39.0
861,-5.324,0.998,1.501,-0.000,-0.000,-0.000,39.0
862,-5.324,0.998,1.501,-0.000,-0.000,-0.000,39.0
863,-5.324,0.998,1.501,-0.000,-0.000,-0.000,39.0
864,-5.324,0.998,1.501,-0.000,0.000,0.000,39.0
865,-5.324,0.998,1.501,-0.000,0.000,0.000,39.0
866,-5.324,0.998,1.501,-0.000,0.000,0.000,39.0
867,-5.324,0.998,1.501,-0.000,0.000,0.000,39.0
868,-5.324,0.998,1.501,-0.000,0.000,0.000,39.0
869,-5.324,0.998,1.501,-0.000,-0.000,0.000,39.0
870,-5.324,0.998,1.501,-0.000,-0.000,0.000,39.0
871,-5.324,0.998,1.501,-0.000,-0.000,0.000,39.0
872,-5.324,0.998,1.501,-0.000,-0.000,0.000,39.0
873,-5.324,0.998,1.501,-0.000,-0.000,0.000,39.0
874,-5.324,0.998,1.501,-0.000,-0.000,-0.000,39.0
875,-5.324,0.998,1.501,-0.000,0.000,-0.000,39.0
876,-5.324,0.998,1.501,-0.000,0.000,-0.000,39.0
877,-5.324,0.998,1.501,-0.000,0.000,-0.000,39.0
878,-5.324,0.998,1.501,-0.000,0.000,-0.000,39.0
879,-5.324,0.998,1.501,-0.000,0.000,-0.000,39.0
880,-5.324,0.998,1.501,-0.000,0.000,-0.000,39.0
881,-5.324,0.998,1.501,-0.000,0.000,-0.000,39.0
882,-5.324,0.998,1.501,-0.000,0.000,-0.000,39.0
883,-5.324,0.998,1.501,-0.000,0.000,-0.000,39.0
884,-5.324,0.998,1.501,-0.000,0.000,-0.000,39.0
885,-5.324,0.998,1.501,-0.000,-0.000,-0.000,39.0
886,-5.324,0.998,1.501,-0.000,-0.000,-0.000,39.0
887,-5.324,0.998,1.501,-0.000,-0.000,0.000,39.0
888,-5.324,0.998,1.501,-0.000,-0.000,0.000,39.0
889,-5.324,0.998,1.501,-0.000,-0.000,0.000,39.0
890,-5.324,0.998,1.501,-0.000,-0.000,0.000,39.0
891,-5.324,0.998,1.501,-0.000,-0.000,0.000,39.0
892,-5.324,0.998,1.501,-0.000,-0.000,0.000,39.0
893,-5.324,0.998,1.501,-0.000,-0.000,0.000,39.0
894,-5.324,0.998,1.501,-0.000,-0.000,0.000,39.0
895,-5.324,0.998,1.501,-0.000,-0.000,0.000,39.0
896,-5.324,0.998,1.501,-0.000,-0.000,0.000,39.0
897,-5.324,0.998,1.501,-0.000,-0.000,0.000,39.0
898,-5.324,0.998,1.501,-0.000,-0.000,0.000,39.0
899,-5.324,0.998,1.501,-0.000,0.000,0.000,39.0
900,-5.324,0.998,1.501,-0.000,0.000,0.000,39.0
901,-5.324,0.998,1.501,-0.000,0.000,-0.000,39.0
902,-5.324,0.998,1.501,-0.000,0.000,-0.000,39.0
903,-5.324,0.998,1.501,-0.000,0.000,-0.000,39.0
904,-5.324,0.998,1.501,-0.000,0.000,-0.000,39.0
905,-5.324,0.998,1.501,-0.000,0.000,-0.000,39.0
906,-5.324,0.998,1.501,-0.000,0.000,-0.000,39.0
907,-5.324,0.998,1.501,-0.000,0.000,-0.000,39.0
908,-5.324,0.998,1.501,-0.000,0.000,-0.000,39.0
909,-5.324,0.998,1.501,-0.000,0.000,-0.000,39.0
910,-5.324,0.998,1.501,-0.000,0.000,-0.000,39.0
911,-5.324,0.998,1.501,-0.000,0.000,-0.000,39.0
912,-5.324,0.998,1.501,-0.000,0.000,-0.000,39.0
913,-5.324,0.998,1.501,-0.000,-0.000,-0.000,39.0
914,-5.324,0.998,1.501,-0.000,-0.000,-0.000,39.0
915,-5.324,0.998,1.501,-0.000,-0.000,0.000,39.0
916,-5.324,0.998,1.501,-0.000,-0.000,0.000,39.0
917,-5.324,0.998,1.501,-0.000,-0.000,0.000,39.0
918,-5.324,0.998,1.501,-0.000,-0.000,0.000,39.0
919,-5.324,0.998,1.501,-0.000,-0.000,0.000,39.0
920,-5.324,0.998,1.501,-0.000,-0.000,0.000,39.0
921,-5.324,0.998,1.501,-0.000,-0.000,0.000,39.0
922,-5.324,0.998,1.501,-0.000,-0.000,0.000,39.0
923,-5.324,0.998,1.501,-0.000,-0.000,0.000,39.0
924,-5.324,0.998,1.501,-0.000,-0.000,0.000,39.0
925,-5.324,0.998,1.501,-0.000,-0.000,0.000,39.0
926,-5.324,0.998,1.501,-0.000,-0.000,0.000,39.0
927,-5.324,0.998,1.501,-0.000,0.000,0.000,39.0
928,-5.324,0.998,1.501,-0.000,0.000,-0.000,39.0
929,-5.324,0.998,1.501,-0.000,0.000,-0.000,39.0
930,-5.324,0.998,1.501,-0.000,0.000,-0.000,39.0
931,-5.324,0.998,1.501,-0.000,0.000,-0.000,39.0
932,-5.324,0.998,1.501,-0.000,0.000,-0.000,39.0
933,-5.324,0.998,1.501,-0.000,0.000,-0.000,39.0
934,-5.324,0.998,1.501,-0.000,0.000,-0.000,39.0
935,-5.324,0.998,1.501,-0.000,0.000,-0.000,39.0
936,-5.324,0.998,1.501,-0.000,0.000,-0.000,39.0
937,-5.324,0.998,1.501,-0.000,0.000,-0.000,39.0
938,-5.324,0.998,1.501,-0.000,0.000,-0.000,39.0
939,-5.324,0.998,1.501,-0.000,0.000,-0.000,39.0
940,-5.324,0.998,1.501,-0.000,0.000,-0.000,39.0
941,-5.324,0.998,1.501,-0.000,-0.000,-0.000,39.0
942,-5.324,0.998,1.501,-0.000,-0.000,0.000,39.0
943,-5.324,0.998,1.501,-0.000,-0.000,0.000,39.0
944,-5.324,0.998,1.501,-0.000,-0.000,0.000,39.0
945,-5.324,0.998,1.501,-0.000,-0.000,0.000,39.0
946,-5.324,0.998,1.501,-0.000,-0.000,0.000,39.0
947,-5.324,0.998,1.501,-0.000,-0.000,0.000,39.0
948,-5.324,0.998,1.501,-0.000,-0.000,0.000,39.0
949,-5.324,0.998,1.501,-0.000,-0.000,0.000,39.0
950,-5.324,0.998,1.501,-0.000,-0.000,0.000,39.0
951,-5.324,0.998,1.501,-0.000,-0.000,0.000,39.0
952,-5.324,0.998,1.501,-0.000,-0.000,0.000,39.0
953,-5.324,0.998,1.501,-0.000,-0.000,0.000,39.0
954,-5.324,0.998,1.501,-0.000,-0.000,0.000,39.0
955,-5.324,0.998,1.501,-0.000,0.000,0.000,39.0
956,-5.324,0.998,1.501,-0.000,0.000,-0.000,39.0
957,-5.324,0.998,1.501,-0.000,0.000,-0.000,39.0
958,-5.324,0.998,1.501,-0.000,0.000,-0.000,39.0
959,-5.324,0.998,1.501,-0.000,0.000,-0.000,39.0
960,-5.324,0.998,1.501,-0.000,0.000,-0.000,39.0
961,-5.324,0.998,1.501,-0.000,0.000,-0.000,39.0
962,-5.324,0.998,1.501,-0.000,0.000,-0.000,39.0
963,-5.324,0.998,1.501,-0.000,0.000,-0.000,39.0
964,-5.324,0.998,1.501,-0.000,0.000,-0.000,39.0
965,-5.324,0.998,1.501,-0.000,0.000,-0.000,39.0
966,-5.324,0.998,1.501,-0.000,0.000,-0.000,39.0
967,-5.324,0.998,1.501,-0.000,0.000,-0.000,39.0
968,-5.324,0.998,1.501,-0.000,0.000,-0.000,39.0
969,-5.324,0.998,1.501,-0.000,-0.000,0.000,39.0
970,-5.324,0.998,1.501,-0.000,-0.000,0.000,39.0
971,-5.324,0.998,1.501,-0.000,-0.000,0.000,39.0
972,-5.324,0.998,1.501,-0.000,-0.000,0.000,39.0
973,-5.324,0.998,1.501,-0.000,-0.000,0.000,39.0
974,-5.324,0.998,1.501,-0.000,-0.000,0.000,39.0
975,-5.324,0.998,1.501,-0.000,-0.000,0.000,39.0
976,-5.324,0.998,1.501,-0.000,-0.000,0.000,39.0
977,-5.324,0.998,1.501,-0.000,-0.000,0.000,39.0
978,-5.324,0.998,1.501,-0.000,-0.000,0.000,39.0
979,-5.324,0.998,1.501,-0.000,-0.000,0.000,39.0
980,-5.324,0.998,1.501,-0.000,-0.000,0.000,39.0
981,-5.324,0.998,1.501,-0.000,-0.000,0.000,39.0
982,-5.324,0.998,1.501,-0.000,-0.000,0.000,39.0
983,-5.324,0.998,1.501,-0.000,0.000,-0.000,39.0
984,-5.324,0.998,1.501,-0.000,0.000,-0.000,39.0
985,-5.324,0.998,1.501,-0.000,0.000,-0.000,39.0
986,-5.324,0.998,1.501,-0.000,0.000,-0.000,39.0
987,-5.324,0.998,1.501,-0.000,0.000,-0.000,39.0
988,-5.324,0.998,1.501,-0.000,0.000,-0.000,39.0
989,-5.324,0.998,1.501,-0.000,0.000,-0.000,39.0
990,-5.324,0.998,1.501,-0.000,0.000,-0.000,39.0
991,-5.324,0.998,1.501,-0.000,0.000,-0.000,39.0
992,-5.324,0.998,1.501,-0.000,0.000,-0.000,39.0
993,-5.324,0.998,1.501,-0.000,0.000,-0.000,39.0
994,-5.324,0.998,1.501,-0.000,0.000,-0.000,39.0
995,-5.324,0.998,1.501,-0.000,0.000,-0.000,39.0
996,-5.324,0.998,1.501,-0.000,0.000,-0.000,39.0
997,-5.324,0.998,1.501,-0.000,0.000,0.000,39.0
998,-5.324,0.998,1.501,-0.000,-0.000,0.000,39.0
999,-5.324,0.998,1.501,-0.000,-0.000,0.000,39.0
1000,-5.324,0.998,1.501,-0.000,-0.000,0.000,39.0
1001,-5.324,0.998,1.501,-0.000,-0.000,0.000,39.0
1002,-5.324,0.998,1.501,-0.000,-0.000,0.000,39.0
1003,-5.324,0.998,1.501,-0.000,-0.000,0.000,39.0
1004,-5.324,0.998,1.501,-0.000,-0.000,0.000,39.0
1005,-5.324,0.998,1.501,-0.000,-0.000,0.000,39.0
1006,-5.324,0.998,1.501,-0.000,-0.000,0.000,39.0
1007,-5.324,0.998,1.501,-0.000,-0.000,0.000,39.0
1008,-5.324,0.998,1.501,-0.000,-0.000,0.000,39.0
1009,-5.324,0.998,1.501,-0.000,-0.000,0.000,39.0
1010,-5.324,0.998,1.501,-0.000,-0.000,-0.000,39.0
1011,-5.324,0.998,1.501,-0.000,-0.000,-0.000,39.0
1012,-5.324,0.998,1.501,-0.000,0.000,-0.000,39.0
1013,-5.324,0.998,1.501,-0.000,0.000,-0.000,39.0
1014,-5.324,0.998,1.501,-0.000,0.000,-0.000,39.0
1015,-5.324,0.998,1.501,-0.000,0.000,-0.000,39.0
1016,-5.324,0.998,1.501,-0.000,0.000,-0.000,39.0
1017,-5.324,0.998,1.501,-0.000,0.000,-0.000,39.0
1018,-5.324,0.998,1.501,-0.000,0.000,-0.000,39.0
1019,-5.324,0.998,1.501,-0.000,0.000,-0.000,39.0
1020,-5.324,0.998,1.501,-0.000,0.000,-0.000,39.0
1021,-5.324,0.998,1.501,-0.000,0.000,-0.000,39.0
1022,-5.324,0.998,1.501,-0.000,0.000,-0.000,39.0
1023,-5.324,0.998,1.501,-0.000,0.000,-0.000,39.0
1024,-5.324,0.998,1.501,-0.000,0.000,0.000,39.0
1025,-5.324,0.998,1.501,-0.000,0.000,0.000,39.0
1026,-5.324,0.998,1.501,-0.000,-0.000,0.000,39.0
1027,-5.324,0.998,1.501,-0.000,-0.000,0.000,39.0
1028,-5.324,0.998,1.501,-0.000,-0.000,0.000,39.0
1029,-5.324,0.998,1.501,-0.000,-0.000,0.000,39.0
1030,-5.324,0.998,1.501,-0.000,-0.000,0.000,39.0
1031,-5.324,0.998,1.501,-0.000,-0.000,0.000,39.0
1032,-5.324,0.998,1.501,-0.000,-0.000,0.000,39.0
1033,-5.324,0.998,1.501,-0.000,-0.000,0.000,39.0
1034,-5.324,0.998,1.501,-0.000,-0.000,0.000,39.0
1035,-5.324,0.998,1.501,-0.000,-0.000,0.000,39.0
1036,-5.324,0.998,1.501,-0.000,-0.000,0.000,39.0
1037,-5.324,0.998,1.501,-0.000,-0.000,0.000,39.0
1038,-5.324,0.998,1.501,-0.000,-0.000,-0.000,39.0
1039,-5.324,0.998,1.501,-0.000,-0.000,-0.000,39.0
1040,-5.324,0.998,1.501,-0.000,0.000,-0.000,39.0
1041,-5.324,0.998,1.501,-0.000,0.000,-0.000,39.0
1042,-5.324,0.998,1.501,-0.000,0.000,-0.000,39.0
1043,-5.324,0.998,1.501,-0.000,0.000,-0.000,39.0
1044,-5.324,0.998,1.501,-0.000,0.000,-0.000,39.0
1045,-5.324,0.998,1.501,-0.000,0.000,-0.000,39.0
1046,-5.324,0.998,1.501,-0.000,0.000,-0.000,39.0
1047,-5.324,0.998,1.501,-0.000,0.000,-0.000,39.0
1048,-5.324,0.998,1.501,-0.000,0.000,-0.000,39.0
1049,-5.324,0.998,1.501,-0.000,0.000,-0.000,39.0
1050,-5.324,0.998,1.501,-0.000,0.000,-0.000,39.0
1051,-5.324,0.998,1.501,-0.000,0.000,0.000,39.0
1052,-5.324,0.998,1.501,-0.000,0.000,0.000,39.0
1053,-5.324,0.998,1.501,-0.000,0.000,0.000,39.0
1054,-5.324,0.998,1.501,-0.000,-0.000,0.000,39.0
1055,-5.324,0.998,1.501,-0.000,-0.000,0.000,39.0
1056,-5.324,0.998,1.501,-0.000,-0.000,0.000,39.0
1057,-5.324,0.998,1.501,-0.000,-0.000,0.000,39.0
1058,-5.324,0.998,1.501,-0.000,-0.000,0.000,39.0
1059,-5.324,0.998,1.501,-0.000,-0.000,0.000,39.0
1060,-5.324,0.998,1.501,-0.000,-0.000,0.000,39.0
1061,-5.324,0.998,1.501,-0.000,-0.000,0.000,39.0
1062,-5.324,0.998,1.501,-0.000,-0.000,0.000,39.0
1063,-5.324,0.998,1.501,-0.000,-0.000,0.000,39.0
1064,-5.324,0.998,1.501,-0.000,-0.000,0.000,39.0
1065,-5.324,0.998,1.501,-0.000,-0.000,-0.000,39.0
1066,-5.324,0.998,1.501,-0.000,-0.000,-0.000,39.0
1067,-5.324,0.998,1.501,-0.000,-0.000,-0.000,39.0
1068,-5.324,0.998,1.501,-0.000,0.000,-0.000,39.0
1069,-5.324,0.998,1.501,-0.000,0.000,-0.000,39.0
1070,-5.324,0.998,1.501,-0.000,0.000,-0.000,39.0
1071,-5.324,0.998,1.501,-0.000,0.000,-0.000,39.0
1072,-5.324,0.998,1.501,-0.000,0.000,-0.000,39.0
1073,-5.324,0.998,1.501,-0.000,0.000,-0.000,39.0
1074,-5.324,0.998,1.501,-0.000,0.000,-0.000,39.0
1075,-5.324,0.998,1.501,-0.000,0.000,-0.000,39.0
1076,-5.324,0.998,1.501,-0.000,0.000,-0.000,39.0
1077,-5.324,0.998,1.501,-0.000,0.000,-0.000,39.0
1078,-5.324,0.998,1.501,-0.000,0.000,0.000,39.0
1079,-5.324,0.998,1.501,-0.000,0.000,0.000,39.0
1080,-5.324,0.998,1.501,-0.000,0.000,0.000,39.0
1081,-5.324,0.998,1.501,-0.000,0.000,0.000,39.0
1082,-5.324,0.998,1.501,-0.000,-0.000,0.000,39.0
1083,-5.324,0.998,1.501,-0.000,-0.000,0.000,39.0
1084,-5.324,0.998,1.501,-0.000,-0.000,0.000,39.0
1085,-5.324,0.998,1.501,-0.000,-0.000,0.000,39.0
1086,-5.324,0.998,1.501,-0.000,-0.000,0.000,39.0
1087,-5.324,0.998,1.501,-0.000,-0.000,0.000,39.0
1088,-5.324,0.998,1.501,-0.000,-0.000,0.000,39.0
1089,-5.324,0.998,1.501,-0.000,-0.000,0.000,39.0
1090,-5.324,0.998,1.501,-0.000,-0.000,0.000,39.0
1091,-5.324,0.998,1.501,-0.000,-0.000,0.000,39.0
1092,-5.324,0.998,1.501,-0.000,-0.000,-0.000,39.0
1093,-5.324,0.998,1.501,-0.000,-0.000,-0.000,39.0
1094,-5.324,0.998,1.501,-0.000,-0.000,-0.000,39.0
1095,-5.324,0.998,1.501,-0.000,-0.000,-0.000,39.0
1096,-5.324,0.998,1.501,-0.000,0.000,-0.000,39.0
1097,-5.324,0.998,1.501,-0.000,0.000,-0.000,39.0
1098,-5.324,0.998,1.501,-0.000,0.000,-0.000,39.0
1099,-5.324,0.998,1.501,-0.000,0.000,-0.000,39.0
1100,-5.324,0.998,1.501,-0.000,0.000,-0.000,39.0
1101,-5.324,0.998,1.501,-0.000,0.000,-0.000,39.0
1102,-5.324,0.998,1.501,-0.000,0.000,-0.000,39.0
1103,-5.324,0.998,1.501,-0.000,0.000,-0.000,39.0
1104,-5.324,0.998,1.501,-0.000,0.000,-0.000,39.0
1105,-5.324,0.998,1.501,-0.000,0.000,-0.000,39.0
1106,-5.324,0.998,1.501,-0.000,0.000,0.000,39.0
1107,-5.324,0.998,1.501,-0.000,0.000,0.000,39.0
1108,-5.324,0.998,1.501,-0.000,0.000,0.000,39.0
1109,-5.324,0.998,1.501,-0.000,0.000,0.000,39.0
1110,-5.324,0.998,1.501,-0.000,-0.000,0.000,39.0
1111,-5.324,0.998,1.501,-0.000,-0.000,0.000,39.0
1112,-5.324,0.998,1.501,-0.000,-0.000,0.000,39.0
1113,-5.324,0.998,1.501,-0.000,-0.000,0.000,39.0
1114,-5.324,0.998,1.501,-0.000,-0.000,0.000,39.0
1115,-5.324,0.998,1.501,-0.000,-0.000,0.000,39.0
1116,-5.324,0.998,1.501,-0.000,-0.000,0.000,39.0
1117,-5.324,0.998,1.501,-0.000,-0.000,0.000,39.0
1118,-5.324,0.998,1.501,-0.000,-0.000,0.000,39.0
1119,-5.324,0.998,1.501,-0.000,-0.000,-0.000,39.0
1120,-5.324,0.998,1.501,-0.000,-0.000,-0.000,39.0
1121,-5.324,0.998,1.501,-0.000,-0.000,-0.000,39.0
1122,-5.324,0.998,1.501,-0.000,-0.000,-0.000,39.0
1123,-5.324,0.998,1.501,-0.000,-0.000,-0.000,39.0
1124,-5.324,0.998,1.501,-0.000,0.000,-0.000,39.0
1125,-5.324,0.998,1.501,-0.000,0.000,-0.000,39.0
1126,-5.324,0.998,1.501,-0.000,0.000,-0.000,39.0
1127,-5.324,0.998,1.501,-0.000,0.000,-0.000,39.0
1128,-5.324,0.998,1.501,-0.000,0.000,-0.000,39.0
1129,-5.324,0.998,1.501,-0.000,0.000,-0.000,39.0
1130,-5.324,0.998,1.501,-0.000,0.000,-0.000,39.0
1131,-5.324,0.998,1.501,-0.000,0.000,-0.000,39.0
1132,-5.324,0.998,1.501,-0.000,0.000,-0.000,39.0
1133,-5.324,0.998,1.501,-0.000,0.000,0.000,39.0
1134,-5.324,0.998,1.501,-0.000,0.000,0.000,39.0
1135,-5.324,0.998,1.501,-0.000,0.000,0.000,39.0
1136,-5.324,0.998,1.501,-0.000,0.000,0.000,39.0
1137,-5.324,0.998,1.501,-0.000,0.000,0.000,39.0
1138,-5.324,0.998,1.501,-0.000,-0.000,0.000,39.0
1139,-5.324,0.998,1.501,-0.000,-0.000,0.000,39.0
1140,-5.324,0.998,1.501,-0.000,-0.000,0.000,39.0
1141,-5.324,0.998,1.501,-0.000,-0.000,0.000,39.0
1142,-5.324,0.998,1.501,-0.000,-0.000,0.000,39.0
1143,-5.324,0.998,1.501,-0.000,-0.000,0.000,39.0
1144,-5.324,0.998,1.501,-0.000,-0.000,0.000,39.0
1145,-5.324,0.998,1.501,-0.000,-0.000,0.000,39.0
1146,-5.324,0.998,1.501,-0.000,-0.000,0.000,39.0
1147,-5.324,0.998,1.501,-0.000,-0.000,-0.000,39.0
1148,-5.324,0.998,1.501,-0.000,-0.000,-0.000,39.0
1149,-5.324,0.998,1.501,-0.000,-0.000,-0.000,39.0
1150,-5.324,0.998,1.501,-0.000,-0.000,-0.000,39.0
1151,-5.324,0.998,1.501,-0.000,-0.000,-0.000,39.0
1152,-5.324,0.998,1.501,-0.000,0.000,-0.000,39.0
1153,-5.324,0.998,1.501,-0.000,0.000,-0.000,39.0
1154,-5.324,0.998,1.501,-0.000,0.000,-0.000,39.0
1155,-5.324,0.998,1.501,-0.000,0.000,-0.000,39.0
1156,-5.324,0.998,1.501,-0.000,0.000,-0.000,39.0
1157,-5.324,0.998,1.501,-0.000,0.000,-0.000,39.0
1158,-5.324,0.998,1.501,-0.000,0.000,-0.000,39.0
1159,-5.324,0.998,1.501,-0.000,0.000,-0.000,39.0
1160,-5.324,0.998,1.501,-0.000,0.000,0.000,39.0
1161,-5.324,0.998,1.501,-0.000,0.000,0.000,39.0
1162,-5.324,0.998,1.501,-0.000,0.000,0.000,39.0
1163,-5.324,0.998,1.501,-0.000,0.000,0.000,39.0
1164,-5.324,0.998,1.501,-0.000,0.000,0.000,39.0
1165,-5.324,0.998,1.501,-0.000,0.000,0.000,39.0
1166,-5.324,0.998,1.501,-0.000,-0.000,0.000,39.0
1167,-5.324,0.998,1.501,-0.000,-0.000,0.000,39.0
1168,-5.324,0.998,1.501,-0.000,-0.000,0.000,39.0
1169,-5.324,0.998,1.501,-0.000,-0.000,0.000,39.0
1170,-5.324,0.998,1.501,-0.000,-0.000,0.000,39.0
1171,-5.324,0.998,1.501,-0.000,-0.000,0.000,39.0
1172,-5.324,0.998,1.501,-0.000,-0.000,0.000,39.0
1173,-5.324,0.998,1.501,-0.000,-0.000,0.000,39.0
1174,-5.324,0.998,1.501,-0.000,-0.000,-0.000,39.0
1175,-5.324,0.998,1.501,-0.000,-0.000,-0.000,39.0
1176,-5.324,0.998,1.501,-0.000,-0.000,-0.000,39.0
1177,-5.324,0.998,1.501,-0.000,-0.000,-0.000,39.0
1178,-5.324,0.998,1.501,-0.000,-0.000,-0.000,39.0
1179,-5.324,0.998,1.501,-0.000,-0.000,-0.000,39.0
1180,-5.324,0.998,1.501,-0.000,0.000,-0.000,39.0
1181,-5.324,0.998,1.501,-0.000,0.000,-0.000,39.0
1182,-5.324,0.998,1.501,-0.000,0.000,-0.000,39.0
1183,-5.324,0.998,1.501,-0.000,0.000,-0.000,39.0
1184,-5.324,0.998,1.501,-0.000,0.000,-0.000,39.0
1185,-5.324,0.998,1.501,-0.000,0.000,-0.000,39.0
1186,-5.324,0.998,1.501,-0.000,0.000,-0.000,39.0
1187,-5.324,0.998,1.501,-0.000,0.000,-0.000,39.0
1188,-5.324,0.998,1.501,-0.000,0.000,0.000,39.0
1189,-5.324,0.998,1.501,-0.000,0.000,0.000,39.0
1190,-5.324,0.998,1.501,-0.000,0.000,0.000,39.0
1191,-5.324,0.998,1.501,-0.000,0.000,0.000,39.0
1192,-5.324,0.998,1.501,-0.000,0.000,0.000,39.0
1193,-5.324,0.998,1.501,-0.000,0.000,0.000,39.0
1194,-5.324,0.998,1.501,-0.000,-0.000,0.000,39.0
1195,-5.324,0.998,1.501,-0.000,-0.000,0.000,39.0
1196,-5.324,0.998,1.501,-0.000,-0.000,0.000,39.0
1197,-5.324,0.998,1.501,-0.000,-0.000,0.000,39.0
1198,-5.324,0.998,1.501,-0.000,-0.000,0.000,39.0
1199,-5.324,0.998,1.501,-0.000,-0.000,0.000,39.0
1200,-5.324,0.998,1.501,-0.000,-0.000,0.000,39.0
1201,-5.324,0.998,1.501,-0.000,-0.000,-0.000,39.0
1202,-5.324,0.998,1.501,-0.000,-0.000,-0.000,39.0
1203,-5.324,0.998,1.501,-0.000,-0.000,-0.000,39.0
1204,-5.324,0.998,1.501,-0.000,-0.000,-0.000,39.0
1205,-5.324,0.998,1.501,-0.000,-0.000,-0.000,39.0
1206,-5.324,0.998,1.501,-0.000,-0.000,-0.000,39.0
1207,-5.324,0.998,1.501,-0.000,-0.000,-0.000,39.0
1208,-5.324,0.998,1.501,-0.000,0.000,-0.000,39.0
1209,-5.324,0.998,1.501,-0.000,0.000,-0.000,39.0
1210,-5.324,0.998,1.501,-0.000,0.000,-0.000,39.0
1211,-5.324,0.998,1.501,-0.000,0.000,-0.000,39.0
1212,-5.324,0.998,1.501,-0.000,0.000,-0.000,39.0
1213,-5.324,0.998,1.501,-0.000,0.000,-0.000,39.0
1214,-5.324,0.998,1.501,-0.000,0.000,-0.000,39.0
1215,-5.324,0.998,1.501,-0.000,0.000,0.000,39.0
1216,-5.324,0.998,1.501,-0.000,0.000,0.000,39.0
1217,-5.324,0.998,1.501,-0.000,0.000,0.000,39.0
1218,-5.324,0.998,1.501,-0.000,0.000,0.000,39.0
1219,-5.324,0.998,1.501,-0.000,0.000,0.000,39.0
1220,-5.324,0.998,1.501,-0.000,0.000,0.000,39.0
1221,-5.324,0.998,1.501,-0.000,0.000,0.000,39.0
1222,-5.324,0.998,1.501,-0.000,-0.000,0.000,39.0
1223,-5.324,0.998,1.501,-0.000,-0.000,0.000,39.0
1224,-5.324,0.998,1.501,-0.000,-0.000,0.000,39.0
1225,-5.324,0.998,1.501,-0.000,-0.000,0.000,39.0
1226,-5.324,0.998,1.501,-0.000,-0.000,0.000,39.0
1227,-5.324,0.998,1.501,-0.000,-0.000,0.000,39.0
1228,-5.324,0.998,1.501,-0.000,-0.000,0.000,39.0
1229,-5.324,0.998,1.501,-0.000,-0.000,-0.000,39.0
1230,-5.324,0.998,1.501,-0.000,-0.000,-0.000,39.0
1231,-5.324,0.998,1.501,-0.000,-0.000,-0.000,39.0
1232,-5.324,0.998,1.501,-0.000,-0.000,-0.000,39.0
1233,-5.324,0.998,1.501,-0.000,-0.000,-0.000,39.0
1234,-5.324,0.998,1.501,-0.000,-0.000,-0.000,39.0
1235,-5.324,0.998,1.501,-0.000,-0.000,-0.000,39.0
1236,-5.324,0.998,1.501,-0.000,0.000,-0.000,39.0
1237,-5.324,0.998,1.501,-0.000,0.000,-0.000,39.0
1238,-5.324,0.998,1.501,-0.000,0.000,-0.000,39.0
1239,-5.324,0.998,1.501,-0.000,0.000,-0.000,39.0
1240,-5.324,0.998,1.501,-0.000,0.000,-0.000,39.0
1241,-5.324,0.998,1.501,-0.000,0.000,-0.000,39.0
1242,-5.324,0.998,1.501,-0.000,0.000,0.000,39.0
1243,-5.324,0.998,1.501,-0.000,0.000,0.000,39.0
1244,-5.324,0.998,1.501,-0.000,0.000,0.000,39.0
1245,-5.324,0.998,1.501,-0.000,0.000,0.000,39.0
1246,-5.324,0.998,1.501,-0.000,0.000,0.000,39.0
1247,-5.324,0.998,1.501,-0.000,0.000,0.000,39.0
1248,-5.324,0.998,1.501,-0.000,0.000,0.000,39.0
1249,-5.324,0.998,1.501,-0.000,0.000,0.000,39.0
1250,-5.324,0.998,1.501,-0.000,0.000,0.000,39.0
1251,-5.324,0.998,1.501,-0.000,-0.000,0.000,39.0
1252,-5.324,0.998,1.501,-0.000,-0.000,0.000,39.0
1253,-5.324,0.998,1.501,-0.000,-0.000,0.000,39.0
1254,-5.324,0.998,1.501,-0.000,-0.000,0.000,39.0
1255,-5.324,0.998,1.501,-0.000,-0.000,0.000,39.0
1256,-5.324,0.998,1.501,-0.000,-0.000,-0.000,39.0
1257,-5.324,0.998,1.501,-0.000,-0.000,-0.000,39.0
1258,-5.324,0.998,1.501,-0.000,-0.000,-0.000,39.0
1259,-5.324,0.998,1.501,-0.000,-0.000,-0.000,39.0
1260,-5.324,0.998,1.501,-0.000,-0.000,-0.000,39.0
1261,-5.324,0.998,1.501,-0.000,-0.000,-0.000,39.0
1262,-5.324,0.998,1.501,-0.000,-0.000,-0.000,39.0
1263,-5.324,0.998,1.501,-0.000,-0.000,-0.000,39.0
1264,-5.324,0.998,1.501,-0.000,-0.000,-0.000,39.0
1265,-5.324,0.998,1.501,-0.000,0.000,-0.000,39.0
1266,-5.324,0.998,1.501,-0.000,0.000,-0.000,39.0
1267,-5.324,0.998,1.501,-0.000,0.000,-0.000,39.0
1268,-5.324,0.998,1.501,-0.000,0.000,-0.000,39.0
1269,-5.324,0.998,1.501,-0.000,0.000,-0.000,39.0
1270,-5.324,0.998,1.501,-0.000,0.000,0.000,39.0
1271,-5.324,0.998,1.501,-0.000,0.000,0.000,39.0
1272,-5.324,0.998,1.501,-0.000,0.000,0.000,39.0
1273,-5.324,0.998,1.501,-0.000,0.000,0.000,39.0
1274,-5.324,0.998,1.501,-0.000,0.000,0.000,39.0
1275,-5.324,0.998,1.501,-0.000,0.000,0.000,39.0
1276,-5.324,0.998,1.501,-0.000,0.000,0.000,39.0
1277,-5.324,0.998,1.501,-0.000,0.000,0.000,39.0
1278,-5.324,0.998,1.501,-0.000,0.000,0.000,39.0
1279,-5.324,0.998,1.501,-0.000,-0.000,0.000,39.0
1280,-5.324,0.998,1.501,-0.000,-0.000,0.000,39.0
1281,-5.324,0.998,1.501,-0.000,-0.000,0.000,39.0
1282,-5.324,0.998,1.501,-0.000,-0.000,0.000,39.0
1283,-5.324,0.998,1.501,-0.000,-0.000,-0.000,39.0
1284,-5.324,0.998,1.501,-0.000,-0.000,-0.000,39.0
1285,-5.324,0.998,1.501,-0.000,-0.000,-0.000,39.0
1286,-5.324,0.998,1.501,-0.000,-0.000,-0.000,39.0
1287,-5.324,0.998,1.501,-0.000,-0.000,-0.000,39.0
1288,-5.324,0.998,1.501,-0.000,-0.000,-0.000,39.0
1289,-5.324,0.998,1.501,-0.000,-0.000,-0.000,39.0
1290,-5.324,0.998,1.501,-0.000,-0.000,-0.000,39.0
1291,-5.324,0.998,1.501,-0.000,-0.000,-0.000,39.0
1292,-5.324,0.998,1.501,-0.000,-0.000,-0.000,39.0
1293,-5.324,0.998,1.501,-0.000,0.000,-0.000,39.0
1294,-5.324,0.998,1.501,-0.000,0.000,-0.000,39.0
1295,-5.324,0.998,1.501,-0.000,0.000,-0.000,39.0
1296,-5.324,0.998,1.501,-0.000,0.000,-0.000,39.0
1297,-5.324,0.998,1.501,-0.000,0.000,0.000,39.0
1298,-5.324,0.998,1.501,-0.000,0.000,0.000,39.0
1299,-5.324,0.998,1.501,-0.000,0.000,0.000,39.0
1300,-5.324,0.998,1.501,-0.000,0.000,0.000,39.0
1301,-5.324,0.998,1.501,-0.000,0.000,0.000,39.0
1302,-5.324,0.998,1.501,-0.000,0.000,0.000,39.0
1303,-5.324,0.998,1.501,-0.000,0.000,0.000,39.0
1304,-5.324,0.998,1.501,-0.000,0.000,0.000,39.0
1305,-5.324,0.998,1.501,-0.000,0.000,0.000,39.0
1306,-5.324,0.998,1.501,-0.000,0.000,0.000,39.0
1307,-5.324,0.998,1.501,-0.000,-0.000,0.000,39.0
1308,-5.324,0.998,1.501,-0.000,-0.000,0.000,39.0
1309,-5.324,0.998,1.501,-0.000,-0.000,0.000,39.0
1310,-5.324,0.998,1.501,-0.000,-0.000,0.000,39.0
1311,-5.324,0.998,1.501,-0.000,-0.000,-0.000,39.0
1312,-5.324,0.998,1.501,-0.000,-0.000,-0.000,39.0
1313,-5.324,0.998,1.501,-0.000,-0.000,-0.000,39.0
1314,-5.324,0.998,1.501,-0.000,-0.000,-0.000,39.0
1315,-5.324,0.998,1.501,-0.000,-0.000,-0.000,39.0
1316,-5.324,0.998,1.501,-0.000,-0.000,-0.000,39.0
1317,-5.324,0.998,1.501,-0.000,-0.000,-0.000,39.0
1318,-5.324,0.998,1.501,-0.000,-0.000,-0.000,39.0
1319,-5.324,0.998,1.501,-0.000,-0.000,-0.000,39.0
1320,-5.324,0.998,1.501,-0.000,-0.000,-0.000,39.0
1321,-5.324,0.998,1.501,-0.000,0.000,-0.000,39.0
1322,-5.324,0.998,1.501,-0.000,0.000,-0.000,39.0
1323,-5.324,0.998,1.501,-0.000,0.000,-0.000,39.0
1324,-5.324,0.998,1.501,-0.000,0.000,0.000,39.0
1325,-5.324,0.998,1.501,-0.000,0.000,0.000,39.0
1326,-5.324,0.998,1.501,-0.000,0.000,0.000,39.0
1327,-5.324,0.998,1.501,-0.000,0.000,0.000,39.0
1328,-5.324,0.998,1.501,-0.000,0.000,0.000,39.0
1329,-5.324,0.998,1.501,-0.000,0.000,0.000,39.0
1330,-5.324,0.998,1.501,-0.000,0.000,0.000,39.0
1331,-5.324,0.998,1.501,-0.000,0.000,0.000,39.0
1332,-5.324,0.998,1.501,-0.000,0.000,0.000,39.0
1333,-5.324,0.998,1.501,-0.000,0.000,0.000,39.0
1334,-5.324,0.998,1.501,-0.000,0.000,0.000,39.0
1335,-5.324,0.998,1.501,-0.000,-0.000,0.000,39.0
1336,-5.324,0.998,1.501,-0.000,-0.000,0.000,39.0
1337,-5.324,0.998,1.501,-0.000,-0.000,0.000,39.0
1338,-5.324,0.998,1.501,-0.000,-0.000,-0.000,39.0
1339,-5.324,0.998,1.501,-0.000,-0.000,-0.000,39.0
1340,-5.324,0.998,1.501,-0.000,-0.000,-0.000,39.0
1341,-5.324,0.998,1.501,-0.000,-0.000,-0.000,39.0
1342,-5.324,0.998,1.501,-0.000,-0.000,-0.000,39.0
1343,-5.324,0.998,1.501,-0.000,-0.000,-0.000,39.0
1344,-5.324,0.998,1.501,-0.000,-0.000,-0.000,39.0
1345,-5.324,0.998,1.501,-0.000,-0.000,-0.000,39.0
1346,-5.324,0.998,1.501,-0.000,-0.000,-0.000,39.0
1347,-5.324,0.998,1.501,-0.000,-0.000,-0.000,39.0
1348,-5.324,0.998,1.501,-0.000,-0.000,-0.000,39.0
1349,-5.324,0.998,1.501,-0.000,0.000,-0.000,39.0
1350,-5.324,0.998,1.501,-0.000,0.000,-0.000,39.0
1351,-5.324,0.998,1.501,-0.000,0.000,-0.000,39.0
1352,-5.324,0.998,1.501,-0.000,0.000,0.000,39.0
1353,-5.324,0.998,1.501,-0.000,0.000,0.000,39.0
1354,-5.324,0.998,1.501,-0.000,0.000,0.000,39.0
1355,-5.324,0.998,1.501,-0.000,0.000,0.000,39.0
1356,-5.324,0.998,1.501,-0.000,0.000,0.000,39.0
1357,-5.324,0.998,1.501,-0.000,0.000,0.000,39.0
1358,-5.324,0.998,1.501,-0.000,0.000,0.000,39.0
1359,-5.324,0.998,1.501,-0.000,0.000,0.000,39.0
1360,-5.324,0.998,1.501,-0.000,0.000,0.000,39.0
1361,-5.324,0.998,1.501,-0.000,0.000,0.000,39.0
1362,-5.324,0.998,1.501,-0.000,0.000,0.000,39.0
1363,-5.324,0.998,1.501,-0.000,-0.000,0.000,39.0
1364,-5.324,0.998,1.501,-0.000,-0.000,0.000,39.0
1365,-5.324,0.998,1.501,-0.000,-0.000,-0.000,39.0
1366,-5.324,0.998,1.501,-0.000,-0.000,-0.000,39.0
1367,-5.324,0.998,1.501,-0.000,-0.000,-0.000,39.0
1368,-5.324,0.998,1.501,-0.000,-0.000,-0.000,39.0
1369,-5.324,0.998,1.501,-0.000,-0.000,-0.000,39.0
1370,-5.324,0.998,1.501,-0.000,-0.000,-0.000,39.0
1371,-5.324,0.998,1.501,-0.000,-0.000,-0.000,39.0
1372,-5.324,0.998,1.501,-0.000,-0.000,-0.000,39.0
1373,-5.324,0.998,1.501,-0.000,-0.000,-0.000,39.0
1374,-5.324,0.998,1.501,-0.000,-0.000,-0.000,39.0
1375,-5.324,0.998,1.501,-0.000,-0.000,-0.000,39.0
1376,-5.324,0.998,1.501,-0.000,-0.000,-0.000,39.0
1377,-5.324,0.998,1.501,-0.000,0.000,-0.000,39.0
1378,-5.324,0.998,1.501,-0.000,0.000,-0.000,39.0
1379,-5.324,0.998,1.501,-0.000,0.000,0.000,39.0
1380,-5.324,0.998,1.501,-0.000,0.000,0.000,39.0
1381,-5.324,0.998,1.501,-0.000,0.000,0.000,39.0
1382,-5.324,0.998,1.501,-0.000,0.000,0.000,39.0
1383,-5.324,0.998,1.501,-0.000,0.000,0.000,39.0
1384,-5.324,0.998,1.501,-0.000,0.000,0.000,39.0
1385,-5.324,0.998,1.501,-0.000,0.000,0.000,39.0
1386,-5.324,0.998,1.501,-0.000,0.000,0.000,39.0
1387,-5.324,0.998,1.501,-0.000,0.000,0.000,39.0
1388,-5.324,0.998,1.501,-0.000,0.000,0.000,39.0
1389,-5.324,0.998,1.501,-0.000,0.000,0.000,39.0
1390,-5.324,0.998,1.501,-0.000,0.000,0.000,39.0
1391,-5.324,0.998,1.501,-0.000,-0.000,0.000,39.0
1392,-5.324,0.998,1.501,-0.000,-0.000,-0.000,39.0
1393,-5.324,0.998,1.501,-0.000,-0.000,-0.000,39.0
1394,-5.324,0.998,1.501,-0.000,-0.000,-0.000,39.0
1395,-5.324,0.998,1.501,-0.000,-0.000,-0.000,39.0
1396,-5.324,0.998,1.501,-0.000,-0.000,-0.000,39.0
1397,-5.324,0.998,1.501,-0.000,-0.000,-0.000,39.0
1398,-5.324,0.998,1.501,-0.000,-0.000,-0.000,39.0
1399,-5.324,0.998,1.501,-0.000,-0.000,-0.000,39.0
1400,-5.324,0.998,1.501,-0.000,-0.000,-0.000,39.0
1401,-5.324,0.998,1.501,-0.000,-0.000,-0.000,39.0
1402,-5.324,0.998,1.501,-0.000,-0.000,-0.000,39.0
1403,-5.324,0.998,1.501,-0.000,-0.000,-0.000,39.0
1404,-5.324,0.998,1.501,-0.000,-0.000,-0.000,39.0
1405,-5.324,0.998,1.501,-0.000,0.000,-0.000,39.0
1406,-5.324,0.998,1.501,-0.000,0.000,0.000,39.0
1407,-5.324,0.998,1.501,-0.000,0.000,0.000,39.0
1408,-5.324,0.998,1.501,-0.000,0.000,0.000,39.0
1409,-5.324,0.998,1.501,-0.000,0.000,0.000,39.0
1410,-5.324,0.998,1.501,-0.000,0.000,0.000,39.0
1411,-5.324,0.998,1.501,-0.000,0.000,0.000,39.0
1412,-5.324,0.998,1.501,-0.000,0.000,0.000,39.0
1413,-5.324,0.998,1.501,-0.000,0.000,0.000,39.0
1414,-5.324,0.998,1.501,-0.000,0.000,0.000,39.0
1415,-5.324,0.998,1.501,-0.000,0.000,0.000,39.0
1416,-5.324,0.998,1.501,-0.000,0.000,0.000,39.0
1417,-5.324,0.998,1.501,-0.000,0.000,0.000,39.0
1418,-5.324,0.998,1.501,-0.000,0.000,0.000,39.0
1419,-5.324,0.998,1.501,-0.000,-0.000,0.000,39.0
1420,-5.324,0.998,1.501,-0.000,-0.000,-0.000,39.0
1421,-5.324,0.998,1.501,-0.000,-0.000,-0.000,39.0
1422,-5.324,0.998,1.501,-0.000,-0.000,-0.000,39.0
1423,-5.324,0.998,1.501,-0.000,-0.000,-0.000,39.0
1424,-5.324,0.998,1.501,-0.000,-0.000,-0.000,39.0
1425,-5.324,0.998,1.501,-0.000,-0.000,-0.000,39.0
1426,-5.324,0.998,1.501,-0.000,-0.000,-0.000,39.0
1427,-5.324,0.998,1.501,-0.000,-0.000,-0.000,39.0
1428,-5.324,0.998,1.501,-0.000,-0.000,-0.000,39.0
1429,-5.324,0.998,1.501,-0.000,-0.000,-0.000,39.0
1430,-5.324,0.998,1.501,-0.000,-0.000,-0.000,39.0
1431,-5.324,0.998,1.501,-0.000,-0.000,-0.000,39.0
1432,-5.324,0.998,1.501,-0.000,-0.000,-0.000,39.0
1433,-5.324,0.998,1.501,-0.000,0.000,0.000,39.0
1434,-5.324,0.998,1.501,-0.000,0.000,0.000,39.0
1435,-5.324,0.998,1.501,-0.000,0.000,0.000,39.0
1436,-5.324,0.998,1.501,-0.000,0.000,0.000,39.0
1437,-5.324,0.998,1.501,-0.000,0.000,0.000,39.0
1438,-5.324,0.998,1.501,-0.000,0.000,0.000,39.0
1439,-5.324,0.998,1.501,-0.000,0.000,0.000,39.0
1440,-5.324,0.998,1.501,-0.000,0.000,0.000,39.0
1441,-5.324,0.998,1.501,-0.000,0.000,0.000,39.0
1442,-5.324,0.998,1.501,-0.000,0.000,0.000,39.0
1443,-5.324,0.998,1.501,-0.000,0.000,0.000,39.0
1444,-5.324,0.998,1.501,-0.000,0.000,0.000,39.0
1445,-5.324,0.998,1.501,-0.000,0.000,0.000,39.0
1446,-5.324,0.998,1.501,-0.000,0.000,0.000,39.0
1447,-5.324,0.998,1.501,-0.000,-0.000,-0.000,39.0
1448,-5.324,0.998,1.501,-0.000,-0.000,-0.000,39.0
1449,-5.324,0.998,1.501,-0.000,-0.000,-0.000,39.0
1450,-5.324,0.998,1.501,-0.000,-0.000,-0.000,39.0
1451,-5.324,0.998,1.501,-0.000,-0.000,-0.000,39.0
1452,-5.324,0.998,1.501,-0.000,-0.000,-0.000,39.0
1453,-5.324,0.998,1.501,-0.000,-0.000,-0.000,39.0
1454,-5.324,0.998,1.501,-0.000,-0.000,-0.000,39.0
1455,-5.324,0.998,1.501,-0.000,-0.000,-0.000,39.0
1456,-5.324,0.998,1.501,-0.000,-0.000,-0.000,39.0
1457,-5.324,0.998,1.501,-0.000,-0.000,-0.000,39.0
1458,-5.324,0.998,1.501,-0.000,-0.000,-0.000,39.0
1459,-5.324,0.998,1.501,-0.000,-0.000,-0.000,39.0
1460,-5.324,0.998,1.501,-0.000,-0.000,-0.000,39.0
1461,-5.324,0.998,1.501,-0.000,0.000,0.000,39.0
1462,-5.324,0.998,1.501,-0.000,0.000,0.000,39.0
1463,-5.324,0.998,1.501,-0.000,0.000,0.000,39.0
1464,-5.324,0.998,1.501,-0.000,0.000,0.000,39.0
1465,-5.324,0.998,1.501,-0.000,0.000,0.000,39.0
1466,-5.324,0.998,1.501,-0.000,0.000,0.000,39.0
1467,-5.324,0.998,1.501,-0.000,0.000,0.000,39.0
1468,-5.324,0.998,1.501,-0.000,0.000,0.000,39.0
1469,-5.324,0.998,1.501,-0.000,0.000,0.000,39.0
1470,-5.324,0.998,1.501,-0.000,0.000,0.000,39.0
1471,-5.324,0.998,1.501,-0.000,0.000,0.000,39.0
1472,-5.324,0.998,1.501,-0.000,0.000,0.000,39.0
1473,-5.324,0.998,1.501,-0.000,0.000,0.000,39.0
1474,-5.324,0.998,1.501,-0.000,0.000,-0.000,39.0
1475,-5.324,0.998,1.501,-0.000,0.000,-0.000,39.0
1476,-5.324,0.998,1.501,-0.000,-0.000,-0.000,39.0
1477,-5.324,0.998,1.501,-0.000,-0.000,-0.000,39.0
1478,-5.324,0.998,1.501,-0.000,-0.000,-0.000,39.0
1479,-5.324,0.998,1.501,-0.000,-0.000,-0.000,39.0
1480,-5.324,0.998,1.501,-0.000,-0.000,-0.000,39.0
1481,-5.324,0.998,1.501,-0.000,-0.000,-0.000,39.0
1482,-5.324,0.998,1.501,-0.000,-0.000,-0.000,39.0
1483,-5.324,0.998,1.501,-0.000,-0.000,-0.000,39.0
1484,-5.324,0.998,1.501,-0.000,-0.000,-0.000,39.0
1485,-5.324,0.998,1.501,-0.000,-0.000,-0.000,39.0
1486,-5.324,0.998,1.501,-0.000,-0.000,-0.000,39.0
1487,-5.324,0.998,1.501,-0.000,-0.000,-0.000,39.0
1488,-5.324,0.998,1.501,-0.000,-0.000,0.000,39.0
1489,-5.324,0.998,1.501,-0.000,-0.000,0.000,39.0
1490,-5.324,0.998,1.501,-0.000,0.000,0.000,39.0
1491,-5.324,0.998,1.501,-0.000,0.000,0.000,39.0
1492,-5.324,0.998,1.501,-0.000,0.000,0.000,39.0
1493,-5.324,0.998,1.501,-0.000,0.000,0.000,39.0
1494,-5.324,0.998,1.501,-0.000,0.000,0.000,39.0
1495,-5.324,0.998,1.501,-0.000,0.000,0.000,39.0
1496,-5.324,0.998,1.501,-0.000,0.000,0.000,39.0
1497,-5.324,0.998,1.501,-0.000,0.000,0.000,39.0
1498,-5.324,0.998,1.501,-0.000,0.000,0.000,39.0
1499,-5.324,0.998,1.501,-0.000,0.000,0.000,39.0
1500,-5.324,0.998,1.501,-0.000,0.000,0.000,39.0
