1,-1.497,-0.401,0.000,0.000,0.000,0.000,1
2,-1.497,-0.401,0.260,0.000,0.000,0.000,1
3,-1.497,-0.401,1.005,0.000,0.000,0.000,1
4,-1.497,-0.401,1.899,0.000,0.000,0.000,1
5,-1.497,-0.401,2.694,0.000,0.000,0.000,1
6,-1.497,-0.401,3.319,0.000,0.000,0.000,1
7,-1.497,-0.401,3.770,0.000,0.000,0.000,1
8,-1.497,-0.401,4.049,0.000,0.000,0.000,1
9,-1.497,-0.401,4.170,0.000,0.000,0.000,1
10,-1.497,-0.401,4.192,0.000,0.000,0.000,1
11,-1.497,-0.401,4.166,0.000,0.000,0.000,1
12,-1.497,-0.401,4.123,0.000,0.000,0.000,1
13,-1.497,-0.401,4.081,0.000,0.000,0.000,1
14,-1.497,-0.401,4.047,0.000,0.000,0.000,1
15,-1.497,-0.401,4.023,0.000,0.000,0.000,1
16,-1.497,-0.401,4.008,0.000,0.000,0.000,1
17,-1.497,-0.401,4.004,0.000,0.000,0.000,1
18,-1.497,-0.401,4.002,0.000,0.000,0.000,1
19,-1.497,-0.401,3.999,0.000,0.000,0.000,1
20,-1.497,-0.401,3.997,0.000,0.000,0.000,1
21,-1.497,-0.401,3.995,0.000,0.000,0.000,1
22,-1.497,-0.401,3.993,0.000,0.000,0.000,8
23,-1.497,-0.401,3.992,-0.000,0.140,0.168,8
24,-1.497,-0.401,3.990,-0.000,0.091,0.110,8
25,-1.496,-0.402,3.989,-0.000,0.010,0.012,8
26,-1.495,-0.403,3.994,-0.000,0.156,-0.123,11
27,-1.494,-0.404,3.995,-0.000,0.220,-0.280,11
28,-1.492,-0.403,3.995,-0.000,0.208,-0.335,11
29,-1.489,-0.402,3.995,-0.000,0.147,-0.287,11
30,-1.486,-0.399,3.995,-0.000,0.067,-0.177,11
31,-1.482,-0.396,3.996,-0.000,-0.004,-0.053,11
32,-1.478,-0.393,3.996,-0.000,-0.048,0.045,11
33,-1.475,-0.390,3.996,-0.000,-0.060,0.095,11
34,-1.472,-0.387,3.996,0.000,-0.047,0.097,11
35,-1.468,-0.384,3.996,0.000,-0.020,0.065,11
36,-1.465,-0.382,3.997,0.000,0.007,0.019,11
37,-1.462,-0.380,3.997,0.000,0.026,-0.022,11
38,-1.459,-0.377,3.997,0.000,0.033,-0.047,11
39,-1.456,-0.375,3.997,0.000,0.028,-0.051,11
40,-1.453,-0.372,3.997,0.000,0.017,-0.040,11
41,-1.449,-0.369,3.997,0.000,0.003,-0.020,11
42,-1.446,-0.366,3.997,0.000,-0.007,0.000,11
43,-1.442,-0.363,3.997,0.000,-0.013,0.014,11
44,-1.439,-0.361,3.998,0.000,-0.013,0.020,11
45,-1.435,-0.358,3.998,0.000,-0.009,0.018,11
46,-1.432,-0.355,3.998,0.000,-0.004,0.011,11
47,-1.429,-0.352,3.998,0.000,0.001,0.003,11
48,-1.425,-0.350,3.998,0.000,0.003,-0.004,11
49,-1.422,-0.347,3.998,0.000,0.004,-0.007,11
50,-1.418,-0.344,3.998,0.000,0.002,-0.007,11
51,-1.415,-0.341,3.998,0.000,0.000,-0.004,11
52,-1.412,-0.338,3.998,0.000,-0.002,-0.001,11
53,-1.408,-0.336,3.998,0.000,-0.003,0.002,11
54,-1.405,-0.333,3.998,0.000,-0.004,0.004,11
55,-1.401,-0.330,3.998,0.000,-0.004,0.005,11
56,-1.398,-0.327,3.998,0.000,-0.003,0.004,11
57,-1.395,-0.324,3.999,0.000,-0.002,0.003,11
58,-1.391,-0.322,3.999,0.000,-0.001,0.001,11
59,-1.388,-0.319,3.999,0.000,-0.001,0.000,11
60,-1.384,-0.316,3.999,0.000,-0.001,0.000,11
61,-1.381,-0.313,3.999,0.000,-0.001,0.000,11
62,-1.378,-0.310,3.999,0.000,-0.002,0.001,11
63,-1.374,-0.308,3.999,0.000,-0.002,0.001,11
64,-1.371,-0.305,3.999,0.000,-0.002,0.002,11
65,-1.367,-0.302,3.999,0.000,-0.002,0.002,11
66,-1.364,-0.299,3.999,0.000,-0.002,0.002,11
67,-1.361,-0.296,3.999,0.000,-0.002,0.002,11
68,-1.357,-0.294,3.999,0.000,-0.002,0.002,11
69,-1.354,-0.291,3.999,0.000,-0.002,0.001,11
70,-1.350,-0.288,3.999,0.000,-0.002,0.001,11
71,-1.347,-0.285,3.999,0.000,-0.002,0.001,11
72,-1.344,-0.282,3.999,0.000,-0.002,0.001,11
73,-1.340,-0.280,3.999,0.000,-0.002,0.001,11
74,-1.337,-0.277,3.999,0.000,-0.002,0.001,11
75,-1.333,-0.274,3.999,0.000,-0.002,0.002,11
76,-1.330,-0.271,3.999,0.000,-0.002,0.002,11
77,-1.327,-0.268,3.999,0.000,-0.002,0.002,11
78,-1.323,-0.266,3.999,0.000,-0.002,0.002,11
79,-1.320,-0.263,3.999,0.000,-0.002,0.001,11
80,-1.316,-0.260,3.999,0.000,-0.002,0.001,11
81,-1.313,-0.257,3.999,0.000,-0.002,0.001,11
82,-1.310,-0.255,3.999,0.000,-0.002,0.001,11
83,-1.306,-0.252,3.999,0.000,-0.002,0.001,11
84,-1.303,-0.249,3.999,0.000,-0.002,0.001,11
85,-1.299,-0.246,3.999,0.000,-0.002,0.001,11
86,-1.296,-0.243,3.999,0.000,-0.002,0.001,11
87,-1.293,-0.241,3.999,0.000,-0.002,0.002,11
88,-1.289,-0.238,3.999,0.000,-0.002,0.001,11
89,-1.286,-0.235,3.999,0.000,-0.002,0.001,11
90,-1.282,-0.232,3.999,0.000,-0.002,0.001,11
91,-1.279,-0.229,3.999,0.000,-0.002,0.001,11
92,-1.276,-0.227,3.999,0.000,-0.002,0.001,11
93,-1.272,-0.224,3.999,0.000,-0.002,0.001,11
94,-1.269,-0.221,3.999,0.000,-0.002,0.001,11
95,-1.265,-0.218,3.999,0.000,-0.003,0.002,11
96,-1.262,-0.215,3.999,0.000,-0.006,0.005,11
97,-1.259,-0.213,3.999,0.000,-0.009,0.008,11
98,-1.255,-0.210,3.999,0.000,-0.012,0.010,11
99,-1.252,-0.207,3.999,0.000,-0.015,0.012,11
100,-1.249,-0.204,3.999,0.000,-0.015,0.013,11
101,-1.245,-0.202,3.999,0.000,-0.015,0.012,11
102,-1.242,-0.199,3.999,0.000,-0.014,0.012,11
103,-1.239,-0.197,3.999,0.000,-0.013,0.011,11
104,-1.236,-0.194,3.999,0.000,-0.012,0.010,11
105,-1.233,-0.191,3.999,0.000,-0.011,0.009,11
106,-1.230,-0.189,3.999,0.000,-0.011,0.009,11
107,-1.227,-0.186,3.999,0.000,-0.012,0.010,11
108,-1.224,-0.184,3.999,0.000,-0.012,0.010,11
109,-1.221,-0.182,3.999,0.000,-0.013,0.010,11
110,-1.218,-0.179,3.999,0.000,-0.013,0.010,11
111,-1.215,-0.177,3.999,0.000,-0.013,0.010,11
112,-1.212,-0.175,3.999,0.000,-0.012,0.010,11
113,-1.210,-0.172,3.999,0.000,-0.012,0.010,11
114,-1.207,-0.170,3.999,0.000,-0.012,0.010,11
115,-1.204,-0.168,3.999,0.000,-0.011,0.009,11
116,-1.202,-0.166,3.999,0.000,-0.011,0.009,11
117,-1.199,-0.163,3.999,0.000,-0.011,0.009,11
118,-1.196,-0.161,3.999,0.000,-0.011,0.009,11
119,-1.194,-0.159,3.999,0.000,-0.011,0.009,11
120,-1.191,-0.157,3.999,0.000,-0.011,0.009,11
121,-1.189,-0.155,3.999,0.000,-0.011,0.009,11
122,-1.186,-0.153,3.999,0.000,-0.011,0.009,11
123,-1.184,-0.151,3.999,0.000,-0.011,0.009,11
124,-1.181,-0.149,3.999,0.000,-0.010,0.009,11
125,-1.179,-0.147,3.999,0.000,-0.010,0.008,11
126,-1.177,-0.145,3.999,0.000,-0.010,0.008,11
127,-1.174,-0.143,3.999,0.000,-0.010,0.008,11
128,-1.172,-0.141,3.999,0.000,-0.010,0.008,11
129,-1.170,-0.140,3.999,0.000,-0.010,0.008,11
130,-1.168,-0.138,3.999,0.000,-0.010,0.008,11
131,-1.165,-0.136,3.999,0.000,-0.009,0.008,11
132,-1.163,-0.134,3.999,0.000,-0.009,0.008,11
133,-1.161,-0.132,3.999,0.000,-0.009,0.008,11
134,-1.159,-0.131,3.999,0.000,-0.009,0.007,11
135,-1.157,-0.129,3.999,0.000,-0.009,0.007,11
136,-1.155,-0.127,3.999,0.000,-0.009,0.007,11
137,-1.153,-0.126,3.999,0.000,-0.009,0.007,11
138,-1.151,-0.124,3.999,0.000,-0.009,0.007,11
139,-1.149,-0.122,3.999,0.000,-0.009,0.007,11
140,-1.147,-0.121,3.999,0.000,-0.008,0.007,11
141,-1.145,-0.119,3.999,0.000,-0.008,0.007,11
142,-1.143,-0.118,3.999,0.000,-0.008,0.007,11
143,-1.141,-0.116,3.999,0.000,-0.008,0.007,11
144,-1.139,-0.115,3.999,0.000,-0.008,0.007,11
145,-1.138,-0.113,3.999,0.000,-0.008,0.006,11
146,-1.136,-0.112,3.999,0.000,-0.008,0.006,11
147,-1.134,-0.110,3.999,0.000,-0.008,0.006,11
148,-1.132,-0.109,3.999,0.000,-0.008,0.006,11
149,-1.130,-0.107,3.999,0.000,-0.007,0.006,11
150,-1.129,-0.106,3.999,0.000,-0.007,0.006,11
151,-1.127,-0.104,3.999,0.000,-0.007,0.006,11
152,-1.125,-0.103,3.999,0.000,-0.007,0.006,11
153,-1.124,-0.102,3.999,0.000,-0.007,0.006,11
154,-1.122,-0.100,3.999,0.000,-0.007,0.006,11
155,-1.121,-0.099,3.999,0.000,-0.007,0.006,11
156,-1.119,-0.098,3.999,0.000,-0.007,0.006,11
157,-1.117,-0.097,3.999,0.000,-0.007,0.006,11
158,-1.116,-0.095,3.999,0.000,-0.007,0.005,11
159,-1.114,-0.094,3.999,0.000,-0.007,0.005,11
160,-1.113,-0.093,3.999,0.000,-0.006,0.005,11
161,-1.111,-0.092,3.999,0.000,-0.006,0.005,11
162,-1.110,-0.090,3.999,0.000,-0.006,0.005,11
163,-1.108,-0.089,3.999,0.000,-0.006,0.005,11
164,-1.107,-0.088,3.999,0.000,-0.006,0.005,11
165,-1.106,-0.087,3.999,0.000,-0.006,0.005,11
166,-1.104,-0.086,3.999,0.000,-0.006,0.005,11
167,-1.103,-0.085,3.999,0.000,-0.006,0.005,11
168,-1.102,-0.083,3.999,0.000,-0.006,0.005,11
169,-1.100,-0.082,3.999,0.000,-0.006,0.005,11
170,-1.099,-0.081,3.999,0.000,-0.006,0.005,11
171,-1.098,-0.080,3.999,0.000,-0.006,0.005,11
172,-1.096,-0.079,3.998,0.000,-0.006,0.005,11
173,-1.095,-0.078,3.998,0.000,-0.005,0.004,11
174,-1.094,-0.077,3.998,0.000,-0.005,0.004,11
175,-1.093,-0.076,3.998,0.000,-0.005,0.004,11
176,-1.091,-0.075,3.998,0.000,-0.005,0.004,11
177,-1.090,-0.074,3.998,0.000,-0.005,0.004,11
178,-1.089,-0.073,3.998,0.000,-0.005,0.004,11
179,-1.088,-0.072,3.998,0.000,-0.005,0.004,11
180,-1.087,-0.071,3.998,0.000,-0.005,0.004,11
181,-1.086,-0.070,3.998,0.000,-0.005,0.004,11
182,-1.084,-0.069,3.998,0.000,-0.005,0.004,11
183,-1.083,-0.069,3.998,0.000,-0.005,0.004,11
184,-1.082,-0.068,3.998,0.000,-0.005,0.004,11
185,-1.081,-0.067,3.998,0.000,-0.005,0.004,11
186,-1.080,-0.066,3.998,0.000,-0.005,0.004,11
187,-1.079,-0.065,3.998,0.000,-0.005,0.004,11
188,-1.078,-0.064,3.998,0.000,-0.004,0.004,11
189,-1.077,-0.063,3.998,0.000,-0.004,0.004,11
190,-1.076,-0.062,3.998,0.000,-0.004,0.004,11
191,-1.075,-0.062,3.998,0.000,-0.004,0.004,11
192,-1.074,-0.061,3.998,0.000,-0.004,0.003,11
193,-1.073,-0.060,3.998,0.000,-0.004,0.003,11
194,-1.072,-0.059,3.998,0.000,-0.004,0.003,11
195,-1.071,-0.058,3.998,0.000,-0.004,0.003,11
196,-1.070,-0.058,3.998,0.000,-0.004,0.003,11
197,-1.069,-0.057,3.998,0.000,-0.004,0.003,11
198,-1.068,-0.056,3.998,0.000,-0.004,0.003,11
199,-1.068,-0.055,3.998,0.000,-0.004,0.003,11
200,-1.067,-0.055,3.998,0.000,-0.004,0.003,11
201,-1.066,-0.054,3.998,0.000,-0.004,0.003,11
202,-1.065,-0.053,3.998,0.000,-0.004,0.003,11
203,-1.064,-0.053,3.998,0.000,-0.004,0.003,11
204,-1.063,-0.052,3.998,0.000,-0.004,0.003,11
205,-1.062,-0.051,3.998,0.000,-0.004,0.003,11
206,-1.062,-0.051,3.998,0.000,-0.004,0.003,11
207,-1.061,-0.050,3.998,0.000,-0.003,0.003,11
208,-1.060,-0.049,3.998,0.000,-0.003,0.003,11
209,-1.059,-0.049,3.998,0.000,-0.003,0.003,11
210,-1.058,-0.048,3.998,0.000,-0.003,0.003,11
211,-1.058,-0.047,3.998,0.000,-0.003,0.003,11
212,-1.057,-0.047,3.998,0.000,-0.003,0.003,11
213,-1.056,-0.046,3.998,0.000,-0.003,0.003,11
214,-1.055,-0.046,3.998,0.000,-0.003,0.003,11
215,-1.055,-0.045,3.998,0.000,-0.003,0.003,11
216,-1.054,-0.044,3.998,0.000,-0.003,0.003,11
217,-1.053,-0.044,3.998,0.000,-0.003,0.003,11
218,-1.053,-0.043,3.998,0.000,-0.003,0.002,11
219,-1.052,-0.043,3.998,0.000,-0.003,0.002,11
220,-1.051,-0.042,3.998,0.000,-0.003,0.002,11
221,-1.051,-0.042,3.998,0.000,-0.003,0.002,11
222,-1.050,-0.041,3.998,0.000,-0.003,0.002,11
223,-1.049,-0.040,3.998,0.000,-0.003,0.002,11
224,-1.049,-0.040,3.998,0.000,-0.003,0.002,11
225,-1.048,-0.039,3.998,0.000,-0.003,0.002,11
226,-1.047,-0.039,3.998,0.000,-0.003,0.002,11
227,-1.047,-0.038,3.998,0.000,-0.003,0.002,11
228,-1.046,-0.038,3.998,0.000,-0.003,0.002,11
229,-1.045,-0.037,3.998,0.000,-0.003,0.002,11
230,-1.045,-0.037,3.998,0.000,-0.003,0.002,11
231,-1.044,-0.036,3.998,0.000,-0.003,0.002,11
232,-1.044,-0.036,3.998,0.000,-0.002,0.002,11
233,-1.043,-0.035,3.998,0.000,-0.002,0.002,11
234,-1.043,-0.035,3.998,0.000,-0.002,0.002,11
235,-1.042,-0.035,3.998,0.000,-0.002,0.002,11
236,-1.041,-0.034,3.998,0.000,-0.002,0.002,11
237,-1.041,-0.034,3.998,0.000,-0.002,0.002,11
238,-1.040,-0.033,3.998,0.000,-0.002,0.002,11
239,-1.040,-0.033,3.998,0.000,-0.002,0.002,11
240,-1.039,-0.032,3.998,0.000,-0.002,0.002,11
241,-1.039,-0.032,3.998,0.000,-0.002,0.002,11
242,-1.038,-0.031,3.998,0.000,-0.002,0.002,11
243,-1.038,-0.031,3.998,0.000,-0.002,0.002,11
244,-1.037,-0.031,3.998,0.000,-0.002,0.002,11
245,-1.037,-0.030,3.998,0.000,-0.002,0.002,11
246,-1.036,-0.030,3.998,0.000,-0.002,0.002,11
247,-1.036,-0.029,3.998,0.000,-0.002,0.002,11
248,-1.035,-0.029,3.998,0.000,-0.002,0.002,11
249,-1.035,-0.029,3.998,0.000,-0.002,0.002,11
250,-1.034,-0.028,3.998,0.000,-0.002,0.002,11
251,-1.034,-0.028,3.998,0.000,-0.002,0.002,11
252,-1.034,-0.028,3.998,0.000,-0.002,0.002,11
253,-1.033,-0.027,3.998,0.000,-0.002,0.002,11
254,-1.033,-0.027,3.998,0.000,-0.002,0.002,11
255,-1.032,-0.027,3.998,0.000,-0.002,0.002,11
256,-1.032,-0.026,3.998,0.000,-0.002,0.001,11
257,-1.031,-0.026,3.998,0.000,-0.002,0.001,11
258,-1.031,-0.026,3.998,0.000,-0.002,0.001,11
259,-1.031,-0.025,3.998,0.000,-0.002,0.001,11
260,-1.030,-0.025,3.998,0.000,-0.002,0.001,11
261,-1.030,-0.025,3.998,0.000,-0.002,0.001,11
262,-1.029,-0.024,3.998,0.000,-0.002,0.001,11
263,-1.029,-0.024,3.998,0.000,-0.002,0.001,11
264,-1.029,-0.024,3.998,0.000,-0.002,0.001,11
265,-1.028,-0.023,3.998,0.000,-0.002,0.001,11
266,-1.028,-0.023,3.998,0.000,-0.002,0.001,11
267,-1.028,-0.023,3.998,0.000,-0.002,0.001,11
268,-1.027,-0.022,3.998,0.000,-0.002,0.001,11
269,-1.027,-0.022,3.998,0.000,-0.002,0.001,11
270,-1.026,-0.022,3.998,0.000,-0.002,0.001,11
271,-1.026,-0.021,3.998,0.000,-0.001,0.001,11
272,-1.026,-0.021,3.998,0.000,-0.001,0.001,11
273,-1.025,-0.021,3.998,0.000,-0.001,0.001,11
274,-1.025,-0.021,3.998,0.000,-0.001,0.001,11
275,-1.025,-0.020,3.998,0.000,-0.001,0.001,11
276,-1.024,-0.020,3.998,0.000,-0.001,0.001,11
277,-1.024,-0.020,3.998,0.000,-0.001,0.001,11
278,-1.024,-0.020,3.998,0.000,-0.001,0.001,11
279,-1.024,-0.019,3.998,0.000,-0.001,0.001,11
280,-1.023,-0.019,3.998,0.000,-0.001,0.001,11
281,-1.023,-0.019,3.998,0.000,-0.001,0.001,11
282,-1.023,-0.019,3.998,0.000,-0.001,0.001,11
283,-1.022,-0.018,3.998,0.000,-0.001,0.001,11
284,-1.022,-0.018,3.998,0.000,-0.001,0.001,11
285,-1.022,-0.018,3.998,0.000,-0.001,0.001,11
286,-1.021,-0.018,3.998,0.000,-0.001,0.001,11
287,-1.021,-0.017,3.998,0.000,-0.001,0.001,11
288,-1.021,-0.017,3.998,0.000,-0.001,0.001,11
289,-1.021,-0.017,3.998,0.000,-0.001,0.001,11
290,-1.020,-0.017,3.998,0.000,-0.001,0.001,11
291,-1.020,-0.017,3.998,0.000,-0.001,0.001,11
292,-1.020,-0.016,3.998,0.000,-0.001,0.001,11
293,-1.020,-0.016,3.998,0.000,-0.001,0.001,11
294,-1.019,-0.016,3.998,0.000,-0.001,0.001,11
295,-1.019,-0.016,3.998,0.000,-0.001,0.001,11
296,-1.019,-0.015,3.998,0.000,-0.001,0.001,11
297,-1.019,-0.015,3.998,0.000,-0.001,0.001,11
298,-1.018,-0.015,3.998,0.000,-0.001,0.001,11
299,-1.018,-0.015,3.998,0.000,-0.001,0.001,11
300,-1.018,-0.015,3.998,0.000,-0.001,0.001,11
301,-1.018,-0.014,3.998,0.000,-0.001,0.001,11
302,-1.017,-0.014,3.998,0.000,-0.001,0.001,11
303,-1.017,-0.014,3.998,0.000,-0.001,0.001,11
304,-1.017,-0.014,3.998,0.000,-0.001,0.001,11
305,-1.017,-0.014,3.998,0.000,-0.001,0.001,11
306,-1.016,-0.014,3.998,0.000,-0.001,0.001,11
307,-1.016,-0.013,3.998,0.000,-0.001,0.001,11
308,-1.016,-0.013,3.998,0.000,-0.001,0.001,11
309,-1.016,-0.013,3.998,0.000,-0.001,0.001,11
310,-1.016,-0.013,3.998,0.000,-0.001,0.001,11
311,-1.015,-0.013,3.998,0.000,-0.001,0.001,11
312,-1.015,-0.013,3.998,0.000,-0.001,0.001,11
313,-1.015,-0.012,3.998,0.000,-0.001,0.001,11
314,-1.015,-0.012,3.998,0.000,-0.001,0.001,11
315,-1.015,-0.012,3.998,0.000,-0.001,0.001,11
316,-1.014,-0.012,3.998,0.000,-0.001,0.001,11
317,-1.014,-0.012,3.998,0.000,-0.001,0.001,11
318,-1.014,-0.012,3.998,0.000,-0.001,0.001,11
319,-1.014,-0.011,3.998,0.000,-0.001,0.001,11
320,-1.014,-0.011,3.998,0.000,-0.001,0.001,11
321,-1.014,-0.011,3.998,0.000,-0.001,0.001,11
322,-1.013,-0.011,3.998,0.000,-0.001,0.001,11
323,-1.013,-0.011,3.998,0.000,-0.001,0.001,11
324,-1.013,-0.011,3.998,0.000,-0.001,0.001,11
325,-1.013,-0.011,3.998,0.000,-0.001,0.001,11
326,-1.013,-0.010,3.998,0.000,-0.001,0.001,11
327,-1.013,-0.010,3.998,0.000,-0.001,0.001,11
328,-1.012,-0.010,3.998,0.000,-0.001,0.001,11
329,-1.012,-0.010,3.998,0.000,-0.001,0.001,11
330,-1.012,-0.010,3.998,0.000,-0.001,0.001,11
331,-1.012,-0.010,3.998,0.000,-0.001,0.001,11
332,-1.012,-0.010,3.998,0.000,-0.001,0.001,11
333,-1.012,-0.009,3.998,0.000,-0.001,0.001,11
334,-1.011,-0.009,3.998,0.000,-0.001,0.001,11
335,-1.011,-0.009,3.998,0.000,-0.001,0.001,11
336,-1.011,-0.009,3.998,0.000,-0.001,0.001,11
337,-1.011,-0.009,3.998,0.000,-0.001,0.001,11
338,-1.011,-0.009,3.998,0.000,-0.001,0.001,11
339,-1.011,-0.009,3.998,0.000,-0.001,0.001,11
340,-1.011,-0.009,3.998,0.000,-0.001,0.000,11
341,-1.010,-0.009,3.998,0.000,-0.001,0.000,11
342,-1.010,-0.008,3.998,0.000,-0.001,0.000,11
343,-1.010,-0.008,3.998,0.000,-0.001,0.000,11
344,-1.010,-0.008,3.998,0.000,-0.001,0.000,11
345,-1.010,-0.008,3.998,0.000,-0.001,0.000,11
346,-1.010,-0.008,3.998,0.000,-0.001,0.000,11
347,-1.010,-0.008,3.998,0.000,-0.001,0.000,11
348,-1.009,-0.008,3.998,0.000,-0.001,0.000,11
349,-1.009,-0.008,3.998,0.000,-0.001,0.000,11
350,-1.009,-0.008,3.998,0.000,-0.001,0.000,11
351,-1.009,-0.007,3.998,0.000,-0.001,0.000,11
352,-1.009,-0.007,3.998,0.000,-0.001,0.000,11
353,-1.009,-0.007,3.998,0.000,-0.001,0.000,11
354,-1.009,-0.007,3.998,0.000,-0.001,0.000,11
355,-1.009,-0.007,3.998,0.000,-0.000,0.000,11
356,-1.009,-0.007,3.998,0.000,-0.000,0.000,11
357,-1.008,-0.007,3.998,0.000,-0.000,0.000,11
358,-1.008,-0.007,3.998,0.000,-0.000,0.000,11
359,-1.008,-0.007,3.998,0.000,-0.000,0.000,11
360,-1.008,-0.007,3.998,0.000,-0.000,0.000,11
361,-1.008,-0.007,3.998,0.000,-0.000,0.000,11
362,-1.008,-0.006,3.998,0.000,-0.000,0.000,11
363,-1.008,-0.006,3.998,0.000,-0.000,0.000,11
364,-1.008,-0.006,3.998,0.000,-0.000,0.000,11
365,-1.008,-0.006,3.998,0.000,-0.005,0.004,11
366,-1.007,-0.006,3.998,0.000,-0.008,0.007,11
367,-1.007,-0.006,3.998,0.000,-0.009,0.007,11
368,-1.007,-0.006,3.998,0.000,-0.007,0.005,11
369,-1.007,-0.006,3.998,0.000,-0.003,0.003,11
370,-1.007,-0.006,3.998,0.000,-0.000,0.000,11
371,-1.007,-0.006,3.998,0.000,0.002,-0.001,11
372,-1.007,-0.006,3.998,0.000,0.002,-0.002,11
373,-1.007,-0.006,3.998,0.000,0.002,-0.002,11
374,-1.007,-0.006,3.998,0.000,0.001,-0.001,11
375,-1.007,-0.006,3.998,0.000,-0.000,0.000,11
376,-1.007,-0.006,3.998,0.000,-0.001,0.001,11
377,-1.007,-0.006,3.998,0.000,-0.001,0.001,11
378,-1.007,-0.006,3.998,0.000,-0.001,0.001,11
379,-1.007,-0.006,3.998,0.000,-0.001,0.001,11
380,-1.007,-0.006,3.998,0.000,-0.000,0.000,11
381,-1.007,-0.006,3.998,0.000,0.000,-0.000,11
382,-1.007,-0.006,3.998,0.000,0.000,-0.000,11
383,-1.007,-0.006,3.998,0.000,0.000,-0.000,11
384,-1.007,-0.006,3.998,0.000,0.000,-0.000,11
385,-1.007,-0.006,3.998,0.000,0.000,-0.000,11
386,-1.007,-0.006,3.998,0.000,-0.000,0.000,11
387,-1.007,-0.006,3.998,0.000,-0.000,0.000,11
388,-1.007,-0.006,3.998,0.000,-0.000,0.000,11
389,-1.007,-0.006,3.998,0.000,-0.000,0.000,11
390,-1.007,-0.006,3.998,0.000,-0.000,0.000,11
391,-1.007,-0.006,3.998,0.000,-0.000,0.000,11
392,-1.007,-0.006,3.998,0.000,0.000,-0.000,11
393,-1.007,-0.006,3.998,0.000,0.000,-0.000,11
394,-1.007,-0.006,3.998,0.000,0.000,-0.000,11
395,-1.007,-0.006,3.998,0.000,0.000,-0.000,11
396,-1.007,-0.006,3.998,0.000,0.000,-0.000,11
397,-1.007,-0.006,3.998,0.000,-0.000,0.000,11
398,-1.007,-0.006,3.998,0.000,-0.000,0.000,11
399,-1.007,-0.006,3.998,0.000,-0.000,0.000,11
400,-1.007,-0.006,3.998,0.000,-0.000,0.000,11
401,-1.007,-0.006,3.998,0.000,-0.000,0.000,11
402,-1.007,-0.006,3.998,0.000,0.000,-0.000,11
403,-1.007,-0.006,3.998,0.000,0.000,-0.000,11
404,-1.007,-0.006,3.998,0.000,0.000,-0.000,11
405,-1.007,-0.006,3.998,0.000,0.000,-0.000,11
406,-1.007,-0.006,3.998,0.000,0.000,-0.000,11
407,-1.007,-0.006,3.998,0.000,0.000,-0.000,11
408,-1.007,-0.006,3.998,0.000,-0.000,0.000,11
409,-1.007,-0.006,3.998,0.000,-0.000,0.000,11
410,-1.007,-0.006,3.998,0.000,-0.000,0.000,11
411,-1.007,-0.006,3.998,0.000,-0.000,0.000,11
412,-1.007,-0.006,3.998,0.000,-0.000,0.000,11
413,-1.007,-0.006,3.998,0.000,0.000,-0.000,11
414,-1.007,-0.006,3.998,0.000,0.000,-0.000,11
415,-1.007,-0.006,3.998,0.000,0.000,-0.000,11
416,-1.007,-0.006,3.998,0.000,0.000,-0.000,11
417,-1.007,-0.006,3.998,0.000,0.000,-0.000,11
418,-1.007,-0.006,3.998,0.000,-0.000,0.000,11
419,-1.007,-0.006,3.998,0.000,-0.000,0.000,11
420,-1.007,-0.006,3.998,0.000,-0.000,0.000,11
421,-1.007,-0.006,3.998,0.000,-0.000,0.000,11
422,-1.007,-0.006,3.998,0.000,-0.000,0.000,11
423,-1.007,-0.006,3.998,0.000,-0.000,0.000,11
424,-1.007,-0.006,3.998,0.000,0.000,-0.000,11
425,-1.007,-0.006,3.998,0.000,0.000,-0.000,11
426,-1.007,-0.006,3.998,0.000,0.000,-0.000,11
427,-1.007,-0.006,3.998,0.000,0.000,-0.000,11
428,-1.007,-0.006,3.998,0.000,0.000,-0.000,11
429,-1.007,-0.006,3.998,0.000,-0.000,0.000,11
430,-1.007,-0.006,3.998,0.000,-0.000,0.000,11
431,-1.007,-0.006,3.998,0.000,-0.000,0.000,11
432,-1.007,-0.006,3.998,0.000,-0.000,0.000,11
433,-1.007,-0.006,3.998,0.000,-0.000,0.000,11
434,-1.007,-0.006,3.998,0.000,0.000,-0.000,11
435,-1.007,-0.006,3.998,0.000,0.000,-0.000,11
436,-1.007,-0.006,3.998,0.000,0.000,-0.000,11
437,-1.007,-0.006,3.998,0.000,0.000,-0.000,11
438,-1.007,-0.006,3.998,0.000,0.000,-0.000,11
439,-1.007,-0.006,3.998,0.000,0.000,-0.000,11
440,-1.007,-0.006,3.998,0.000,-0.000,0.000,11
441,-1.007,-0.006,3.998,0.000,-0.000,0.000,11
442,-1.007,-0.006,3.998,0.000,-0.000,0.000,11
443,-1.007,-0.006,3.998,0.000,-0.000,0.000,11
444,-1.007,-0.006,3.998,0.000,-0.000,0.000,11
445,-1.007,-0.006,3.998,0.000,0.000,-0.000,11
446,-1.007,-0.006,3.998,0.000,0.000,-0.000,11
447,-1.007,-0.006,3.998,0.000,0.000,-0.000,11
448,-1.007,-0.006,3.998,0.000,0.000,-0.000,11
449,-1.007,-0.006,3.998,0.000,0.000,-0.000,11
450,-1.007,-0.006,3.998,0.000,-0.000,0.000,11
451,-1.007,-0.006,3.998,0.000,-0.000,0.000,11
452,-1.007,-0.006,3.998,0.000,-0.000,0.000,11
453,-1.007,-0.006,3.998,0.000,-0.000,0.000,11
454,-1.007,-0.006,3.998,0.000,-0.000,0.000,11
455,-1.007,-0.006,3.998,0.000,-0.000,0.000,11
456,-1.007,-0.006,3.998,0.000,0.000,-0.000,11
457,-1.007,-0.006,3.998,0.000,0.000,-0.000,11
458,-1.007,-0.006,3.998,0.000,0.000,-0.000,11
459,-1.007,-0.006,3.998,0.000,0.000,-0.000,11
460,-1.007,-0.006,3.998,0.000,0.000,-0.000,11
461,-1.007,-0.006,3.998,0.000,-0.000,0.000,11
462,-1.007,-0.006,3.998,0.000,-0.000,0.000,11
463,-1.007,-0.006,3.998,0.000,-0.000,0.000,11
464,-1.007,-0.006,3.998,0.000,-0.000,0.000,11
465,-1.007,-0.006,3.998,0.000,-0.000,0.000,11
466,-1.007,-0.006,3.998,0.000,0.000,-0.000,11
467,-1.007,-0.006,3.998,0.000,0.000,-0.000,11
468,-1.007,-0.006,3.998,0.000,0.000,-0.000,11
469,-1.007,-0.006,3.998,0.000,0.000,-0.000,11
470,-1.007,-0.006,3.998,0.000,0.000,-0.000,11
471,-1.007,-0.006,3.998,0.000,0.000,-0.000,11
472,-1.007,-0.006,3.998,0.000,-0.000,0.000,11
473,-1.007,-0.006,3.998,0.000,-0.000,0.000,11
474,-1.007,-0.006,3.998,0.000,-0.000,0.000,11
475,-1.007,-0.006,3.998,0.000,-0.000,0.000,11
476,-1.007,-0.006,3.998,0.000,-0.000,0.000,11
477,-1.007,-0.006,3.998,0.000,0.000,-0.000,11
478,-1.007,-0.006,3.998,0.000,0.000,-0.000,11
479,-1.007,-0.006,3.998,0.000,0.000,-0.000,11
480,-1.007,-0.006,3.998,0.000,0.000,-0.000,11
481,-1.007,-0.006,3.998,0.000,0.000,-0.000,11
482,-1.007,-0.006,3.998,0.000,-0.000,0.000,11
483,-1.007,-0.006,3.998,0.000,-0.000,0.000,11
484,-1.007,-0.006,3.998,0.000,-0.000,0.000,11
485,-1.007,-0.006,3.998,0.000,-0.000,0.000,11
486,-1.007,-0.006,3.998,0.000,-0.000,0.000,11
487,-1.007,-0.006,3.998,0.000,-0.000,0.000,11
488,-1.007,-0.006,3.998,0.000,0.000,-0.000,11
489,-1.007,-0.006,3.998,0.000,0.000,-0.000,11
490,-1.007,-0.006,3.998,0.000,0.000,-0.000,11
491,-1.007,-0.006,3.998,0.000,0.000,-0.000,11
492,-1.007,-0.006,3.998,0.000,0.000,-0.000,11
493,-1.007,-0.006,3.998,0.000,-0.000,0.000,11
494,-1.007,-0.006,3.998,0.000,-0.000,0.000,11
495,-1.007,-0.006,3.998,0.000,-0.000,0.000,11
496,-1.007,-0.006,3.998,0.000,-0.000,0.000,11
497,-1.007,-0.006,3.998,0.000,-0.000,0.000,11
498,-1.007,-0.006,3.998,0.000,0.000,-0.000,11
499,-1.007,-0.006,3.998,0.000,0.000,-0.000,11
500,-1.007,-0.006,3.998,0.000,0.000,-0.000,11
501,-1.007,-0.006,3.998,0.000,0.000,-0.000,11
502,-1.007,-0.006,3.998,0.000,0.000,-0.000,11
503,-1.007,-0.006,3.998,0.000,0.000,-0.000,11
504,-1.007,-0.006,3.998,0.000,-0.000,0.000,11
505,-1.007,-0.006,3.998,0.000,-0.000,0.000,11
506,-1.007,-0.006,3.998,0.000,-0.000,0.000,11
507,-1.007,-0.006,3.998,0.000,-0.000,0.000,11
508,-1.007,-0.006,3.998,0.000,-0.000,0.000,11
509,-1.007,-0.006,3.998,0.000,0.000,-0.000,11
510,-1.007,-0.006,3.998,0.000,0.000,-0.000,11
511,-1.007,-0.006,3.998,0.000,0.000,-0.000,11
512,-1.007,-0.006,3.998,0.000,0.000,-0.000,11
513,-1.007,-0.006,3.998,0.000,0.000,-0.000,11
514,-1.007,-0.006,3.998,0.000,-0.000,0.000,11
515,-1.007,-0.006,3.998,0.000,-0.000,0.000,11
516,-1.007,-0.006,3.998,0.000,-0.000,0.000,11
517,-1.007,-0.006,3.998,0.000,-0.000,0.000,11
518,-1.007,-0.006,3.998,0.000,-0.000,0.000,11
519,-1.007,-0.006,3.998,0.000,-0.000,0.000,11
520,-1.007,-0.006,3.998,0.000,0.000,-0.000,11
521,-1.007,-0.006,3.998,0.000,0.000,-0.000,11
522,-1.007,-0.006,3.998,0.000,0.000,-0.000,11
523,-1.007,-0.006,3.998,0.000,0.000,-0.000,11
524,-1.007,-0.006,3.998,0.000,0.000,-0.000,11
525,-1.007,-0.006,3.998,0.000,0.000,-0.000,11
526,-1.007,-0.006,3.998,0.000,-0.000,-0.000,11
527,-1.007,-0.006,3.998,0.000,-0.000,-0.000,11
528,-1.007,-0.006,3.998,0.000,-0.000,0.000,11
529,-1.007,-0.006,3.998,0.000,-0.000,0.000,11
530,-1.007,-0.006,3.998,0.000,-0.000,0.000,11
531,-1.007,-0.006,3.998,0.000,-0.000,-0.000,11
532,-1.007,-0.006,3.998,0.000,-0.000,-0.000,11
533,-1.007,-0.006,3.998,0.000,-0.000,-0.000,11
534,-1.007,-0.006,3.998,0.000,-0.000,-0.000,11
535,-1.007,-0.006,3.998,0.000,-0.000,-0.000,11
536,-1.007,-0.006,3.998,0.000,0.000,-0.000,11
537,-1.007,-0.006,3.998,0.000,0.000,-0.000,11
538,-1.007,-0.006,3.998,0.000,0.000,-0.000,11
539,-1.007,-0.006,3.998,0.000,0.000,-0.000,11
540,-1.007,-0.006,3.998,0.000,0.000,-0.000,11
541,-1.007,-0.006,3.998,0.000,0.000,-0.000,11
542,-1.007,-0.006,3.998,0.000,0.000,-0.000,11
543,-1.007,-0.006,3.998,0.000,0.000,-0.000,11
544,-1.007,-0.006,3.998,0.000,0.000,-0.000,11
545,-1.007,-0.006,3.998,0.000,0.000,-0.000,11
546,-1.007,-0.006,3.998,0.000,0.000,0.000,11
547,-1.007,-0.006,3.998,0.000,0.000,0.000,11
548,-1.007,-0.006,3.998,0.000,0.000,0.000,11
549,-1.007,-0.006,3.998,0.000,0.000,0.000,11
550,-1.007,-0.006,3.998,0.000,-0.000,0.000,11
551,-1.007,-0.006,3.998,0.000,-0.000,0.000,11
552,-1.007,-0.006,3.998,0.000,-0.000,0.000,11
553,-1.007,-0.006,3.998,0.000,-0.000,0.000,11
554,-1.007,-0.006,3.998,0.000,-0.000,0.000,11
555,-1.007,-0.006,3.998,0.000,-0.000,0.000,11
556,-1.007,-0.006,3.998,0.000,-0.000,0.000,11
557,-1.007,-0.006,3.998,0.000,-0.000,0.000,11
558,-1.007,-0.006,3.998,0.000,-0.000,0.000,11
559,-1.007,-0.006,3.998,0.000,-0.000,0.000,11
560,-1.007,-0.006,3.998,0.000,-0.000,0.000,11
561,-1.007,-0.006,3.998,0.000,-0.000,0.000,11
562,-1.007,-0.006,3.998,0.000,-0.000,0.000,11
563,-1.007,-0.006,3.998,0.000,0.000,0.000,11
564,-1.007,-0.006,3.998,0.000,0.000,0.000,11
565,-1.007,-0.006,3.998,0.000,0.000,0.000,11
566,-1.007,-0.006,3.998,0.000,0.000,0.000,11
567,-1.007,-0.006,3.998,0.000,0.000,0.000,11
568,-1.007,-0.006,3.998,0.000,0.000,0.000,11
569,-1.007,-0.006,3.998,0.000,0.000,0.000,11
570,-1.007,-0.006,3.998,0.000,0.000,0.000,11
571,-1.007,-0.006,3.998,0.000,0.000,0.000,11
572,-1.007,-0.006,3.998,0.000,0.000,0.000,11
573,-1.007,-0.006,3.998,0.000,0.000,0.000,11
574,-1.007,-0.006,3.998,0.000,0.000,0.000,11
575,-1.007,-0.006,3.998,0.000,0.000,0.000,11
576,-1.007,-0.006,3.998,0.000,0.000,0.000,11
577,-1.007,-0.006,3.998,0.000,-0.000,0.000,11
578,-1.007,-0.006,3.998,0.000,-0.000,0.000,11
579,-1.007,-0.006,3.998,0.000,-0.000,0.000,11
580,-1.007,-0.006,3.998,0.000,-0.000,0.000,11
581,-1.007,-0.006,3.998,0.000,-0.000,0.000,11
582,-1.007,-0.006,3.998,0.000,-0.000,0.000,11
583,-1.007,-0.006,3.998,0.000,-0.000,0.000,11
584,-1.007,-0.006,3.998,0.000,-0.000,0.000,11
585,-1.007,-0.006,3.998,0.000,-0.000,0.000,11
586,-1.007,-0.006,3.998,0.000,-0.000,0.000,11
587,-1.007,-0.006,3.998,0.000,-0.000,0.000,11
588,-1.007,-0.006,3.998,0.000,-0.000,0.000,11
589,-1.007,-0.006,3.998,0.000,-0.000,0.000,11
590,-1.007,-0.006,3.998,0.000,-0.000,0.000,11
591,-1.007,-0.006,3.998,0.000,0.000,0.000,11
592,-1.007,-0.006,3.998,0.000,0.000,0.000,11
593,-1.007,-0.006,3.998,0.000,0.000,0.000,11
594,-1.007,-0.006,3.998,0.000,0.000,0.000,11
595,-1.007,-0.006,3.998,0.000,0.000,0.000,11
596,-1.007,-0.006,3.998,0.000,0.000,0.000,11
597,-1.007,-0.006,3.998,0.000,0.000,0.000,11
598,-1.007,-0.006,3.998,0.000,0.000,0.000,11
599,-1.007,-0.006,3.998,0.000,0.000,0.000,11
600,-1.007,-0.006,3.998,0.000,0.000,0.000,11
601,-1.007,-0.006,3.998,0.000,0.000,0.000,11
602,-1.007,-0.006,3.998,0.000,0.000,0.000,11
603,-1.007,-0.006,3.998,0.000,0.000,0.000,11
604,-1.007,-0.006,3.998,0.000,0.000,0.000,11
605,-1.007,-0.006,3.998,0.000,-0.000,0.000,11
606,-1.007,-0.006,3.998,0.000,-0.000,0.000,11
607,-1.007,-0.006,3.998,0.000,-0.000,0.000,11
608,-1.007,-0.006,3.998,0.000,-0.000,0.000,11
609,-1.007,-0.006,3.998,0.000,-0.000,0.000,11
610,-1.007,-0.006,3.998,0.000,-0.000,0.000,11
611,-1.007,-0.006,3.998,0.000,-0.000,0.000,11
612,-1.007,-0.006,3.998,0.000,-0.000,0.000,11
613,-1.007,-0.006,3.998,0.000,-0.000,0.000,11
614,-1.007,-0.006,3.998,0.000,-0.000,0.000,11
615,-1.007,-0.006,3.998,0.000,-0.000,0.000,11
616,-1.007,-0.006,3.998,0.000,-0.000,0.000,11
617,-1.007,-0.006,3.998,0.000,-0.000,0.000,11
618,-1.007,-0.006,3.998,0.000,-0.000,0.000,11
619,-1.007,-0.006,3.998,0.000,0.000,0.000,11
620,-1.007,-0.006,3.998,0.000,0.000,0.000,11
621,-1.007,-0.006,3.998,0.000,0.000,0.000,11
622,-1.007,-0.006,3.998,0.000,0.000,0.000,11
623,-1.007,-0.006,3.998,0.000,0.000,0.000,11
624,-1.007,-0.006,3.998,0.000,0.000,0.000,11
625,-1.007,-0.006,3.998,0.000,0.000,0.000,11
626,-1.007,-0.006,3.998,0.000,0.000,0.000,11
627,-1.007,-0.006,3.998,0.000,0.000,0.000,11
628,-1.007,-0.006,3.998,0.000,0.000,0.000,11
629,-1.007,-0.006,3.998,0.000,0.000,0.000,11
630,-1.007,-0.006,3.998,0.000,0.000,0.000,11
631,-1.007,-0.006,3.998,0.000,0.000,0.000,11
632,-1.007,-0.006,3.998,0.000,-0.000,0.000,11
633,-1.007,-0.006,3.998,0.000,-0.000,0.000,11
634,-1.007,-0.006,3.998,0.000,-0.000,0.000,11
635,-1.007,-0.006,3.998,0.000,-0.000,0.000,11
636,-1.007,-0.006,3.998,0.000,-0.000,0.000,11
637,-1.007,-0.006,3.998,0.000,-0.000,0.000,11
638,-1.007,-0.006,3.998,0.000,-0.000,0.000,11
639,-1.007,-0.006,3.998,0.000,-0.000,0.000,11
640,-1.007,-0.006,3.998,0.000,-0.000,0.000,11
641,-1.007,-0.006,3.998,0.000,-0.000,0.000,11
642,-1.007,-0.006,3.998,0.000,-0.000,0.000,11
643,-1.007,-0.006,3.998,0.000,-0.000,0.000,11
644,-1.007,-0.006,3.998,0.000,-0.000,0.000,11
645,-1.007,-0.006,3.998,0.000,-0.000,0.000,11
646,-1.007,-0.006,3.998,0.000,0.000,0.000,11
647,-1.007,-0.006,3.998,0.000,0.000,0.000,11
648,-1.007,-0.006,3.998,0.000,0.000,0.000,11
649,-1.007,-0.006,3.998,0.000,0.000,-0.000,11
650,-1.007,-0.006,3.998,0.000,0.000,-0.000,11
651,-1.007,-0.006,3.998,0.000,0.000,0.000,11
652,-1.007,-0.006,3.998,0.000,0.000,0.000,11
653,-1.007,-0.006,3.998,0.000,0.000,0.000,11
654,-1.007,-0.006,3.998,0.000,0.000,0.000,11
655,-1.007,-0.006,3.998,0.000,0.000,0.000,11
656,-1.007,-0.006,3.998,0.000,0.000,0.000,11
657,-1.007,-0.006,3.998,0.000,0.000,0.000,11
658,-1.007,-0.006,3.998,0.000,0.000,0.000,11
659,-1.007,-0.006,3.998,0.000,0.000,0.000,11
660,-1.007,-0.006,3.998,0.000,-0.000,0.000,11
661,-1.007,-0.006,3.998,0.000,-0.000,0.000,11
662,-1.007,-0.006,3.998,0.000,-0.000,0.000,11
663,-1.007,-0.006,3.998,0.000,-0.000,0.000,11
664,-1.007,-0.006,3.998,0.000,-0.000,-0.000,11
665,-1.007,-0.006,3.998,0.000,-0.000,-0.000,11
666,-1.007,-0.006,3.998,0.000,-0.000,-0.000,11
667,-1.007,-0.006,3.998,0.000,-0.000,0.000,11
668,-1.007,-0.006,3.998,0.000,-0.000,0.000,11
669,-1.007,-0.006,3.998,0.000,-0.000,0.000,11
670,-1.007,-0.006,3.998,0.000,-0.000,0.000,11
671,-1.007,-0.006,3.998,0.000,-0.000,0.000,11
672,-1.007,-0.006,3.998,0.000,-0.000,0.000,11
673,-1.007,-0.006,3.998,0.000,0.000,0.000,11
674,-1.007,-0.006,3.998,0.000,0.000,0.000,11
675,-1.007,-0.006,3.998,0.000,0.000,0.000,11
676,-1.007,-0.006,3.998,0.000,0.000,0.000,11
677,-1.007,-0.006,3.998,0.000,0.000,0.000,11
678,-1.007,-0.006,3.998,0.000,0.000,0.000,11
679,-1.007,-0.006,3.998,0.000,0.000,0.000,11
680,-1.007,-0.006,3.998,0.000,0.000,0.000,11
681,-1.007,-0.006,3.998,0.000,0.000,0.000,11
682,-1.007,-0.006,3.998,0.000,0.000,0.000,11
683,-1.007,-0.006,3.998,0.000,0.000,0.000,11
684,-1.007,-0.006,3.998,0.000,0.000,0.000,11
685,-1.007,-0.006,3.998,0.000,0.000,0.000,11
686,-1.007,-0.006,3.998,0.000,0.000,0.000,11
687,-1.007,-0.006,3.998,0.000,-0.000,-0.000,11
688,-1.007,-0.006,3.998,0.000,-0.000,-0.000,11
689,-1.007,-0.006,3.998,0.000,-0.000,0.000,11
690,-1.007,-0.006,3.998,0.000,-0.000,0.000,11
691,-1.007,-0.006,3.998,0.000,-0.000,0.000,11
692,-1.007,-0.006,3.998,0.000,-0.000,0.000,11
693,-1.007,-0.006,3.998,0.000,-0.000,0.000,11
694,-1.007,-0.006,3.998,0.000,-0.000,0.000,11
695,-1.007,-0.006,3.998,0.000,-0.000,0.000,11
696,-1.007,-0.006,3.998,0.000,-0.000,0.000,11
697,-1.007,-0.006,3.998,0.000,-0.000,0.000,11
698,-1.007,-0.006,3.998,0.000,-0.000,0.000,11
699,-1.007,-0.006,3.998,0.000,-0.000,0.000,11
700,-1.007,-0.006,3.998,0.000,-0.000,0.000,11
