1,1.000,0.000,0.000,0.000,0.000,0.000,1
2,1.000,0.000,0.153,0.000,0.000,0.000,1
3,1.000,0.000,0.473,0.000,0.000,0.000,1
4,1.000,0.000,0.808,0.000,0.000,0.000,1
5,1.000,0.000,1.088,0.000,0.000,0.000,1
6,1.000,0.000,1.290,0.000,0.000,0.000,1
7,1.000,0.000,1.420,0.000,0.000,0.000,1
8,1.000,0.000,1.493,0.000,0.000,0.000,1
9,1.000,0.000,1.522,0.000,0.000,0.000,1
10,1.000,0.000,1.534,0.000,0.000,0.000,1
11,1.000,0.000,1.533,0.000,0.000,0.000,1
12,1.000,0.000,1.527,0.000,0.000,0.000,1
13,1.000,0.000,1.519,0.000,0.000,0.000,1
14,1.000,0.000,1.512,0.000,0.000,0.000,1
15,1.000,0.000,1.506,0.000,0.000,0.000,1
16,1.000,0.000,1.506,0.000,0.000,0.000,1
17,1.000,0.000,1.507,0.000,0.000,0.000,1
18,1.000,0.000,1.507,0.000,0.000,0.000,1
19,1.000,0.000,1.508,0.000,0.000,0.000,1
20,1.000,0.000,1.508,0.000,0.000,0.000,1
21,1.000,0.000,1.509,0.000,0.000,0.000,1
22,1.000,0.000,1.509,0.000,0.000,0.000,1
23,1.000,0.000,1.509,0.000,0.000,0.000,1
24,1.000,0.000,1.509,0.000,0.000,0.000,19.0
25,1.000,0.000,1.509,0.000,0.000,0.000,19.0
26,1.000,0.000,1.509,0.000,0.000,0.000,19.0
27,1.000,0.000,1.509,0.000,0.000,0.000,19.0
28,1.000,0.000,1.509,0.000,0.000,0.000,19.0
29,1.000,0.000,1.509,0.000,0.000,0.000,19.0
30,1.000,0.000,1.509,0.000,0.000,0.000,19.0
31,1.000,0.000,1.510,0.000,0.000,0.000,19.0
32,1.000,0.000,1.510,0.000,0.000,0.000,19.0
33,1.000,0.000,1.510,0.000,0.000,0.000,19.0
34,1.000,0.000,1.510,0.000,0.000,0.000,19.0
35,1.000,0.000,1.510,0.000,0.000,0.000,19.0
36,1.000,0.000,1.510,0.000,0.000,0.000,19.0
37,1.000,0.000,1.510,0.000,0.000,0.000,19.0
38,1.000,0.000,1.510,0.000,0.000,0.000,19.0
39,1.000,0.000,1.510,0.000,0.000,0.000,19.0
40,1.000,0.000,1.504,0.000,0.000,0.000,19.0
41,1.000,0.000,1.503,0.000,0.000,0.000,19.0
42,1.000,0.000,1.501,0.000,0.000,0.000,19.0
43,1.000,0.000,1.500,0.000,0.000,0.000,19.0
44,1.000,0.000,1.500,0.000,0.000,0.000,19.0
45,1.000,0.000,1.499,0.000,0.000,0.000,19.0
46,1.000,0.000,1.498,0.000,0.000,0.000,19.0
47,1.000,0.000,1.497,0.000,0.000,0.000,19.0
48,1.000,0.000,1.497,0.000,0.000,0.000,19.0
49,1.000,0.000,1.496,0.000,0.000,0.000,19.0
50,1.000,0.000,1.495,0.000,0.000,0.000,19.0
51,1.000,0.000,1.495,0.000,0.000,0.000,19.0
52,1.000,0.000,1.495,0.000,0.000,0.000,19.0
53,1.000,0.000,1.494,0.000,0.000,0.000,19.0
54,1.000,0.000,1.494,0.000,0.000,0.000,19.0
55,1.000,0.000,1.493,0.000,0.000,0.000,19.0
56,1.000,0.000,1.493,0.000,0.000,0.000,19.0
57,1.000,0.000,1.493,0.000,0.000,0.000,19.0
58,1.000,0.000,1.493,0.000,0.000,0.000,19.0
59,1.000,0.000,1.492,0.000,0.000,0.000,19.0
60,1.000,0.000,1.492,0.000,0.000,0.000,19.0
61,1.000,0.000,1.492,0.000,0.000,0.000,19.0
62,1.000,0.000,1.492,0.000,0.000,0.000,19.0
63,1.000,0.000,1.492,0.000,0.000,0.000,19.0
64,1.000,0.000,1.491,0.000,0.000,0.000,19.0
65,1.000,0.000,1.491,0.000,0.000,0.000,19.0
66,1.000,0.000,1.491,0.000,0.000,0.000,19.0
67,1.000,0.000,1.491,0.000,0.000,0.000,19.0
68,1.000,0.000,1.491,0.000,0.000,0.000,19.0
69,1.000,0.000,1.491,0.000,0.000,0.000,19.0
70,1.000,0.000,1.491,0.000,0.000,0.000,19.0
71,1.000,0.000,1.491,0.000,0.000,0.000,19.0
72,1.000,0.000,1.491,0.000,0.000,0.000,19.0
73,1.000,0.000,1.491,0.000,0.000,0.000,19.0
74,1.000,0.000,1.491,0.000,0.000,0.000,19.0
75,1.000,0.000,1.491,0.000,0.000,0.000,19.0
76,1.000,0.000,1.490,0.000,0.000,0.000,19.0
77,1.000,0.000,1.490,0.000,0.000,0.000,19.0
78,1.000,0.000,1.490,0.000,0.000,0.000,19.0
79,1.000,0.000,1.490,0.000,0.000,0.000,19.0
80,1.000,0.000,1.490,0.000,0.000,0.000,19.0
81,1.000,0.000,1.490,0.000,0.000,0.000,19.0
82,1.000,0.000,1.490,0.000,0.000,0.000,19.0
83,1.000,0.000,1.490,0.000,0.000,0.000,19.0
84,1.000,0.000,1.490,0.000,0.000,0.000,19.0
85,1.000,0.000,1.490,0.000,0.000,0.000,19.0
86,1.000,0.000,1.490,0.000,0.000,0.000,19.0
87,1.000,0.000,1.490,0.000,0.000,0.000,19.0
88,1.000,0.000,1.490,0.000,0.000,0.000,19.0
89,1.000,0.000,1.490,0.000,0.000,0.000,19.0
90,1.000,0.000,1.490,0.000,0.000,0.000,19.0
91,1.000,0.000,1.490,0.000,0.000,0.000,19.0
92,1.000,0.000,1.490,0.000,0.000,0.000,19.0
93,1.000,0.000,1.490,0.000,0.000,0.000,19.0
94,1.000,0.000,1.490,0.000,0.000,0.000,19.0
95,1.000,0.000,1.490,0.000,0.000,0.000,19.0
96,1.000,0.000,1.490,0.000,0.000,0.000,19.0
97,1.000,0.000,1.490,0.000,0.000,0.000,19.0
98,1.000,0.000,1.490,0.000,0.000,0.000,19.0
99,1.000,0.000,1.490,0.000,0.000,0.000,19.0
100,1.000,0.000,1.496,0.000,0.000,0.000,19.0
101,1.000,0.000,1.498,0.000,0.000,0.000,19.0
102,1.000,0.000,1.499,0.000,0.000,0.000,19.0
103,1.000,0.000,1.500,0.000,0.000,0.000,19.0
104,1.000,0.000,1.501,0.000,0.000,0.000,19.0
105,1.000,0.000,1.501,0.000,0.000,0.000,19.0
106,1.000,0.000,1.502,0.000,0.000,0.000,19.0
107,1.000,0.000,1.503,0.000,0.000,0.000,19.0
108,1.000,0.000,1.504,0.000,0.000,0.000,19.0
109,1.000,0.000,1.504,0.000,0.000,0.000,19.0
110,1.000,0.000,1.505,0.000,0.000,0.000,19.0
111,1.000,0.000,1.505,0.000,0.000,0.000,19.0
112,1.000,0.000,1.506,0.000,0.000,0.000,19.0
113,1.000,0.000,1.506,0.000,0.000,0.000,19.0
114,1.000,0.000,1.506,0.000,0.000,0.000,19.0
115,1.000,0.000,1.507,0.000,0.000,0.000,19.0
116,1.000,0.000,1.507,0.000,0.000,0.000,19.0
117,1.000,0.000,1.507,0.000,0.000,0.000,19.0
118,1.000,0.000,1.508,0.000,0.000,0.000,19.0
119,1.000,0.000,1.508,0.000,0.000,0.000,19.0
120,1.000,0.000,1.508,0.000,0.000,0.000,19.0
121,1.000,0.000,1.508,0.000,0.000,0.000,19.0
122,1.000,0.000,1.509,0.000,0.000,0.000,19.0
123,1.000,0.000,1.509,0.000,0.000,0.000,19.0
124,1.000,0.000,1.509,0.000,0.000,0.000,19.0
125,1.000,0.000,1.509,0.000,0.000,0.000,19.0
126,1.000,0.000,1.509,0.000,0.000,0.000,19.0
127,1.000,0.000,1.509,0.000,0.000,0.000,19.0
128,1.000,0.000,1.509,0.000,0.000,0.000,19.0
129,1.000,0.000,1.509,0.000,0.000,0.000,19.0
130,1.000,0.000,1.510,0.000,0.000,0.000,19.0
131,1.000,0.000,1.510,0.000,0.000,0.000,19.0
132,1.000,0.000,1.510,0.000,0.000,0.000,19.0
133,1.000,0.000,1.510,0.000,0.000,0.000,19.0
134,1.000,0.000,1.510,0.000,0.000,0.000,19.0
135,1.000,0.000,1.510,0.000,0.000,0.000,19.0
136,1.000,0.000,1.510,0.000,0.000,0.000,19.0
137,1.000,0.000,1.510,0.000,0.000,0.000,19.0
138,1.000,0.000,1.510,0.000,0.000,0.000,19.0
139,1.000,0.000,1.510,0.000,0.000,0.000,19.0
140,1.000,0.000,1.504,0.000,0.000,0.000,19.0
141,1.000,0.000,1.503,0.000,0.000,0.000,19.0
142,1.000,0.000,1.501,0.000,0.000,0.000,19.0
143,1.000,0.000,1.500,0.000,0.000,0.000,19.0
144,1.000,0.000,1.500,0.000,0.000,0.000,19.0
145,1.000,0.000,1.499,0.000,0.000,0.000,19.0
146,1.000,0.000,1.498,0.000,0.000,0.000,19.0
147,1.000,0.000,1.497,0.000,0.000,0.000,19.0
148,1.000,0.000,1.497,0.000,0.000,0.000,19.0
149,1.000,0.000,1.496,0.000,0.000,0.000,19.0
150,1.000,0.000,1.495,0.000,0.000,0.000,19.0
151,1.000,0.000,1.495,0.000,0.000,0.000,19.0
152,1.000,0.000,1.495,0.000,0.000,0.000,19.0
153,1.000,0.000,1.494,0.000,0.000,0.000,19.0
154,1.000,0.000,1.494,0.000,0.000,0.000,19.0
155,1.000,0.000,1.493,0.000,0.000,0.000,19.0
156,1.000,0.000,1.493,0.000,0.000,0.000,19.0
157,1.000,0.000,1.493,0.000,0.000,0.000,19.0
158,1.000,0.000,1.493,0.000,0.000,0.000,19.0
159,1.000,0.000,1.492,0.000,0.000,0.000,19.0
160,1.000,0.000,1.492,0.000,0.000,0.000,19.0
161,1.000,0.000,1.492,0.000,0.000,0.000,19.0
162,1.000,0.000,1.492,0.000,0.000,0.000,19.0
163,1.000,0.000,1.492,0.000,0.000,0.000,19.0
164,1.000,0.000,1.491,0.000,0.000,0.000,19.0
165,1.000,0.000,1.491,0.000,0.000,0.000,19.0
166,1.000,0.000,1.491,0.000,0.000,0.000,19.0
167,1.000,0.000,1.491,0.000,0.000,0.000,19.0
168,1.000,0.000,1.491,0.000,0.000,0.000,19.0
169,1.000,0.000,1.491,0.000,0.000,0.000,19.0
170,1.000,0.000,1.491,0.000,0.000,0.000,19.0
171,1.000,0.000,1.491,0.000,0.000,0.000,19.0
172,1.000,0.000,1.491,0.000,0.000,0.000,19.0
173,1.000,0.000,1.491,0.000,0.000,0.000,19.0
174,1.000,0.000,1.491,0.000,0.000,0.000,19.0
175,1.000,0.000,1.490,0.000,0.000,0.000,19.0
176,1.000,0.000,1.490,0.000,0.000,0.000,19.0
177,1.000,0.000,1.490,0.000,0.000,0.000,19.0
178,1.000,0.000,1.490,0.000,0.000,0.000,19.0
179,1.000,0.000,1.490,0.000,0.000,0.000,19.0
180,1.000,0.000,1.490,0.000,0.000,0.000,19.0
181,1.000,0.000,1.490,0.000,0.000,0.000,19.0
182,1.000,0.000,1.490,0.000,0.000,0.000,19.0
183,1.000,0.000,1.490,0.000,0.000,0.000,19.0
184,1.000,0.000,1.490,0.000,0.000,0.000,19.0
185,1.000,0.000,1.490,0.000,0.000,0.000,19.0
186,1.000,0.000,1.490,0.000,0.000,0.000,19.0
187,1.000,0.000,1.490,0.000,0.000,0.000,19.0
188,1.000,0.000,1.490,0.000,0.000,0.000,19.0
189,1.000,0.000,1.490,0.000,0.000,0.000,19.0
190,1.000,0.000,1.490,0.000,0.000,0.000,19.0
191,1.000,0.000,1.490,0.000,0.000,0.000,19.0
192,1.000,0.000,1.490,0.000,0.000,0.000,19.0
193,1.000,0.000,1.490,0.000,0.000,0.000,19.0
194,1.000,0.000,1.496,0.000,0.000,0.000,19.0
195,1.000,0.000,1.498,0.000,0.000,0.000,19.0
196,1.000,0.000,1.499,0.000,0.000,0.000,19.0
197,1.000,0.000,1.500,0.000,0.000,0.000,19.0
198,1.000,0.000,1.501,0.000,0.000,0.000,19.0
199,1.000,0.000,1.501,0.000,0.000,0.000,19.0
200,1.000,0.000,1.502,0.000,0.000,0.000,19.0
201,1.000,0.000,1.503,0.000,0.000,0.000,19.0
202,1.000,0.000,1.504,0.000,0.000,0.000,19.0
203,1.000,0.000,1.504,0.000,0.000,0.000,19.0
204,1.000,0.000,1.505,0.000,0.000,0.000,19.0
205,1.000,0.000,1.505,0.000,0.000,0.000,19.0
206,1.000,0.000,1.506,0.000,0.000,0.000,19.0
207,1.000,0.000,1.506,0.000,0.000,0.000,19.0
208,1.000,0.000,1.506,0.000,0.000,0.000,19.0
209,1.000,0.000,1.507,0.000,0.000,0.000,19.0
210,1.000,0.000,1.507,0.000,0.000,0.000,19.0
211,1.000,0.000,1.507,0.000,0.000,0.000,19.0
212,1.000,0.000,1.508,0.000,0.000,0.000,19.0
213,1.000,0.000,1.508,0.000,0.000,0.000,19.0
214,1.000,0.000,1.508,0.000,0.000,0.000,19.0
215,1.000,0.000,1.508,0.000,0.000,0.000,19.0
216,1.000,0.000,1.508,0.000,0.000,0.000,19.0
217,1.000,0.000,1.509,0.000,0.000,0.000,19.0
218,1.000,0.000,1.509,0.000,0.000,0.000,19.0
219,1.000,0.000,1.509,0.000,0.000,0.000,19.0
220,1.000,0.000,1.509,0.000,0.000,0.000,19.0
221,1.000,0.000,1.509,0.000,0.000,0.000,19.0
222,1.000,0.000,1.509,0.000,0.000,0.000,19.0
223,1.000,0.000,1.509,0.000,0.000,0.000,19.0
224,1.000,0.000,1.509,0.000,0.000,0.000,19.0
225,1.000,0.000,1.510,0.000,0.000,0.000,19.0
226,1.000,0.000,1.510,0.000,0.000,0.000,19.0
227,1.000,0.000,1.510,0.000,0.000,0.000,19.0
228,1.000,0.000,1.510,0.000,0.000,0.000,19.0
229,1.000,0.000,1.510,0.000,0.000,0.000,19.0
230,1.000,0.000,1.510,0.000,0.000,0.000,19.0
231,1.000,0.000,1.510,0.000,0.000,0.000,19.0
232,1.000,0.000,1.510,0.000,0.000,0.000,19.0
233,1.000,0.000,1.510,0.000,0.000,0.000,19.0
234,1.000,0.000,1.510,0.000,0.000,0.000,19.0
235,1.000,0.000,1.504,0.000,0.000,0.000,19.0
236,1.000,0.000,1.503,0.000,0.000,0.000,19.0
237,1.000,0.000,1.501,0.000,0.000,0.000,19.0
238,1.000,0.000,1.500,0.000,0.000,0.000,19.0
239,1.000,0.000,1.500,0.000,0.000,0.000,19.0
240,1.000,0.000,1.499,0.000,0.000,0.000,19.0
241,1.000,0.000,1.498,0.000,0.000,0.000,19.0
242,1.000,0.000,1.497,0.000,0.000,0.000,19.0
243,1.000,0.000,1.497,0.000,0.000,0.000,19.0
244,1.000,0.000,1.496,0.000,0.000,0.000,19.0
245,1.000,0.000,1.495,0.000,0.000,0.000,19.0
246,1.000,0.000,1.495,0.000,0.000,0.000,19.0
247,1.000,0.000,1.495,0.000,0.000,0.000,19.0
248,1.000,0.000,1.494,0.000,0.000,0.000,19.0
249,1.000,0.000,1.494,0.000,0.000,0.000,19.0
250,1.000,0.000,1.493,0.000,0.000,0.000,19.0
251,1.000,0.000,1.493,0.000,0.000,0.000,19.0
252,1.000,0.000,1.493,0.000,0.000,0.000,19.0
253,1.000,0.000,1.493,0.000,0.000,0.000,19.0
254,1.000,0.000,1.492,0.000,0.000,0.000,19.0
255,1.000,0.000,1.492,0.000,0.000,0.000,19.0
256,1.000,0.000,1.492,0.000,0.000,0.000,19.0
257,1.000,0.000,1.492,0.000,0.000,0.000,19.0
258,1.000,0.000,1.492,0.000,0.000,0.000,19.0
259,1.000,0.000,1.491,0.000,0.000,0.000,19.0
260,1.000,0.000,1.491,0.000,0.000,0.000,19.0
261,1.000,0.000,1.491,0.000,0.000,0.000,19.0
262,1.000,0.000,1.491,0.000,0.000,0.000,19.0
263,1.000,0.000,1.491,0.000,0.000,0.000,19.0
264,1.000,0.000,1.491,0.000,0.000,0.000,19.0
265,1.000,0.000,1.491,0.000,0.000,0.000,19.0
266,1.000,0.000,1.491,0.000,0.000,0.000,19.0
267,1.000,0.000,1.491,0.000,0.000,0.000,19.0
268,1.000,0.000,1.491,0.000,0.000,0.000,19.0
269,1.000,0.000,1.490,0.000,0.000,0.000,19.0
270,1.000,0.000,1.490,0.000,0.000,0.000,19.0
271,1.000,0.000,1.490,0.000,0.000,0.000,19.0
272,1.000,0.000,1.490,0.000,0.000,0.000,19.0
273,1.000,0.000,1.490,0.000,0.000,0.000,19.0
274,1.000,0.000,1.490,0.000,0.000,0.000,19.0
275,1.000,0.000,1.490,0.000,0.000,0.000,19.0
276,1.000,0.000,1.490,0.000,0.000,0.000,19.0
277,1.000,0.000,1.490,0.000,0.000,0.000,19.0
278,1.000,0.000,1.490,0.000,0.000,0.000,19.0
279,1.000,0.000,1.490,0.000,0.000,0.000,19.0
280,1.000,0.000,1.490,0.000,0.000,0.000,19.0
281,1.000,0.000,1.490,0.000,0.000,0.000,19.0
282,1.000,0.000,1.490,0.000,0.000,0.000,19.0
283,1.000,0.000,1.490,0.000,0.000,0.000,19.0
284,1.000,0.000,1.490,0.000,0.000,0.000,19.0
285,1.000,0.000,1.490,0.000,0.000,0.000,19.0
286,1.000,0.000,1.490,0.000,0.000,0.000,19.0
287,1.000,0.000,1.496,0.000,0.000,0.000,19.0
288,1.000,0.000,1.498,0.000,0.000,0.000,19.0
289,1.000,0.000,1.499,0.000,0.000,0.000,19.0
290,1.000,0.000,1.500,0.000,0.000,0.000,19.0
291,1.000,0.000,1.501,0.000,0.000,0.000,19.0
292,1.000,0.000,1.501,0.000,0.000,0.000,19.0
293,1.000,0.000,1.502,0.000,0.000,0.000,19.0
294,1.000,0.000,1.503,0.000,0.000,0.000,19.0
295,1.000,0.000,1.504,0.000,0.000,0.000,19.0
296,1.000,0.000,1.504,0.000,0.000,0.000,19.0
297,1.000,0.000,1.505,0.000,0.000,0.000,19.0
298,1.000,0.000,1.505,0.000,0.000,0.000,19.0
299,1.000,0.000,1.506,0.000,0.000,0.000,19.0
300,1.000,0.000,1.506,0.000,0.000,0.000,19.0
301,1.000,0.000,1.506,0.000,0.000,0.000,19.0
302,1.000,0.000,1.507,0.000,0.000,0.000,19.0
303,1.000,0.000,1.507,0.000,0.000,0.000,19.0
304,1.000,0.000,1.507,0.000,0.000,0.000,19.0
305,1.000,0.000,1.508,0.000,0.000,0.000,19.0
306,1.000,0.000,1.508,0.000,0.000,0.000,19.0
307,1.000,0.000,1.508,0.000,0.000,0.000,19.0
308,1.000,0.000,1.508,0.000,0.000,0.000,19.0
309,1.000,0.000,1.508,0.000,0.000,0.000,19.0
310,1.000,0.000,1.509,0.000,0.000,0.000,19.0
311,1.000,0.000,1.509,0.000,0.000,0.000,19.0
312,1.000,0.000,1.509,0.000,0.000,0.000,19.0
313,1.000,0.000,1.509,0.000,0.000,0.000,19.0
314,1.000,0.000,1.509,0.000,0.000,0.000,19.0
315,1.000,0.000,1.509,0.000,0.000,0.000,19.0
316,1.000,0.000,1.509,0.000,0.000,0.000,19.0
317,1.000,0.000,1.509,0.000,0.000,0.000,19.0
318,1.000,0.000,1.510,0.000,0.000,0.000,19.0
319,1.000,0.000,1.510,0.000,0.000,0.000,19.0
320,1.000,0.000,1.510,0.000,0.000,0.000,19.0
321,1.000,0.000,1.510,0.000,0.000,0.000,19.0
322,1.000,0.000,1.510,0.000,0.000,0.000,19.0
323,1.000,0.000,1.510,0.000,0.000,0.000,19.0
324,1.000,0.000,1.510,0.000,0.000,0.000,19.0
325,1.000,0.000,1.510,0.000,0.000,0.000,19.0
326,1.000,0.000,1.510,0.000,0.000,0.000,19.0
327,1.000,0.000,1.510,0.000,0.000,0.000,19.0
328,1.000,0.000,1.504,0.000,0.000,0.000,19.0
329,1.000,0.000,1.503,0.000,0.000,0.000,19.0
330,1.000,0.000,1.501,0.000,0.000,0.000,19.0
331,1.000,0.000,1.500,0.000,0.000,0.000,19.0
332,1.000,0.000,1.500,0.000,0.000,0.000,19.0
333,1.000,0.000,1.499,0.000,0.000,0.000,19.0
334,1.000,0.000,1.498,0.000,0.000,0.000,19.0
335,1.000,0.000,1.497,0.000,0.000,0.000,19.0
336,1.000,0.000,1.497,0.000,0.000,0.000,19.0
337,1.000,0.000,1.496,0.000,0.000,0.000,19.0
338,1.000,0.000,1.495,0.000,0.000,0.000,19.0
339,1.000,0.000,1.495,0.000,0.000,0.000,19.0
340,1.000,0.000,1.495,0.000,0.000,0.000,19.0
341,1.000,0.000,1.494,0.000,0.000,0.000,19.0
342,1.000,0.000,1.494,0.000,0.000,0.000,19.0
343,1.000,0.000,1.493,0.000,0.000,0.000,19.0
344,1.000,0.000,1.493,0.000,0.000,0.000,19.0
345,1.000,0.000,1.493,0.000,0.000,0.000,19.0
346,1.000,0.000,1.493,0.000,0.000,0.000,19.0
347,1.000,0.000,1.492,0.000,0.000,0.000,19.0
348,1.000,0.000,1.492,0.000,0.000,0.000,19.0
349,1.000,0.000,1.492,0.000,0.000,0.000,19.0
350,1.000,0.000,1.492,0.000,0.000,0.000,19.0
351,1.000,0.000,1.492,0.000,0.000,0.000,19.0
352,1.000,0.000,1.491,0.000,0.000,0.000,19.0
353,1.000,0.000,1.491,0.000,0.000,0.000,19.0
354,1.000,0.000,1.491,0.000,0.000,0.000,19.0
355,1.000,0.000,1.491,0.000,0.000,0.000,19.0
356,1.000,0.000,1.491,0.000,0.000,0.000,19.0
357,1.000,0.000,1.491,0.000,0.000,0.000,19.0
358,1.000,0.000,1.491,0.000,0.000,0.000,19.0
359,1.000,0.000,1.491,0.000,0.000,0.000,19.0
360,1.000,0.000,1.491,0.000,0.000,0.000,19.0
361,1.000,0.000,1.491,0.000,0.000,0.000,19.0
362,1.000,0.000,1.491,0.000,0.000,0.000,19.0
363,1.000,0.000,1.490,0.000,0.000,0.000,19.0
364,1.000,0.000,1.490,0.000,0.000,0.000,19.0
365,1.000,0.000,1.490,0.000,0.000,0.000,19.0
366,1.000,0.000,1.490,0.000,0.000,0.000,19.0
367,1.000,0.000,1.490,0.000,0.000,0.000,19.0
368,1.000,0.000,1.490,0.000,0.000,0.000,19.0
369,1.000,0.000,1.490,0.000,0.000,0.000,19.0
370,1.000,0.000,1.490,0.000,0.000,0.000,19.0
371,1.000,0.000,1.490,0.000,0.000,0.000,19.0
372,1.000,0.000,1.490,0.000,0.000,0.000,19.0
373,1.000,0.000,1.490,0.000,0.000,0.000,19.0
374,1.000,0.000,1.490,0.000,0.000,0.000,19.0
375,1.000,0.000,1.490,0.000,0.000,0.000,19.0
376,1.000,0.000,1.490,0.000,0.000,0.000,19.0
377,1.000,0.000,1.490,0.000,0.000,0.000,19.0
378,1.000,0.000,1.490,0.000,0.000,0.000,19.0
379,1.000,0.000,1.490,0.000,0.000,0.000,19.0
380,1.000,0.000,1.490,0.000,0.000,0.000,19.0
381,1.000,0.000,1.496,0.000,0.000,0.000,19.0
382,1.000,0.000,1.498,0.000,0.000,0.000,19.0
383,1.000,0.000,1.499,0.000,0.000,0.000,19.0
384,1.000,0.000,1.500,0.000,0.000,0.000,19.0
385,1.000,0.000,1.501,0.000,0.000,0.000,19.0
386,1.000,0.000,1.501,0.000,0.000,0.000,19.0
387,1.000,0.000,1.502,0.000,0.000,0.000,19.0
388,1.000,0.000,1.503,0.000,0.000,0.000,19.0
389,1.000,0.000,1.504,0.000,0.000,0.000,19.0
390,1.000,0.000,1.504,0.000,0.000,0.000,19.0
391,1.000,0.000,1.505,0.000,0.000,0.000,19.0
392,1.000,0.000,1.505,0.000,0.000,0.000,19.0
393,1.000,0.000,1.506,0.000,0.000,0.000,19.0
394,1.000,0.000,1.506,0.000,0.000,0.000,19.0
395,1.000,0.000,1.506,0.000,0.000,0.000,19.0
396,1.000,0.000,1.507,0.000,0.000,0.000,19.0
397,1.000,0.000,1.507,0.000,0.000,0.000,19.0
398,1.000,0.000,1.507,0.000,0.000,0.000,19.0
399,1.000,0.000,1.508,0.000,0.000,0.000,19.0
400,1.000,0.000,1.508,0.000,0.000,0.000,19.0
401,1.000,0.000,1.508,0.000,0.000,0.000,19.0
402,1.000,0.000,1.508,0.000,0.000,0.000,19.0
403,1.000,0.000,1.508,0.000,0.000,0.000,19.0
404,1.000,0.000,1.509,0.000,0.000,0.000,19.0
405,1.000,0.000,1.509,0.000,0.000,0.000,19.0
406,1.000,0.000,1.509,0.000,0.000,0.000,19.0
407,1.000,0.000,1.509,0.000,0.000,0.000,19.0
408,1.000,0.000,1.509,0.000,0.000,0.000,19.0
409,1.000,0.000,1.509,0.000,0.000,0.000,19.0
410,1.000,0.000,1.509,0.000,0.000,0.000,19.0
411,1.000,0.000,1.509,0.000,0.000,0.000,19.0
412,1.000,0.000,1.510,0.000,0.000,0.000,19.0
413,1.000,0.000,1.510,0.000,0.000,0.000,19.0
414,1.000,0.000,1.510,0.000,0.000,0.000,19.0
415,1.000,0.000,1.510,0.000,0.000,0.000,19.0
416,1.000,0.000,1.510,0.000,0.000,0.000,19.0
417,1.000,0.000,1.510,0.000,0.000,0.000,19.0
418,1.000,0.000,1.510,0.000,0.000,0.000,19.0
419,1.000,0.000,1.510,0.000,0.000,0.000,19.0
420,1.000,0.000,1.510,0.000,0.000,0.000,19.0
421,1.000,0.000,1.510,0.000,0.000,0.000,19.0
422,1.000,0.000,1.504,0.000,0.000,0.000,19.0
423,1.000,0.000,1.503,0.000,0.000,0.000,19.0
424,1.000,0.000,1.501,0.000,0.000,0.000,19.0
425,1.000,0.000,1.500,0.000,0.000,0.000,19.0
426,1.000,0.000,1.500,0.000,0.000,0.000,19.0
427,1.000,0.000,1.499,0.000,0.000,0.000,19.0
428,1.000,0.000,1.498,0.000,0.000,0.000,19.0
429,1.000,0.000,1.497,0.000,0.000,0.000,19.0
430,1.000,0.000,1.497,0.000,0.000,0.000,19.0
431,1.000,0.000,1.496,0.000,0.000,0.000,19.0
432,1.000,0.000,1.495,0.000,0.000,0.000,19.0
433,1.000,0.000,1.495,0.000,0.000,0.000,19.0
434,1.000,0.000,1.495,0.000,0.000,0.000,19.0
435,1.000,0.000,1.494,0.000,0.000,0.000,19.0
436,1.000,0.000,1.494,0.000,0.000,0.000,19.0
437,1.000,0.000,1.493,0.000,0.000,0.000,19.0
438,1.000,0.000,1.493,0.000,0.000,0.000,19.0
439,1.000,0.000,1.493,0.000,0.000,0.000,19.0
440,1.000,0.000,1.493,0.000,0.000,0.000,19.0
441,1.000,0.000,1.492,0.000,0.000,0.000,19.0
442,1.000,0.000,1.492,0.000,0.000,0.000,19.0
443,1.000,0.000,1.492,0.000,0.000,0.000,19.0
444,1.000,0.000,1.492,0.000,0.000,0.000,19.0
445,1.000,-0.000,1.492,0.000,-0.219,0.000,22.0
446,0.999,0.000,1.491,-0.000,-0.362,-0.000,22.0
447,0.997,0.000,1.491,-0.000,-0.377,-0.000,22.0
448,0.994,0.000,1.491,-0.000,-0.290,-0.000,22.0
449,0.990,0.000,1.491,-0.000,0.065,0.000,22.0
450,0.986,0.000,1.491,-0.000,0.342,0.000,22.0
451,0.983,0.000,1.491,-0.000,0.232,0.000,22.0
452,0.981,0.000,1.491,-0.000,0.040,0.000,22.0
453,0.978,0.000,1.491,-0.000,-0.125,0.000,22.0
454,0.976,0.000,1.491,-0.000,-0.217,0.000,22.0
455,0.973,0.000,1.491,-0.000,-0.225,0.000,22.0
456,0.969,0.000,1.491,-0.000,-0.168,0.000,22.0
457,0.965,0.000,1.491,-0.000,-0.081,-0.000,22.0
458,0.960,0.000,1.491,-0.000,0.003,-0.000,22.0
459,0.955,0.000,1.491,-0.000,0.059,-0.000,22.0
460,0.950,0.000,1.491,-0.000,0.079,-0.000,22.0
461,0.946,0.000,1.491,-0.000,0.067,-0.000,22.0
462,0.942,0.000,1.491,-0.000,0.036,-0.000,22.0
463,0.937,0.000,1.491,-0.000,0.002,0.000,22.0
464,0.933,0.000,1.491,-0.000,-0.023,0.000,22.0
465,0.929,0.000,1.491,-0.000,-0.035,0.000,22.0
466,0.925,0.000,1.491,-0.000,-0.033,0.000,22.0
467,0.921,0.000,1.491,-0.000,-0.021,0.000,22.0
468,0.916,0.000,1.491,-0.000,-0.006,0.000,22.0
469,0.912,0.000,1.491,-0.000,0.007,-0.000,22.0
470,0.907,0.000,1.491,-0.000,0.015,-0.000,22.0
471,0.903,0.000,1.491,-0.000,0.016,-0.000,22.0
472,0.898,0.000,1.492,-0.000,0.013,-0.000,22.0
473,0.894,0.000,1.492,-0.000,0.007,-0.000,22.0
474,0.890,0.000,1.492,-0.000,0.001,-0.000,22.0
475,0.885,0.000,1.492,-0.000,-0.003,-0.000,22.0
476,0.881,0.000,1.492,-0.000,-0.004,0.000,22.0
477,0.876,0.000,1.492,-0.000,-0.003,0.000,22.0
478,0.872,0.000,1.492,-0.000,-0.001,0.000,22.0
479,0.868,0.000,1.492,-0.000,0.002,0.000,22.0
480,0.863,0.000,1.492,-0.000,0.004,0.000,22.0
481,0.859,0.000,1.492,-0.000,0.005,-0.000,22.0
482,0.854,0.000,1.492,-0.000,0.005,-0.000,22.0
483,0.850,0.000,1.492,-0.000,0.004,-0.000,22.0
484,0.846,0.000,1.492,-0.000,0.003,-0.000,22.0
485,0.841,0.000,1.492,-0.000,0.002,-0.000,22.0
486,0.837,0.000,1.492,-0.000,0.001,-0.000,22.0
487,0.832,0.000,1.492,-0.000,0.001,0.000,22.0
488,0.828,0.000,1.492,-0.000,0.002,0.000,22.0
489,0.824,0.000,1.492,-0.000,0.002,0.000,22.0
490,0.819,0.000,1.492,-0.000,0.002,0.000,22.0
491,0.815,0.000,1.492,-0.000,0.003,0.000,22.0
492,0.810,0.000,1.492,-0.000,0.003,-0.000,22.0
493,0.806,0.000,1.492,-0.000,0.003,-0.000,22.0
494,0.802,0.000,1.492,-0.000,0.003,-0.000,22.0
495,0.797,0.000,1.492,-0.000,0.002,-0.000,22.0
496,0.793,0.000,1.492,-0.000,0.002,-0.000,22.0
497,0.788,0.000,1.492,-0.000,0.002,-0.000,22.0
498,0.784,0.000,1.492,-0.000,0.002,0.000,22.0
499,0.780,0.000,1.492,-0.000,0.002,0.000,22.0
500,0.775,0.000,1.492,-0.000,0.002,0.000,22.0
501,0.771,0.000,1.492,-0.000,0.002,0.000,22.0
502,0.766,0.000,1.492,-0.000,0.002,0.000,22.0
503,0.762,0.000,1.492,-0.000,0.002,-0.000,22.0
504,0.758,0.000,1.492,-0.000,0.002,-0.000,22.0
505,0.753,0.000,1.492,-0.000,0.002,-0.000,22.0
506,0.749,0.000,1.492,-0.000,0.002,-0.000,22.0
507,0.744,0.000,1.492,-0.000,0.002,-0.000,22.0
508,0.740,0.000,1.492,-0.000,0.002,0.000,22.0
509,0.735,0.000,1.492,-0.000,0.002,0.000,22.0
510,0.731,0.000,1.492,-0.000,0.002,0.000,22.0
511,0.727,0.000,1.492,-0.000,0.002,0.000,22.0
512,0.722,0.000,1.492,-0.000,0.002,0.000,22.0
513,0.718,0.000,1.492,-0.000,0.002,0.000,22.0
514,0.713,0.000,1.492,-0.000,0.002,-0.000,22.0
515,0.709,0.000,1.492,-0.000,0.002,-0.000,22.0
516,0.705,0.000,1.492,-0.000,0.002,-0.000,22.0
517,0.700,0.000,1.492,-0.000,0.002,-0.000,22.0
518,0.696,0.000,1.492,-0.000,0.002,-0.000,22.0
519,0.691,0.000,1.492,-0.000,0.002,0.000,22.0
520,0.687,0.000,1.492,-0.000,0.002,0.000,22.0
521,0.683,0.000,1.492,-0.000,0.002,0.000,22.0
522,0.678,0.000,1.492,-0.000,0.002,0.000,22.0
523,0.674,0.000,1.492,-0.000,0.002,0.000,22.0
524,0.669,0.000,1.492,-0.000,0.002,-0.000,22.0
525,0.665,0.000,1.492,-0.000,0.002,-0.000,22.0
526,0.661,0.000,1.492,-0.000,0.002,-0.000,22.0
527,0.656,0.000,1.492,-0.000,0.002,-0.000,22.0
528,0.652,0.000,1.492,-0.000,0.002,-0.000,22.0
529,0.647,0.000,1.492,-0.000,0.002,-0.000,22.0
530,0.643,0.000,1.492,-0.000,0.002,0.000,22.0
531,0.639,0.000,1.492,-0.000,0.002,0.000,22.0
532,0.634,0.000,1.492,-0.000,0.002,0.000,22.0
533,0.630,0.000,1.492,-0.000,0.002,0.000,22.0
534,0.625,0.000,1.491,-0.000,0.002,-0.000,22.0
535,0.621,0.000,1.491,-0.000,0.002,-0.000,22.0
536,0.617,0.000,1.491,-0.000,0.002,-0.000,22.0
537,0.612,0.000,1.491,-0.000,0.002,-0.000,22.0
538,0.608,0.000,1.491,-0.000,0.002,-0.000,22.0
539,0.603,0.000,1.491,-0.000,0.002,-0.000,22.0
540,0.599,0.000,1.491,-0.000,0.002,-0.000,22.0
541,0.595,0.000,1.491,-0.000,0.002,-0.000,22.0
542,0.590,0.000,1.491,-0.000,0.002,-0.000,22.0
543,0.586,0.000,1.491,-0.000,0.002,-0.000,22.0
544,0.581,0.000,1.491,-0.000,0.002,-0.000,22.0
545,0.577,0.000,1.491,-0.000,0.002,-0.000,22.0
546,0.573,0.000,1.491,-0.000,0.002,-0.000,22.0
547,0.568,0.000,1.491,-0.000,0.002,-0.000,22.0
548,0.564,0.000,1.491,-0.000,0.002,-0.000,22.0
549,0.559,0.000,1.491,-0.000,0.002,-0.000,22.0
550,0.555,0.000,1.491,-0.000,0.002,-0.000,22.0
551,0.551,0.000,1.491,-0.000,0.002,-0.000,22.0
552,0.546,0.000,1.491,-0.000,0.002,-0.000,22.0
553,0.542,0.000,1.491,-0.000,0.002,-0.000,22.0
554,0.537,0.000,1.491,-0.000,0.002,-0.000,22.0
555,0.533,0.000,1.491,-0.000,0.002,-0.000,22.0
556,0.529,0.000,1.491,-0.000,0.002,-0.000,22.0
557,0.524,0.000,1.491,-0.000,0.002,-0.000,22.0
558,0.520,0.000,1.491,-0.000,0.002,-0.000,22.0
559,0.515,0.000,1.491,-0.000,0.002,-0.000,22.0
560,0.511,0.000,1.491,-0.000,0.002,-0.000,22.0
561,0.507,0.000,1.491,-0.000,0.002,-0.000,22.0
562,0.502,0.000,1.491,-0.000,0.002,-0.000,22.0
563,0.498,0.000,1.491,-0.000,0.002,-0.000,22.0
564,0.493,0.000,1.491,-0.000,0.002,-0.000,22.0
565,0.489,0.000,1.491,-0.000,0.002,-0.000,22.0
566,0.484,0.000,1.491,-0.000,0.002,-0.000,22.0
567,0.480,0.000,1.491,-0.000,0.002,-0.000,22.0
568,0.476,0.000,1.491,-0.000,0.002,-0.000,22.0
569,0.471,0.000,1.491,-0.000,0.002,-0.000,22.0
570,0.467,0.000,1.491,-0.000,0.002,-0.000,22.0
571,0.462,0.000,1.491,-0.000,0.002,-0.000,22.0
572,0.458,0.000,1.491,-0.000,0.002,-0.000,22.0
573,0.454,0.000,1.491,-0.000,0.002,-0.000,22.0
574,0.449,0.000,1.491,-0.000,0.002,-0.000,22.0
575,0.445,0.000,1.491,-0.000,0.002,-0.000,22.0
576,0.440,0.000,1.491,-0.000,0.002,-0.000,22.0
577,0.436,0.000,1.491,-0.000,0.002,-0.000,22.0
578,0.432,0.000,1.491,-0.000,0.002,-0.000,22.0
579,0.427,0.000,1.491,-0.000,0.002,-0.000,22.0
580,0.423,0.000,1.491,-0.000,0.002,-0.000,22.0
581,0.418,0.000,1.491,-0.000,0.002,-0.000,22.0
582,0.414,0.000,1.491,-0.000,0.002,-0.000,22.0
583,0.410,0.000,1.491,-0.000,0.002,-0.000,22.0
584,0.405,0.000,1.491,-0.000,0.002,-0.000,22.0
585,0.401,0.000,1.491,-0.000,0.002,-0.000,22.0
586,0.396,0.000,1.491,-0.000,0.002,-0.000,22.0
587,0.392,0.000,1.491,-0.000,0.002,-0.000,22.0
588,0.388,0.000,1.491,-0.000,0.002,-0.000,22.0
589,0.383,0.000,1.491,-0.000,0.002,-0.000,22.0
590,0.379,0.000,1.491,-0.000,0.002,-0.000,22.0
591,0.374,0.000,1.491,-0.000,0.002,-0.000,22.0
592,0.370,0.000,1.491,-0.000,0.002,-0.000,22.0
593,0.366,0.000,1.491,-0.000,0.002,-0.000,22.0
594,0.361,0.000,1.491,-0.000,0.002,-0.000,22.0
595,0.357,0.000,1.491,-0.000,0.002,-0.000,22.0
596,0.352,0.000,1.491,-0.000,0.002,-0.000,22.0
597,0.348,0.000,1.491,-0.000,0.002,-0.000,22.0
598,0.344,0.000,1.491,-0.000,0.004,-0.000,22.0
599,0.339,0.000,1.491,-0.000,0.007,-0.000,22.0
600,0.335,0.000,1.491,-0.000,0.012,-0.000,22.0
601,0.330,0.000,1.491,-0.000,0.016,-0.000,22.0
602,0.326,0.000,1.491,-0.000,0.019,-0.000,22.0
603,0.322,0.000,1.491,-0.000,0.020,-0.000,22.0
604,0.318,0.000,1.491,-0.000,0.020,-0.000,22.0
605,0.314,0.000,1.491,-0.000,0.018,-0.000,22.0
606,0.309,0.000,1.491,-0.000,0.017,-0.000,22.0
607,0.305,0.000,1.491,-0.000,0.015,0.000,22.0
608,0.301,0.000,1.491,-0.000,0.015,0.000,22.0
609,0.298,0.000,1.491,-0.000,0.015,0.000,22.0
610,0.294,0.000,1.491,-0.000,0.015,0.000,22.0
611,0.290,0.000,1.491,-0.000,0.016,0.000,22.0
612,0.286,0.000,1.491,-0.000,0.016,-0.000,22.0
613,0.282,0.000,1.491,-0.000,0.016,-0.000,22.0
614,0.279,0.000,1.491,-0.000,0.016,-0.000,22.0
615,0.275,0.000,1.491,-0.000,0.016,-0.000,22.0
616,0.271,0.000,1.491,-0.000,0.016,-0.000,22.0
617,0.268,0.000,1.491,-0.000,0.015,-0.000,22.0
618,0.264,0.000,1.491,-0.000,0.015,0.000,22.0
619,0.261,0.000,1.491,-0.000,0.015,0.000,22.0
620,0.257,0.000,1.491,-0.000,0.014,0.000,22.0
621,0.254,0.000,1.491,-0.000,0.014,0.000,22.0
622,0.251,0.000,1.491,-0.000,0.014,0.000,22.0
623,0.247,0.000,1.491,-0.000,0.014,0.000,22.0
624,0.244,0.000,1.491,-0.000,0.014,-0.000,22.0
625,0.241,0.000,1.491,-0.000,0.014,-0.000,22.0
626,0.238,0.000,1.491,-0.000,0.014,-0.000,22.0
627,0.235,0.000,1.491,-0.000,0.013,-0.000,22.0
628,0.232,0.000,1.491,-0.000,0.013,-0.000,22.0
629,0.229,0.000,1.491,-0.000,0.013,0.000,22.0
630,0.226,0.000,1.491,-0.000,0.013,0.000,22.0
631,0.223,0.000,1.491,-0.000,0.013,0.000,22.0
632,0.220,0.000,1.491,-0.000,0.013,0.000,22.0
633,0.217,0.000,1.491,-0.000,0.012,0.000,22.0
634,0.214,0.000,1.491,-0.000,0.012,0.000,22.0
635,0.211,0.000,1.491,-0.000,0.012,0.000,22.0
636,0.209,0.000,1.491,-0.000,0.012,0.000,22.0
637,0.206,0.000,1.491,-0.000,0.012,0.000,22.0
638,0.203,0.000,1.491,-0.000,0.012,-0.000,22.0
639,0.200,0.000,1.491,-0.000,0.011,-0.000,22.0
640,0.198,0.000,1.491,-0.000,0.011,0.000,22.0
641,0.195,0.000,1.491,-0.000,0.011,0.000,22.0
642,0.193,0.000,1.491,-0.000,0.011,0.000,22.0
643,0.190,0.000,1.491,-0.000,0.011,0.000,22.0
644,0.188,0.000,1.491,-0.000,0.011,0.000,22.0
645,0.185,0.000,1.491,-0.000,0.011,0.000,22.0
646,0.183,0.000,1.491,-0.000,0.010,0.000,22.0
647,0.180,0.000,1.491,-0.000,0.010,0.000,22.0
648,0.178,0.000,1.491,-0.000,0.010,0.000,22.0
649,0.176,0.000,1.491,-0.000,0.010,0.000,22.0
650,0.173,0.000,1.491,-0.000,0.010,0.000,22.0
651,0.171,0.000,1.490,-0.000,0.010,0.000,22.0
652,0.169,0.000,1.490,-0.000,0.010,0.000,22.0
653,0.167,0.000,1.490,-0.000,0.010,0.000,22.0
654,0.164,0.000,1.490,-0.000,0.009,0.000,22.0
655,0.162,0.000,1.490,-0.000,0.009,0.000,22.0
656,0.160,0.000,1.490,-0.000,0.009,0.000,22.0
657,0.158,0.000,1.490,-0.000,0.009,0.000,22.0
658,0.156,0.000,1.490,-0.000,0.009,0.000,22.0
659,0.154,0.000,1.490,-0.000,0.009,0.000,22.0
660,0.152,0.000,1.490,-0.000,0.009,0.000,22.0
661,0.150,0.000,1.490,-0.000,0.009,0.000,22.0
662,0.148,0.000,1.490,-0.000,0.008,0.000,22.0
663,0.146,0.000,1.490,-0.000,0.008,0.000,22.0
664,0.144,0.000,1.490,-0.000,0.008,0.000,22.0
665,0.142,0.000,1.490,-0.000,0.008,0.000,22.0
666,0.140,0.000,1.490,-0.000,0.008,0.000,22.0
667,0.139,0.000,1.490,-0.000,0.008,0.000,22.0
668,0.137,0.000,1.490,-0.000,0.008,0.000,22.0
669,0.135,0.000,1.490,-0.000,0.008,0.000,22.0
670,0.133,0.000,1.490,-0.000,0.008,0.000,22.0
671,0.131,0.000,1.490,-0.000,0.008,0.000,22.0
672,0.130,0.000,1.490,-0.000,0.007,0.000,22.0
673,0.128,0.000,1.490,-0.000,0.007,0.000,22.0
674,0.126,0.000,1.490,-0.000,0.007,0.000,22.0
675,0.125,0.000,1.490,-0.000,0.007,0.000,22.0
676,0.123,0.000,1.490,-0.000,0.007,0.000,22.0
677,0.121,0.000,1.490,-0.000,0.007,0.000,22.0
678,0.120,0.000,1.490,-0.000,0.007,0.000,22.0
679,0.118,0.000,1.490,-0.000,0.007,0.000,22.0
680,0.117,0.000,1.490,-0.000,0.007,0.000,22.0
681,0.115,0.000,1.490,-0.000,0.007,0.000,22.0
682,0.114,0.000,1.490,-0.000,0.007,0.000,22.0
683,0.112,0.000,1.490,-0.000,0.006,0.000,22.0
684,0.111,0.000,1.490,-0.000,0.006,0.000,22.0
685,0.109,0.000,1.490,-0.000,0.006,0.000,22.0
686,0.108,0.000,1.490,-0.000,0.006,0.000,22.0
687,0.106,0.000,1.490,-0.000,0.006,0.000,22.0
688,0.105,0.000,1.490,-0.000,0.006,0.000,22.0
689,0.104,0.000,1.490,-0.000,0.006,0.000,22.0
690,0.102,0.000,1.490,-0.000,0.006,0.000,22.0
691,0.101,0.000,1.490,-0.000,0.006,0.000,22.0
692,0.100,0.000,1.490,-0.000,0.006,0.000,22.0
693,0.098,0.000,1.490,-0.000,0.006,0.000,22.0
694,0.097,0.000,1.490,-0.000,0.006,0.000,22.0
695,0.096,0.000,1.490,-0.000,0.005,0.000,22.0
696,0.095,0.000,1.490,-0.000,0.005,0.000,22.0
697,0.093,0.000,1.490,-0.000,0.005,0.000,22.0
698,0.092,0.000,1.490,-0.000,0.005,0.000,22.0
699,0.091,0.000,1.490,-0.000,0.005,0.000,22.0
700,0.090,0.000,1.490,-0.000,0.005,0.000,22.0
701,0.089,0.000,1.490,-0.000,0.005,0.000,22.0
702,0.087,0.000,1.490,-0.000,0.005,0.000,22.0
703,0.086,0.000,1.490,-0.000,0.005,0.000,22.0
704,0.085,0.000,1.490,-0.000,0.005,0.000,22.0
705,0.084,0.000,1.490,-0.000,0.005,0.000,22.0
706,0.083,0.000,1.490,-0.000,0.005,0.000,22.0
707,0.082,0.000,1.490,-0.000,0.005,0.000,22.0
708,0.081,0.000,1.490,-0.000,0.005,0.000,22.0
709,0.080,0.000,1.490,-0.000,0.005,-0.000,22.0
710,0.079,0.000,1.490,-0.000,0.004,-0.000,22.0
711,0.078,0.000,1.490,-0.000,0.004,-0.000,22.0
712,0.077,0.000,1.490,-0.000,0.004,-0.000,22.0
713,0.076,0.000,1.490,-0.000,0.004,-0.000,22.0
714,0.075,0.000,1.490,-0.000,0.004,-0.000,22.0
715,0.074,0.000,1.490,-0.000,0.004,-0.000,22.0
716,0.073,0.000,1.490,-0.000,0.004,-0.000,22.0
717,0.072,0.000,1.490,-0.000,0.004,-0.000,22.0
718,0.071,0.000,1.490,-0.000,0.004,-0.000,22.0
719,0.070,0.000,1.490,-0.000,0.004,-0.000,22.0
720,0.069,0.000,1.490,-0.000,0.004,-0.000,22.0
721,0.068,0.000,1.490,-0.000,0.004,-0.000,22.0
722,0.067,0.000,1.490,-0.000,0.004,-0.000,22.0
723,0.066,0.000,1.490,-0.000,0.004,-0.000,22.0
724,0.065,0.000,1.490,-0.000,0.004,-0.000,22.0
725,0.065,0.000,1.490,-0.000,0.004,-0.000,22.0
726,0.064,0.000,1.490,-0.000,0.004,-0.000,22.0
727,0.063,0.000,1.490,-0.000,0.004,-0.000,22.0
728,0.062,0.000,1.490,-0.000,0.004,-0.000,22.0
729,0.061,0.000,1.490,-0.000,0.004,-0.000,22.0
730,0.060,0.000,1.490,-0.000,0.003,-0.000,22.0
731,0.060,0.000,1.490,-0.000,0.003,-0.000,22.0
732,0.059,0.000,1.490,-0.000,0.003,-0.000,22.0
733,0.058,0.000,1.490,-0.000,0.003,-0.000,22.0
734,0.057,0.000,1.490,-0.000,0.003,-0.000,22.0
735,0.057,0.000,1.490,-0.000,0.003,-0.000,22.0
736,0.056,0.000,1.490,-0.000,0.003,-0.000,22.0
737,0.055,0.000,1.490,-0.000,0.003,-0.000,22.0
738,0.054,0.000,1.490,-0.000,0.003,-0.000,22.0
739,0.054,0.000,1.490,-0.000,0.003,-0.000,22.0
740,0.053,0.000,1.490,-0.000,0.003,-0.000,22.0
741,0.052,0.000,1.490,-0.000,0.003,-0.000,22.0
742,0.052,0.000,1.490,-0.000,0.003,-0.000,22.0
743,0.051,0.000,1.490,-0.000,0.003,-0.000,22.0
744,0.050,0.000,1.490,-0.000,0.003,-0.000,22.0
745,0.050,0.000,1.490,-0.000,0.003,-0.000,22.0
746,0.049,0.000,1.490,-0.000,0.003,-0.000,22.0
747,0.048,0.000,1.490,-0.000,0.003,-0.000,22.0
748,0.048,0.000,1.490,-0.000,0.003,-0.000,22.0
749,0.047,0.000,1.490,-0.000,0.003,-0.000,22.0
750,0.046,0.000,1.490,-0.000,0.003,-0.000,22.0
751,0.046,0.000,1.490,-0.000,0.003,-0.000,22.0
752,0.045,0.000,1.490,-0.000,0.003,-0.000,22.0
753,0.045,0.000,1.490,-0.000,0.003,-0.000,22.0
754,0.044,0.000,1.490,-0.000,0.003,-0.000,22.0
755,0.043,0.000,1.490,-0.000,0.002,-0.000,22.0
756,0.043,0.000,1.490,-0.000,0.002,-0.000,22.0
757,0.042,0.000,1.490,-0.000,0.002,-0.000,22.0
758,0.042,0.000,1.490,-0.000,0.002,-0.000,22.0
759,0.041,0.000,1.490,-0.000,0.002,-0.000,22.0
760,0.041,0.000,1.490,-0.000,0.002,-0.000,22.0
761,0.040,0.000,1.490,-0.000,0.002,-0.000,22.0
762,0.040,0.000,1.490,-0.000,0.002,-0.000,22.0
763,0.039,0.000,1.490,-0.000,0.002,-0.000,22.0
764,0.039,0.000,1.490,-0.000,0.002,-0.000,22.0
765,0.038,0.000,1.490,-0.000,0.002,-0.000,22.0
766,0.038,0.000,1.490,-0.000,0.002,-0.000,22.0
767,0.037,0.000,1.490,-0.000,0.002,-0.000,22.0
768,0.037,0.000,1.490,-0.000,0.002,-0.000,22.0
769,0.036,0.000,1.490,-0.000,0.002,-0.000,22.0
770,0.036,0.000,1.490,-0.000,0.002,-0.000,22.0
771,0.035,0.000,1.490,-0.000,0.002,-0.000,22.0
772,0.035,0.000,1.490,-0.000,0.002,-0.000,22.0
773,0.034,0.000,1.490,-0.000,0.002,-0.000,22.0
774,0.034,0.000,1.490,-0.000,0.002,-0.000,22.0
775,0.033,0.000,1.490,-0.000,0.002,-0.000,22.0
776,0.033,0.000,1.490,-0.000,0.002,-0.000,22.0
777,0.033,0.000,1.490,-0.000,0.002,-0.000,22.0
778,0.032,0.000,1.490,-0.000,0.002,-0.000,22.0
779,0.032,0.000,1.490,-0.000,0.002,-0.000,22.0
780,0.031,0.000,1.490,-0.000,0.002,-0.000,22.0
781,0.031,0.000,1.490,-0.000,0.002,-0.000,22.0
782,0.030,0.000,1.490,-0.000,0.002,-0.000,22.0
783,0.030,0.000,1.490,-0.000,0.002,-0.000,22.0
784,0.030,0.000,1.490,-0.000,0.002,-0.000,22.0
785,0.029,0.000,1.490,-0.000,0.002,-0.000,22.0
786,0.029,0.000,1.490,-0.000,0.002,-0.000,22.0
787,0.029,0.000,1.490,-0.000,0.002,-0.000,22.0
788,0.028,0.000,1.490,-0.000,0.002,-0.000,22.0
789,0.028,0.000,1.490,-0.000,0.002,-0.000,22.0
790,0.027,0.000,1.490,-0.000,0.002,-0.000,22.0
791,0.027,0.000,1.490,-0.000,0.002,-0.000,22.0
792,0.027,0.000,1.490,-0.000,0.002,-0.000,22.0
793,0.026,0.000,1.490,-0.000,0.002,-0.000,22.0
794,0.026,0.000,1.490,-0.000,0.001,-0.000,22.0
795,0.026,0.000,1.490,-0.000,0.001,-0.000,22.0
796,0.025,0.000,1.490,-0.000,0.001,-0.000,22.0
797,0.025,0.000,1.490,-0.000,0.001,-0.000,22.0
798,0.025,0.000,1.490,-0.000,0.001,-0.000,22.0
799,0.024,0.000,1.490,-0.000,0.001,-0.000,22.0
800,0.024,0.000,1.490,-0.000,0.001,-0.000,22.0
801,0.024,0.000,1.490,-0.000,0.001,-0.000,22.0
802,0.023,0.000,1.490,-0.000,0.001,-0.000,22.0
803,0.023,0.000,1.490,-0.000,0.001,-0.000,22.0
804,0.023,0.000,1.490,-0.000,0.001,-0.000,22.0
805,0.022,0.000,1.490,-0.000,0.001,-0.000,22.0
806,0.022,0.000,1.490,-0.000,0.001,-0.000,22.0
807,0.022,0.000,1.490,-0.000,0.001,-0.000,22.0
808,0.022,0.000,1.490,-0.000,0.001,-0.000,22.0
809,0.021,0.000,1.490,-0.000,0.001,-0.000,22.0
810,0.021,0.000,1.490,-0.000,0.001,-0.000,22.0
811,0.021,0.000,1.490,-0.000,0.001,-0.000,22.0
812,0.021,0.000,1.490,-0.000,0.001,-0.000,22.0
813,0.020,0.000,1.490,-0.000,0.001,-0.000,22.0
814,0.020,0.000,1.490,-0.000,0.001,-0.000,22.0
815,0.020,0.000,1.490,-0.000,0.001,-0.000,22.0
816,0.019,0.000,1.490,-0.000,0.001,-0.000,22.0
817,0.019,0.000,1.490,-0.000,0.001,-0.000,22.0
818,0.019,0.000,1.490,-0.000,0.001,-0.000,22.0
819,0.019,0.000,1.490,-0.000,0.001,-0.000,22.0
820,0.018,0.000,1.490,-0.000,0.001,-0.000,22.0
821,0.018,0.000,1.490,-0.000,0.001,-0.000,22.0
822,0.018,0.000,1.490,-0.000,0.001,-0.000,22.0
823,0.018,0.000,1.490,-0.000,0.001,-0.000,22.0
824,0.018,0.000,1.490,-0.000,0.001,-0.000,22.0
825,0.017,0.000,1.490,-0.000,0.001,-0.000,22.0
826,0.017,0.000,1.490,-0.000,0.001,-0.000,22.0
827,0.017,0.000,1.490,-0.000,0.001,-0.000,22.0
828,0.017,0.000,1.490,-0.000,0.001,-0.000,22.0
829,0.016,0.000,1.490,-0.000,0.001,-0.000,22.0
830,0.016,0.000,1.490,-0.000,0.001,-0.000,22.0
831,0.016,0.000,1.490,-0.000,0.001,-0.000,22.0
832,0.016,0.000,1.490,-0.000,0.001,-0.000,22.0
833,0.016,0.000,1.490,-0.000,0.001,-0.000,22.0
834,0.015,0.000,1.490,-0.000,0.001,-0.000,22.0
835,0.015,0.000,1.490,-0.000,0.001,-0.000,22.0
836,0.015,0.000,1.490,-0.000,0.001,-0.000,22.0
837,0.015,0.000,1.490,-0.000,0.001,-0.000,22.0
838,0.015,0.000,1.490,-0.000,0.001,-0.000,22.0
839,0.014,0.000,1.490,-0.000,0.001,-0.000,22.0
840,0.014,0.000,1.490,-0.000,0.001,-0.000,22.0
841,0.014,0.000,1.490,-0.000,0.001,-0.000,22.0
842,0.014,0.000,1.490,-0.000,0.001,-0.000,22.0
843,0.014,0.000,1.490,-0.000,0.001,-0.000,22.0
844,0.013,0.000,1.490,-0.000,0.001,-0.000,22.0
845,0.013,0.000,1.490,-0.000,0.001,-0.000,22.0
846,0.013,0.000,1.490,-0.000,0.001,-0.000,22.0
847,0.013,0.000,1.490,-0.000,0.001,-0.000,22.0
848,0.013,0.000,1.490,-0.000,0.001,-0.000,22.0
849,0.013,0.000,1.490,-0.000,0.001,-0.000,22.0
850,0.012,0.000,1.490,-0.000,0.001,-0.000,22.0
851,0.012,0.000,1.490,-0.000,0.001,-0.000,22.0
852,0.012,0.000,1.490,-0.000,0.001,-0.000,22.0
853,0.012,0.000,1.490,-0.000,0.001,-0.000,22.0
854,0.012,0.000,1.490,-0.000,0.001,-0.000,22.0
855,0.012,0.000,1.490,-0.000,0.001,-0.000,22.0
856,0.011,0.000,1.490,-0.000,0.001,-0.000,22.0
857,0.011,0.000,1.490,-0.000,0.001,-0.000,22.0
858,0.011,0.000,1.490,-0.000,0.001,-0.000,22.0
859,0.011,0.000,1.490,-0.000,0.001,-0.000,22.0
860,0.011,0.000,1.490,-0.000,0.001,-0.000,22.0
861,0.011,0.000,1.490,-0.000,0.001,-0.000,22.0
862,0.011,0.000,1.490,-0.000,0.001,-0.000,22.0
863,0.010,0.000,1.490,-0.000,0.001,-0.000,22.0
864,0.010,0.000,1.490,-0.000,0.001,-0.000,22.0
865,0.010,0.000,1.490,-0.000,0.001,-0.000,22.0
866,0.010,0.000,1.490,-0.000,0.001,-0.000,22.0
867,0.010,0.000,1.490,-0.000,0.001,-0.000,22.0
868,0.010,0.000,1.490,-0.000,0.007,-0.000,22.0
869,0.010,0.000,1.490,-0.000,0.011,-0.000,22.0
870,0.010,0.000,1.490,-0.000,0.011,-0.000,22.0
871,0.010,0.000,1.490,-0.000,0.008,-0.000,22.0
872,0.010,0.000,1.490,-0.000,0.004,-0.000,22.0
873,0.010,0.000,1.490,-0.000,0.001,-0.000,22.0
874,0.010,0.000,1.490,-0.000,-0.002,0.000,22.0
875,0.010,0.000,1.490,-0.000,-0.003,0.000,22.0
876,0.010,0.000,1.490,-0.000,-0.003,0.000,22.0
877,0.010,0.000,1.490,-0.000,-0.001,0.000,22.0
878,0.010,0.000,1.490,-0.000,0.000,-0.000,22.0
879,0.010,0.000,1.490,-0.000,0.001,-0.000,22.0
880,0.010,0.000,1.490,-0.000,0.002,-0.000,22.0
881,0.010,0.000,1.490,-0.000,0.002,-0.000,22.0
882,0.010,0.000,1.490,-0.000,0.001,-0.000,22.0
883,0.010,0.000,1.490,-0.000,0.000,-0.000,22.0
884,0.010,0.000,1.490,-0.000,-0.000,0.000,22.0
885,0.010,0.000,1.490,-0.000,-0.001,0.000,22.0
886,0.010,0.000,1.490,-0.000,-0.001,0.000,22.0
887,0.010,0.000,1.490,-0.000,-0.000,0.000,22.0
888,0.010,0.000,1.490,-0.000,-0.000,0.000,22.0
889,0.010,0.000,1.490,-0.000,0.000,-0.000,22.0
890,0.010,0.000,1.490,-0.000,0.000,-0.000,22.0
891,0.010,0.000,1.490,-0.000,0.000,-0.000,22.0
892,0.010,0.000,1.490,-0.000,0.000,-0.000,22.0
893,0.010,0.000,1.490,-0.000,0.000,-0.000,22.0
894,0.010,0.000,1.490,-0.000,0.000,-0.000,22.0
895,0.010,0.000,1.490,-0.000,-0.000,0.000,22.0
896,0.010,0.000,1.490,-0.000,-0.000,0.000,22.0
897,0.010,0.000,1.490,-0.000,-0.000,0.000,22.0
898,0.010,0.000,1.490,-0.000,-0.000,0.000,22.0
899,0.010,0.000,1.490,-0.000,-0.000,0.000,22.0
900,0.010,0.000,1.490,-0.000,0.000,-0.000,22.0
901,0.010,0.000,1.490,-0.000,0.000,-0.000,22.0
902,0.010,0.000,1.490,-0.000,0.000,-0.000,22.0
903,0.010,0.000,1.490,-0.000,0.000,-0.000,22.0
904,0.010,0.000,1.490,-0.000,0.000,-0.000,22.0
905,0.010,0.000,1.490,-0.000,-0.000,0.000,22.0
906,0.010,0.000,1.490,-0.000,-0.000,0.000,22.0
907,0.010,0.000,1.490,-0.000,-0.000,0.000,22.0
908,0.010,0.000,1.490,-0.000,-0.000,0.000,22.0
909,0.010,0.000,1.490,-0.000,-0.000,0.000,22.0
910,0.010,0.000,1.490,-0.000,-0.000,0.000,22.0
911,0.010,0.000,1.490,-0.000,0.000,-0.000,22.0
912,0.010,0.000,1.490,-0.000,0.000,-0.000,22.0
913,0.010,0.000,1.490,-0.000,0.000,-0.000,22.0
914,0.010,0.000,1.490,-0.000,0.000,-0.000,22.0
915,0.010,0.000,1.490,-0.000,0.000,-0.000,22.0
916,0.010,0.000,1.490,-0.000,-0.000,0.000,22.0
917,0.010,0.000,1.490,-0.000,-0.000,0.000,22.0
918,0.010,0.000,1.490,-0.000,-0.000,0.000,22.0
919,0.010,0.000,1.490,-0.000,-0.000,0.000,22.0
920,0.010,0.000,1.490,-0.000,-0.000,0.000,22.0
921,0.010,0.000,1.490,-0.000,0.000,-0.000,22.0
922,0.010,0.000,1.490,-0.000,0.000,-0.000,22.0
923,0.010,0.000,1.490,-0.000,0.000,-0.000,22.0
924,0.010,0.000,1.490,-0.000,0.000,-0.000,22.0
925,0.010,0.000,1.490,-0.000,0.000,-0.000,22.0
926,0.010,0.000,1.490,-0.000,0.000,-0.000,22.0
927,0.010,0.000,1.490,-0.000,-0.000,0.000,22.0
928,0.010,0.000,1.490,-0.000,-0.000,0.000,22.0
929,0.010,0.000,1.490,-0.000,-0.000,0.000,22.0
930,0.010,0.000,1.490,-0.000,-0.000,0.000,22.0
931,0.010,0.000,1.490,-0.000,-0.000,0.000,22.0
932,0.010,0.000,1.490,-0.000,0.000,-0.000,22.0
933,0.010,0.000,1.490,-0.000,0.000,-0.000,22.0
934,0.010,0.000,1.490,-0.000,0.000,-0.000,22.0
935,0.010,0.000,1.490,-0.000,0.000,-0.000,22.0
936,0.010,0.000,1.490,-0.000,0.000,-0.000,22.0
937,0.010,0.000,1.490,-0.000,-0.000,0.000,22.0
938,0.010,0.000,1.490,-0.000,-0.000,0.000,22.0
939,0.010,0.000,1.490,-0.000,-0.000,0.000,22.0
940,0.010,0.000,1.490,-0.000,-0.000,0.000,22.0
941,0.010,0.000,1.490,-0.000,-0.000,0.000,22.0
942,0.010,0.000,1.490,-0.000,-0.000,0.000,22.0
943,0.010,0.000,1.490,-0.000,0.000,-0.000,22.0
944,0.010,0.000,1.490,-0.000,0.000,-0.000,22.0
945,0.010,0.000,1.490,-0.000,0.000,-0.000,22.0
946,0.010,0.000,1.490,-0.000,0.000,-0.000,22.0
947,0.010,0.000,1.490,-0.000,0.000,-0.000,22.0
948,0.010,0.000,1.490,-0.000,-0.000,0.000,22.0
949,0.010,0.000,1.490,-0.000,-0.000,0.000,22.0
950,0.010,0.000,1.490,-0.000,-0.000,0.000,22.0
951,0.010,0.000,1.490,-0.000,-0.000,0.000,22.0
952,0.010,0.000,1.490,-0.000,-0.000,0.000,22.0
953,0.010,0.000,1.490,-0.000,0.000,0.000,22.0
954,0.010,0.000,1.490,-0.000,0.000,-0.000,22.0
955,0.010,0.000,1.490,-0.000,0.000,-0.000,22.0
956,0.010,0.000,1.490,-0.000,0.000,-0.000,22.0
957,0.010,0.000,1.490,-0.000,0.000,-0.000,22.0
958,0.010,0.000,1.490,-0.000,0.000,-0.000,22.0
959,0.010,0.000,1.490,-0.000,-0.000,-0.000,22.0
960,0.010,0.000,1.490,-0.000,-0.000,-0.000,22.0
961,0.010,0.000,1.490,-0.000,-0.000,-0.000,22.0
962,0.010,0.000,1.490,-0.000,-0.000,-0.000,22.0
963,0.010,0.000,1.490,-0.000,-0.000,-0.000,22.0
964,0.010,0.000,1.490,-0.000,0.000,-0.000,22.0
965,0.010,0.000,1.490,-0.000,0.000,0.000,22.0
966,0.010,0.000,1.490,-0.000,0.000,0.000,22.0
967,0.010,0.000,1.490,-0.000,0.000,0.000,22.0
968,0.010,0.000,1.490,-0.000,0.000,0.000,22.0
969,0.010,0.000,1.490,-0.000,-0.000,0.000,22.0
970,0.010,0.000,1.490,-0.000,-0.000,0.000,22.0
971,0.010,0.000,1.490,-0.000,-0.000,0.000,22.0
972,0.010,0.000,1.490,-0.000,-0.000,0.000,22.0
973,0.010,0.000,1.490,-0.000,-0.000,0.000,22.0
974,0.010,0.000,1.490,-0.000,-0.000,0.000,22.0
975,0.010,0.000,1.490,-0.000,0.000,0.000,22.0
976,0.010,0.000,1.490,-0.000,0.000,0.000,22.0
977,0.010,0.000,1.490,-0.000,0.000,0.000,22.0
978,0.010,0.000,1.490,-0.000,0.000,0.000,22.0
979,0.010,0.000,1.490,-0.000,0.000,-0.000,22.0
980,0.010,0.000,1.490,-0.000,-0.000,0.000,22.0
981,0.010,0.000,1.490,-0.000,-0.000,0.000,22.0
982,0.010,0.000,1.490,-0.000,-0.000,-0.000,22.0
983,0.010,0.000,1.490,-0.000,-0.000,-0.000,22.0
984,0.010,0.000,1.490,-0.000,-0.000,0.000,22.0
985,0.010,0.000,1.490,-0.000,0.000,0.000,22.0
986,0.010,0.000,1.490,-0.000,0.000,0.000,22.0
987,0.010,0.000,1.490,-0.000,0.000,0.000,22.0
988,0.010,0.000,1.490,-0.000,0.000,-0.000,22.0
989,0.010,0.000,1.490,-0.000,0.000,0.000,22.0
990,0.010,0.000,1.490,-0.000,0.000,0.000,22.0
991,0.010,0.000,1.490,-0.000,-0.000,0.000,22.0
992,0.010,0.000,1.490,-0.000,-0.000,0.000,22.0
993,0.010,0.000,1.490,-0.000,-0.000,0.000,22.0
994,0.010,0.000,1.490,-0.000,-0.000,0.000,22.0
995,0.010,0.000,1.490,-0.000,-0.000,0.000,22.0
996,0.010,0.000,1.490,-0.000,0.000,0.000,22.0
997,0.010,0.000,1.490,-0.000,0.000,-0.000,22.0
998,0.010,0.000,1.490,-0.000,0.000,0.000,22.0
999,0.010,0.000,1.490,-0.000,0.000,0.000,22.0
1000,0.010,0.000,1.490,-0.000,0.000,-0.000,22.0
