1,3.900,1.000,0.000,0.000,0.000,0.000,1
2,3.900,1.000,0.153,0.000,0.000,0.000,1
3,3.900,1.000,0.473,0.000,0.000,0.000,1
4,3.900,1.000,0.808,0.000,0.000,0.000,1
5,3.900,1.000,1.088,0.000,0.000,0.000,1
6,3.900,1.000,1.290,0.000,0.000,0.000,1
7,3.900,1.000,1.420,0.000,0.000,0.000,1
8,3.900,1.000,1.493,0.000,0.000,0.000,1
9,3.900,1.000,1.522,0.000,0.000,0.000,1
10,3.900,1.000,1.534,0.000,0.000,0.000,1
11,3.900,1.000,1.533,0.000,0.000,0.000,1
12,3.900,1.000,1.527,0.000,0.000,0.000,1
13,3.900,1.000,1.519,0.000,0.000,0.000,1
14,3.900,1.000,1.512,0.000,0.000,0.000,1
15,3.900,1.000,1.506,0.000,0.000,0.000,7.0
16,3.900,1.000,1.506,0.000,0.000,0.000,7.0
17,3.900,1.000,1.507,0.000,0.000,0.000,7.0
18,3.900,1.000,1.507,0.000,0.000,0.000,7.0
19,3.900,1.000,1.508,0.000,0.000,0.000,7.0
20,3.900,1.000,1.508,-0.000,0.005,0.006,7.0
21,3.900,1.000,1.509,-0.000,0.010,0.012,7.0
22,3.900,1.000,1.509,-0.000,0.013,0.016,7.0
23,3.900,1.000,1.509,-0.000,0.166,0.152,7.0
24,3.901,0.999,1.509,-0.000,0.263,0.237,7.0
25,3.902,0.998,1.509,-0.000,0.263,0.235,7.0
26,3.905,0.996,1.509,-0.000,0.180,0.159,7.0
27,3.908,0.993,1.509,-0.000,-0.049,0.151,7.0
28,3.911,0.989,1.509,-0.000,-0.249,0.100,7.0
29,3.913,0.986,1.509,-0.000,-0.357,0.011,7.0
30,3.914,0.982,1.509,-0.000,-0.308,-0.218,7.0
31,3.914,0.979,1.509,-0.000,-0.335,-0.362,12.0
32,3.912,0.977,1.509,-0.000,-0.292,-0.374,12.0
33,3.910,0.977,1.509,-0.000,-0.192,-0.282,12.0
34,3.907,0.977,1.509,-0.000,-0.075,-0.141,12.0
35,3.904,0.978,1.509,-0.000,0.172,0.010,12.0
36,3.901,0.979,1.509,-0.000,0.175,0.099,12.0
37,3.899,0.979,1.509,-0.000,0.098,0.125,12.0
38,3.897,0.980,1.510,-0.000,0.004,0.101,12.0
39,3.895,0.980,1.510,-0.000,-0.070,0.049,12.0
40,3.893,0.979,1.510,-0.000,-0.105,-0.006,12.0
41,3.891,0.979,1.510,-0.000,-0.101,-0.047,12.0
42,3.888,0.979,1.510,-0.000,-0.068,-0.063,12.0
43,3.885,0.979,1.510,-0.000,-0.024,-0.057,12.0
44,3.882,0.979,1.510,-0.000,0.017,-0.037,12.0
45,3.879,0.979,1.510,-0.000,0.042,-0.011,12.0
46,3.876,0.980,1.510,-0.000,0.049,0.010,12.0
47,3.874,0.980,1.510,-0.000,0.041,0.022,12.0
48,3.871,0.981,1.510,-0.000,0.025,0.024,12.0
49,3.869,0.981,1.510,-0.000,0.009,0.018,12.0
50,3.866,0.981,1.510,-0.000,-0.004,0.008,12.0
51,3.864,0.981,1.510,-0.000,-0.008,-0.002,12.0
52,3.861,0.981,1.510,-0.000,-0.007,-0.008,12.0
53,3.859,0.982,1.510,-0.000,-0.000,-0.010,12.0
54,3.856,0.982,1.504,-0.000,0.007,-0.008,12.0
55,3.854,0.982,1.503,-0.000,0.014,-0.004,12.0
56,3.851,0.982,1.501,-0.000,0.017,0.000,12.0
57,3.849,0.983,1.500,-0.000,0.017,0.004,12.0
58,3.846,0.983,1.499,-0.000,0.015,0.005,12.0
59,3.844,0.983,1.499,-0.000,0.012,0.005,12.0
60,3.842,0.983,1.498,-0.000,0.009,0.004,12.0
61,3.839,0.983,1.497,-0.000,0.007,0.002,12.0
62,3.837,0.984,1.496,-0.000,0.006,0.000,12.0
63,3.835,0.984,1.496,-0.000,0.007,-0.001,12.0
64,3.833,0.984,1.495,-0.000,0.008,-0.001,12.0
65,3.831,0.984,1.495,-0.000,0.009,-0.001,12.0
66,3.828,0.984,1.494,-0.000,0.010,0.000,12.0
67,3.826,0.985,1.494,-0.000,0.010,0.001,12.0
68,3.824,0.985,1.494,-0.000,0.010,0.001,12.0
69,3.822,0.985,1.493,-0.000,0.010,0.002,12.0
70,3.820,0.985,1.493,-0.000,0.009,0.001,12.0
71,3.818,0.985,1.493,-0.000,0.008,0.001,12.0
72,3.816,0.986,1.492,-0.000,0.008,0.001,12.0
73,3.814,0.986,1.492,-0.000,0.008,0.001,12.0
74,3.812,0.986,1.492,-0.000,0.008,0.000,12.0
75,3.810,0.986,1.492,-0.000,0.008,0.000,12.0
76,3.808,0.986,1.491,-0.000,0.008,0.001,12.0
77,3.807,0.987,1.491,-0.000,0.008,0.001,12.0
78,3.805,0.987,1.491,-0.000,0.008,0.001,12.0
79,3.803,0.987,1.491,-0.000,0.008,0.001,12.0
80,3.801,0.987,1.491,-0.000,0.008,0.001,12.0
81,3.799,0.987,1.491,-0.000,0.008,0.001,12.0
82,3.798,0.987,1.491,-0.000,0.007,0.001,12.0
83,3.796,0.988,1.491,-0.000,0.007,0.001,12.0
84,3.794,0.988,1.490,-0.000,0.007,0.001,12.0
85,3.793,0.988,1.490,-0.000,0.007,0.001,12.0
86,3.791,0.988,1.490,-0.000,0.007,0.001,12.0
87,3.789,0.988,1.490,-0.000,0.007,0.001,12.0
88,3.788,0.988,1.490,-0.000,0.007,0.001,12.0
89,3.786,0.989,1.490,-0.000,0.007,0.001,12.0
90,3.785,0.989,1.490,-0.000,0.007,0.001,12.0
91,3.783,0.989,1.490,-0.000,0.007,0.001,12.0
92,3.781,0.989,1.496,-0.000,0.007,0.001,12.0
93,3.780,0.989,1.497,-0.000,0.007,0.001,12.0
94,3.778,0.989,1.499,-0.000,0.006,0.001,12.0
95,3.777,0.989,1.500,-0.000,0.006,0.001,12.0
96,3.776,0.990,1.500,-0.000,0.006,0.001,12.0
97,3.774,0.990,1.501,-0.000,0.006,0.001,12.0
98,3.773,0.990,1.502,-0.000,0.006,0.001,12.0
99,3.771,0.990,1.503,-0.000,0.006,0.001,12.0
100,3.770,0.990,1.503,-0.000,0.006,0.001,12.0
101,3.769,0.990,1.504,-0.000,0.006,0.001,12.0
102,3.767,0.990,1.504,-0.000,0.006,0.001,12.0
103,3.766,0.990,1.505,-0.000,0.006,0.001,12.0
104,3.765,0.991,1.505,-0.000,0.006,0.001,12.0
105,3.763,0.991,1.506,-0.000,0.006,0.001,12.0
106,3.762,0.991,1.506,-0.000,0.005,0.001,12.0
107,3.761,0.991,1.506,-0.000,0.005,0.001,12.0
108,3.760,0.991,1.507,-0.000,0.005,0.001,12.0
109,3.758,0.991,1.507,-0.000,0.005,0.001,12.0
110,3.757,0.991,1.507,-0.000,0.005,0.000,12.0
111,3.756,0.991,1.508,-0.000,0.005,0.000,12.0
112,3.755,0.992,1.508,-0.000,0.005,0.000,12.0
113,3.754,0.992,1.508,-0.000,0.005,0.000,12.0
114,3.753,0.992,1.508,-0.000,0.005,0.000,12.0
115,3.751,0.992,1.508,-0.000,0.005,0.000,12.0
116,3.750,0.992,1.508,-0.000,0.005,0.000,12.0
117,3.749,0.992,1.509,-0.000,0.005,0.000,12.0
118,3.748,0.992,1.509,-0.000,0.005,0.000,12.0
119,3.747,0.992,1.509,-0.000,0.005,0.000,12.0
120,3.746,0.992,1.509,-0.000,0.005,0.000,12.0
121,3.745,0.992,1.509,-0.000,0.004,0.000,12.0
122,3.744,0.993,1.509,-0.000,0.004,0.000,12.0
123,3.743,0.993,1.509,-0.000,0.004,0.000,12.0
124,3.742,0.993,1.509,-0.000,0.004,0.000,12.0
125,3.741,0.993,1.509,-0.000,0.004,0.000,12.0
126,3.740,0.993,1.509,-0.000,0.004,0.000,12.0
127,3.739,0.993,1.509,-0.000,0.004,0.000,12.0
128,3.738,0.993,1.509,-0.000,0.004,0.000,12.0
129,3.737,0.993,1.509,-0.000,0.004,0.000,12.0
130,3.736,0.993,1.509,-0.000,0.004,0.000,12.0
131,3.735,0.993,1.510,-0.000,0.004,0.000,12.0
132,3.734,0.993,1.510,-0.000,0.004,0.000,12.0
133,3.734,0.994,1.510,-0.000,0.004,0.000,12.0
134,3.733,0.994,1.510,-0.000,0.004,0.000,12.0
135,3.732,0.994,1.510,-0.000,0.004,0.000,12.0
136,3.731,0.994,1.510,-0.000,0.004,0.000,12.0
137,3.730,0.994,1.510,-0.000,0.004,0.000,12.0
138,3.729,0.994,1.510,-0.000,0.004,0.000,12.0
139,3.728,0.994,1.510,-0.000,0.004,0.000,12.0
140,3.728,0.994,1.510,-0.000,0.003,0.000,12.0
141,3.727,0.994,1.510,-0.000,0.003,0.000,12.0
142,3.726,0.994,1.510,-0.000,0.003,0.000,12.0
143,3.725,0.994,1.510,-0.000,0.003,0.000,12.0
144,3.725,0.994,1.510,-0.000,0.003,0.000,12.0
145,3.724,0.995,1.510,-0.000,0.003,0.000,12.0
146,3.723,0.995,1.510,-0.000,0.003,0.000,12.0
147,3.722,0.995,1.510,-0.000,0.003,0.000,12.0
148,3.722,0.995,1.510,-0.000,0.003,0.000,12.0
149,3.721,0.995,1.510,-0.000,0.003,0.000,12.0
150,3.720,0.995,1.510,-0.000,0.003,0.000,12.0
151,3.719,0.995,1.510,-0.000,0.003,0.000,12.0
152,3.719,0.995,1.510,-0.000,0.003,0.000,12.0
153,3.718,0.995,1.510,-0.000,0.003,0.000,12.0
154,3.717,0.995,1.510,-0.000,0.003,0.000,12.0
155,3.717,0.995,1.510,-0.000,0.003,0.000,12.0
156,3.716,0.995,1.510,-0.000,0.003,0.000,12.0
157,3.715,0.995,1.510,-0.000,0.003,0.000,12.0
158,3.715,0.995,1.510,-0.000,0.003,0.000,12.0
159,3.714,0.995,1.510,-0.000,0.003,0.000,12.0
160,3.714,0.995,1.510,-0.000,0.003,0.000,12.0
161,3.713,0.996,1.510,-0.000,0.003,0.000,12.0
162,3.712,0.996,1.510,-0.000,0.003,0.000,12.0
163,3.712,0.996,1.510,-0.000,0.003,0.000,12.0
164,3.711,0.996,1.510,-0.000,0.003,0.000,12.0
165,3.711,0.996,1.510,-0.000,0.003,0.000,12.0
166,3.710,0.996,1.510,-0.000,0.002,0.000,12.0
167,3.709,0.996,1.510,-0.000,0.002,0.000,12.0
168,3.709,0.996,1.510,-0.000,0.002,0.000,12.0
169,3.708,0.996,1.510,-0.000,0.002,0.000,12.0
170,3.708,0.996,1.510,-0.000,0.002,0.000,12.0
171,3.707,0.996,1.510,-0.000,0.002,0.000,12.0
172,3.707,0.996,1.510,-0.000,0.002,0.000,12.0
173,3.706,0.996,1.510,-0.000,0.002,0.000,12.0
174,3.706,0.996,1.510,-0.000,0.002,0.000,12.0
175,3.705,0.996,1.510,-0.000,0.002,0.000,12.0
176,3.705,0.996,1.510,-0.000,0.002,0.000,12.0
177,3.704,0.996,1.510,-0.000,0.002,0.000,12.0
178,3.704,0.996,1.510,-0.000,0.002,0.000,12.0
179,3.703,0.996,1.510,-0.000,0.002,0.000,12.0
180,3.703,0.997,1.510,-0.000,0.002,0.000,12.0
181,3.702,0.997,1.510,-0.000,0.002,0.000,12.0
182,3.702,0.997,1.510,-0.000,0.002,0.000,12.0
183,3.701,0.997,1.510,-0.000,0.002,0.000,12.0
184,3.701,0.997,1.510,-0.000,0.002,0.000,12.0
185,3.700,0.997,1.510,-0.000,0.002,0.000,12.0
186,3.700,0.997,1.510,-0.000,0.002,0.000,12.0
187,3.700,0.997,1.510,-0.000,0.002,0.000,12.0
188,3.699,0.997,1.510,-0.000,0.002,0.000,12.0
189,3.699,0.997,1.510,-0.000,0.002,0.000,12.0
190,3.698,0.997,1.510,-0.000,0.002,0.000,12.0
191,3.698,0.997,1.510,-0.000,0.002,0.000,12.0
192,3.697,0.997,1.510,-0.000,0.002,0.000,12.0
193,3.697,0.997,1.510,-0.000,0.002,0.000,12.0
194,3.697,0.997,1.510,-0.000,0.002,0.000,12.0
195,3.696,0.997,1.510,-0.000,0.002,0.000,12.0
196,3.696,0.997,1.510,-0.000,0.002,0.000,12.0
197,3.695,0.997,1.510,-0.000,0.002,0.000,12.0
198,3.695,0.997,1.510,-0.000,0.002,0.000,12.0
199,3.695,0.997,1.510,-0.000,0.002,0.000,12.0
200,3.694,0.997,1.510,-0.000,0.002,0.000,12.0
201,3.694,0.997,1.510,-0.000,0.002,0.000,12.0
202,3.694,0.997,1.510,-0.000,0.002,0.000,12.0
203,3.693,0.997,1.510,-0.000,0.002,0.000,12.0
204,3.693,0.997,1.510,-0.000,0.002,0.000,12.0
205,3.693,0.998,1.510,-0.000,0.001,0.000,12.0
206,3.692,0.998,1.510,-0.000,0.001,0.000,12.0
207,3.692,0.998,1.510,-0.000,0.001,0.000,12.0
208,3.692,0.998,1.510,-0.000,0.001,0.000,12.0
209,3.691,0.998,1.510,-0.000,0.001,0.000,12.0
210,3.691,0.998,1.510,-0.000,0.001,0.000,12.0
211,3.691,0.998,1.510,-0.000,0.001,0.000,12.0
212,3.690,0.998,1.510,-0.000,0.001,0.000,12.0
213,3.690,0.998,1.510,-0.000,0.001,0.000,12.0
214,3.690,0.998,1.510,-0.000,0.001,0.000,12.0
215,3.689,0.998,1.510,-0.000,0.001,0.000,12.0
216,3.689,0.998,1.510,-0.000,0.001,0.000,12.0
217,3.689,0.998,1.510,-0.000,0.001,0.000,12.0
218,3.688,0.998,1.510,-0.000,0.001,0.000,12.0
219,3.688,0.998,1.510,-0.000,0.001,0.000,12.0
220,3.688,0.998,1.510,-0.000,0.001,0.000,12.0
221,3.688,0.998,1.510,-0.000,0.001,0.000,12.0
222,3.687,0.998,1.510,-0.000,0.001,0.000,12.0
223,3.687,0.998,1.510,-0.000,0.001,0.000,12.0
224,3.687,0.998,1.510,-0.000,0.001,0.000,12.0
225,3.687,0.998,1.510,-0.000,0.001,0.000,12.0
226,3.686,0.998,1.510,-0.000,0.001,0.000,12.0
227,3.686,0.998,1.510,-0.000,0.001,0.000,12.0
228,3.686,0.998,1.510,-0.000,0.001,0.000,12.0
229,3.686,0.998,1.510,-0.000,0.001,0.000,12.0
230,3.685,0.998,1.510,-0.000,0.001,0.000,12.0
231,3.685,0.998,1.510,-0.000,0.001,0.000,12.0
232,3.685,0.998,1.510,-0.000,0.001,0.000,12.0
233,3.685,0.998,1.510,-0.000,0.001,0.000,12.0
234,3.684,0.998,1.510,-0.000,0.001,0.000,12.0
235,3.684,0.998,1.510,-0.000,0.001,0.000,12.0
236,3.684,0.998,1.510,-0.000,0.001,0.000,12.0
237,3.684,0.998,1.510,-0.000,0.001,0.000,12.0
238,3.683,0.998,1.510,-0.000,0.001,0.000,12.0
239,3.683,0.998,1.510,-0.000,0.001,0.000,12.0
240,3.683,0.998,1.510,-0.000,0.001,0.000,12.0
241,3.683,0.998,1.510,-0.000,0.001,0.000,12.0
242,3.683,0.998,1.510,-0.000,0.001,0.000,12.0
243,3.682,0.998,1.510,-0.000,0.001,0.000,12.0
244,3.682,0.999,1.510,-0.000,0.001,0.000,12.0
245,3.682,0.999,1.510,-0.000,0.001,0.000,12.0
246,3.682,0.999,1.510,-0.000,0.001,0.000,12.0
247,3.682,0.999,1.510,-0.000,0.001,0.000,12.0
248,3.681,0.999,1.510,-0.000,0.001,0.000,12.0
249,3.681,0.999,1.510,-0.000,0.001,0.000,12.0
250,3.681,0.999,1.510,-0.000,0.001,0.000,12.0
251,3.681,0.999,1.510,-0.000,0.001,0.000,12.0
252,3.681,0.999,1.510,-0.000,0.001,0.000,12.0
253,3.680,0.999,1.510,-0.000,0.001,0.000,12.0
254,3.680,0.999,1.510,-0.000,0.001,0.000,12.0
255,3.680,0.999,1.510,-0.000,0.001,0.000,12.0
256,3.680,0.999,1.510,-0.000,0.001,0.000,12.0
257,3.680,0.999,1.510,-0.000,0.001,0.000,12.0
258,3.680,0.999,1.510,-0.000,0.001,0.000,12.0
259,3.679,0.999,1.510,-0.000,0.001,0.000,12.0
260,3.679,0.999,1.510,-0.000,0.001,0.000,12.0
261,3.679,0.999,1.510,-0.000,0.001,0.000,12.0
262,3.679,0.999,1.510,-0.000,0.001,0.000,12.0
263,3.679,0.999,1.510,-0.000,0.001,0.000,12.0
264,3.679,0.999,1.510,-0.000,0.001,0.000,12.0
265,3.678,0.999,1.510,-0.000,0.001,0.000,12.0
266,3.678,0.999,1.510,-0.000,0.001,0.000,12.0
267,3.678,0.999,1.510,-0.000,0.001,0.000,12.0
268,3.678,0.999,1.510,-0.000,0.001,0.000,12.0
269,3.678,0.999,1.510,-0.000,0.001,0.000,12.0
270,3.678,0.999,1.510,-0.000,0.001,0.000,12.0
271,3.678,0.999,1.510,-0.000,0.001,0.000,12.0
272,3.677,0.999,1.510,-0.000,0.001,0.000,12.0
273,3.677,0.999,1.510,-0.000,0.001,0.000,12.0
274,3.677,0.999,1.510,-0.000,0.001,0.000,12.0
275,3.677,0.999,1.510,-0.000,0.001,0.000,12.0
276,3.677,0.999,1.510,-0.000,0.001,0.000,12.0
277,3.677,0.999,1.510,-0.000,0.001,0.000,12.0
278,3.677,0.999,1.510,-0.000,0.001,0.000,12.0
279,3.676,0.999,1.510,-0.000,0.007,0.001,12.0
280,3.676,0.999,1.510,-0.000,0.011,0.001,12.0
281,3.676,0.999,1.510,-0.000,0.011,0.001,12.0
282,3.676,0.999,1.510,-0.000,0.008,0.001,12.0
283,3.676,0.999,1.510,-0.000,0.004,0.000,12.0
284,3.676,0.999,1.510,-0.000,0.001,0.000,12.0
285,3.676,0.999,1.510,-0.000,-0.002,-0.000,12.0
286,3.676,0.999,1.510,-0.000,-0.003,-0.000,12.0
287,3.676,0.999,1.510,-0.000,-0.003,-0.000,12.0
288,3.676,0.999,1.510,-0.000,-0.001,-0.000,12.0
289,3.676,0.999,1.510,-0.000,0.000,0.000,12.0
290,3.676,0.999,1.510,-0.000,0.001,0.000,12.0
291,3.676,0.999,1.510,-0.000,0.002,0.000,12.0
292,3.676,0.999,1.510,-0.000,0.002,0.000,12.0
293,3.676,0.999,1.510,-0.000,0.001,0.000,12.0
294,3.676,0.999,1.510,-0.000,0.000,0.000,12.0
295,3.676,0.999,1.510,-0.000,-0.000,-0.000,12.0
296,3.676,0.999,1.510,-0.000,-0.001,-0.000,12.0
297,3.676,0.999,1.510,-0.000,-0.001,-0.000,12.0
298,3.676,0.999,1.510,-0.000,-0.000,-0.000,12.0
299,3.676,0.999,1.510,-0.000,-0.000,-0.000,12.0
300,3.676,0.999,1.510,-0.000,0.000,0.000,12.0
301,3.676,0.999,1.510,-0.000,0.000,0.000,12.0
302,3.676,0.999,1.510,-0.000,0.000,0.000,12.0
303,3.676,0.999,1.510,-0.000,0.000,0.000,12.0
304,3.676,0.999,1.510,-0.000,0.000,0.000,12.0
305,3.676,0.999,1.510,-0.000,0.000,0.000,12.0
306,3.676,0.999,1.510,-0.000,-0.000,-0.000,12.0
307,3.676,0.999,1.510,-0.000,-0.000,-0.000,12.0
308,3.676,0.999,1.510,-0.000,-0.000,-0.000,12.0
309,3.676,0.999,1.510,-0.000,-0.000,-0.000,12.0
310,3.676,0.999,1.510,-0.000,-0.000,-0.000,12.0
311,3.676,0.999,1.510,-0.000,0.000,0.000,12.0
312,3.676,0.999,1.510,-0.000,0.000,0.000,12.0
313,3.676,0.999,1.510,-0.000,0.000,0.000,12.0
314,3.676,0.999,1.510,-0.000,0.000,0.000,12.0
315,3.676,0.999,1.510,-0.000,0.000,0.000,12.0
316,3.676,0.999,1.510,-0.000,-0.000,-0.000,12.0
317,3.676,0.999,1.510,-0.000,-0.000,-0.000,12.0
318,3.676,0.999,1.510,-0.000,-0.000,-0.000,12.0
319,3.676,0.999,1.510,-0.000,-0.000,-0.000,12.0
320,3.676,0.999,1.510,-0.000,-0.000,-0.000,12.0
321,3.676,0.999,1.510,-0.000,-0.000,-0.000,12.0
322,3.676,0.999,1.510,-0.000,0.000,0.000,12.0
323,3.676,0.999,1.510,-0.000,0.000,0.000,12.0
324,3.676,0.999,1.510,-0.000,0.000,0.000,12.0
325,3.676,0.999,1.510,-0.000,0.000,0.000,12.0
326,3.676,0.999,1.510,-0.000,0.000,0.000,12.0
327,3.676,0.999,1.510,-0.000,-0.000,-0.000,12.0
328,3.676,0.999,1.510,-0.000,-0.000,-0.000,12.0
329,3.676,0.999,1.510,-0.000,-0.000,-0.000,12.0
330,3.676,0.999,1.510,-0.000,-0.000,-0.000,12.0
331,3.676,0.999,1.510,-0.000,-0.000,-0.000,12.0
332,3.676,0.999,1.510,-0.000,0.000,0.000,12.0
333,3.676,0.999,1.510,-0.000,0.000,0.000,12.0
334,3.676,0.999,1.510,-0.000,0.000,0.000,12.0
335,3.676,0.999,1.510,-0.000,0.000,0.000,12.0
336,3.676,0.999,1.510,-0.000,0.000,0.000,12.0
337,3.676,0.999,1.510,-0.000,0.000,0.000,12.0
338,3.676,0.999,1.510,-0.000,-0.000,-0.000,12.0
339,3.676,0.999,1.510,-0.000,-0.000,-0.000,12.0
340,3.676,0.999,1.510,-0.000,-0.000,-0.000,12.0
341,3.676,0.999,1.510,-0.000,-0.000,-0.000,12.0
342,3.676,0.999,1.510,-0.000,-0.000,-0.000,12.0
343,3.676,0.999,1.510,-0.000,0.000,0.000,12.0
344,3.676,0.999,1.510,-0.000,0.000,0.000,12.0
345,3.676,0.999,1.510,-0.000,0.000,0.000,12.0
346,3.676,0.999,1.510,-0.000,0.000,0.000,12.0
347,3.676,0.999,1.510,-0.000,0.000,0.000,12.0
348,3.676,0.999,1.510,-0.000,-0.000,-0.000,12.0
349,3.676,0.999,1.510,-0.000,-0.000,-0.000,12.0
350,3.676,0.999,1.510,-0.000,-0.000,-0.000,12.0
351,3.676,0.999,1.510,-0.000,-0.000,-0.000,12.0
352,3.676,0.999,1.510,-0.000,-0.000,-0.000,12.0
353,3.676,0.999,1.510,-0.000,-0.000,-0.000,12.0
354,3.676,0.999,1.510,-0.000,0.000,0.000,12.0
355,3.676,0.999,1.510,-0.000,0.000,0.000,12.0
356,3.676,0.999,1.510,-0.000,0.000,0.000,12.0
357,3.676,0.999,1.510,-0.000,0.000,0.000,12.0
358,3.676,0.999,1.510,-0.000,0.000,0.000,12.0
359,3.676,0.999,1.510,-0.000,-0.000,-0.000,12.0
360,3.676,0.999,1.510,-0.000,-0.000,-0.000,12.0
361,3.676,0.999,1.510,-0.000,-0.000,-0.000,12.0
362,3.676,0.999,1.510,-0.000,-0.000,-0.000,12.0
363,3.676,0.999,1.510,-0.000,-0.000,-0.000,12.0
364,3.676,0.999,1.510,-0.000,0.000,0.000,12.0
365,3.676,0.999,1.510,-0.000,0.000,0.000,12.0
366,3.676,0.999,1.510,-0.000,0.000,0.000,12.0
367,3.676,0.999,1.510,-0.000,0.000,0.000,12.0
368,3.676,0.999,1.510,-0.000,0.000,0.000,12.0
369,3.676,0.999,1.510,-0.000,0.000,0.000,12.0
370,3.676,0.999,1.510,-0.000,-0.000,-0.000,12.0
371,3.676,0.999,1.510,-0.000,-0.000,-0.000,12.0
372,3.676,0.999,1.510,-0.000,-0.000,-0.000,12.0
373,3.676,0.999,1.510,-0.000,-0.000,-0.000,12.0
374,3.676,0.999,1.510,-0.000,-0.000,-0.000,12.0
375,3.676,0.999,1.510,-0.000,0.000,0.000,12.0
376,3.676,0.999,1.510,-0.000,0.000,0.000,12.0
377,3.676,0.999,1.510,-0.000,0.000,0.000,12.0
378,3.676,0.999,1.510,-0.000,0.000,0.000,12.0
379,3.676,0.999,1.510,-0.000,0.000,0.000,12.0
380,3.676,0.999,1.510,-0.000,-0.000,-0.000,12.0
381,3.676,0.999,1.510,-0.000,-0.000,-0.000,12.0
382,3.676,0.999,1.510,-0.000,-0.000,-0.000,12.0
383,3.676,0.999,1.510,-0.000,-0.000,-0.000,12.0
384,3.676,0.999,1.510,-0.000,-0.000,-0.000,12.0
385,3.676,0.999,1.510,-0.000,-0.000,-0.000,12.0
386,3.676,0.999,1.510,-0.000,0.000,0.000,12.0
387,3.676,0.999,1.510,-0.000,0.000,0.000,12.0
388,3.676,0.999,1.510,-0.000,0.000,0.000,12.0
389,3.676,0.999,1.510,-0.000,0.000,0.000,12.0
390,3.676,0.999,1.510,-0.000,0.000,0.000,12.0
391,3.676,0.999,1.510,-0.000,-0.000,-0.000,12.0
392,3.676,0.999,1.510,-0.000,-0.000,-0.000,12.0
393,3.676,0.999,1.510,-0.000,-0.000,-0.000,12.0
394,3.676,0.999,1.510,-0.000,-0.000,-0.000,12.0
395,3.676,0.999,1.510,-0.000,-0.000,-0.000,12.0
396,3.676,0.999,1.510,-0.000,0.000,0.000,12.0
397,3.676,0.999,1.510,-0.000,0.000,0.000,12.0
398,3.676,0.999,1.510,-0.000,0.000,0.000,12.0
399,3.676,0.999,1.510,-0.000,0.000,0.000,12.0
400,3.676,0.999,1.510,-0.000,0.000,0.000,12.0
401,3.676,0.999,1.510,-0.000,0.000,0.000,12.0
402,3.676,0.999,1.510,-0.000,-0.000,-0.000,12.0
403,3.676,0.999,1.510,-0.000,-0.000,-0.000,12.0
404,3.676,0.999,1.510,-0.000,-0.000,-0.000,12.0
405,3.676,0.999,1.510,-0.000,-0.000,-0.000,12.0
406,3.676,0.999,1.510,-0.000,-0.000,-0.000,12.0
407,3.676,0.999,1.510,-0.000,0.000,0.000,12.0
408,3.676,0.999,1.510,-0.000,0.000,0.000,12.0
409,3.676,0.999,1.510,-0.000,0.000,0.000,12.0
410,3.676,0.999,1.510,-0.000,0.000,0.000,12.0
411,3.676,0.999,1.510,-0.000,0.000,0.000,12.0
412,3.676,0.999,1.510,-0.000,-0.000,-0.000,12.0
413,3.676,0.999,1.510,-0.000,-0.000,-0.000,12.0
414,3.676,0.999,1.510,-0.000,-0.000,-0.000,12.0
415,3.676,0.999,1.510,-0.000,-0.000,-0.000,12.0
416,3.676,0.999,1.510,-0.000,-0.000,-0.000,12.0
417,3.676,0.999,1.510,-0.000,0.175,0.132,12.0
418,3.677,0.999,1.510,-0.000,0.288,0.217,12.0
419,3.678,0.997,1.510,-0.000,0.294,0.222,12.0
420,3.681,0.996,1.510,-0.000,0.053,0.040,12.0
421,3.684,0.994,1.510,-0.000,-0.175,-0.128,12.0
422,3.686,0.992,1.510,-0.000,-0.299,-0.219,12.0
423,3.687,0.991,1.510,-0.000,-0.306,-0.224,12.0
424,3.687,0.991,1.510,-0.000,-0.225,-0.165,12.0
425,3.687,0.991,1.510,-0.000,-0.103,-0.075,12.0
426,3.686,0.992,1.510,-0.000,0.012,0.009,12.0
427,3.685,0.992,1.510,-0.000,0.088,0.065,12.0
428,3.684,0.993,1.510,-0.000,0.114,0.083,12.0
429,3.684,0.993,1.510,-0.000,0.095,0.070,12.0
430,3.684,0.993,1.510,-0.000,0.051,0.037,12.0
431,3.684,0.993,1.510,-0.000,0.002,0.001,12.0
432,3.684,0.992,1.504,-0.000,-0.035,-0.026,12.0
433,3.684,0.992,1.502,-0.000,-0.052,-0.038,12.0
434,3.684,0.992,1.501,-0.000,-0.049,-0.036,12.0
435,3.684,0.992,1.500,-0.000,-0.032,-0.024,12.0
436,3.684,0.992,1.499,-0.000,-0.011,-0.008,12.0
437,3.683,0.993,1.499,-0.000,0.008,0.006,12.0
438,3.683,0.993,1.498,-0.000,0.019,0.014,12.0
439,3.683,0.993,1.497,-0.000,0.021,0.015,12.0
440,3.683,0.993,1.496,-0.000,0.016,0.012,12.0
441,3.682,0.993,1.496,-0.000,0.008,0.006,12.0
442,3.682,0.993,1.495,-0.000,-0.001,-0.001,12.0
443,3.682,0.993,1.495,-0.000,-0.006,-0.005,12.0
444,3.682,0.993,1.494,-0.000,-0.008,-0.006,12.0
445,3.682,0.993,1.494,-0.000,-0.007,-0.005,12.0
446,3.682,0.993,1.494,-0.000,-0.004,-0.003,12.0
447,3.681,0.993,1.493,-0.000,-0.000,-0.000,12.0
448,3.681,0.994,1.493,-0.000,0.003,0.002,12.0
449,3.681,0.994,1.493,-0.000,0.004,0.003,12.0
450,3.681,0.994,1.492,-0.000,0.004,0.003,12.0
451,3.681,0.994,1.492,-0.000,0.003,0.002,12.0
452,3.680,0.994,1.492,-0.000,0.002,0.001,12.0
453,3.680,0.994,1.492,-0.000,0.000,-0.000,12.0
454,3.680,0.994,1.492,-0.000,-0.001,-0.001,12.0
455,3.680,0.994,1.491,-0.000,-0.001,-0.001,12.0
456,3.680,0.994,1.491,-0.000,-0.001,-0.001,12.0
457,3.680,0.994,1.491,-0.000,0.000,-0.000,12.0
458,3.679,0.994,1.491,-0.000,0.001,0.000,12.0
459,3.679,0.994,1.491,-0.000,0.001,0.001,12.0
460,3.679,0.995,1.491,-0.000,0.001,0.001,12.0
461,3.679,0.995,1.491,-0.000,0.001,0.001,12.0
462,3.679,0.995,1.491,-0.000,0.001,0.001,12.0
463,3.679,0.995,1.490,-0.000,0.001,0.000,12.0
464,3.678,0.995,1.490,-0.000,0.001,0.000,12.0
465,3.678,0.995,1.490,-0.000,0.000,0.000,12.0
466,3.678,0.995,1.490,-0.000,0.008,0.003,12.0
467,3.678,0.995,1.490,-0.000,0.005,0.002,12.0
468,3.678,0.995,1.490,-0.000,0.001,0.000,12.0
469,3.678,0.995,1.490,-0.000,-0.002,-0.001,12.0
470,3.678,0.995,1.490,-0.000,-0.004,-0.002,12.0
471,3.678,0.995,1.490,-0.000,-0.004,-0.002,12.0
472,3.677,0.995,1.490,-0.000,-0.003,-0.001,12.0
473,3.677,0.995,1.496,-0.000,-0.001,-0.000,12.0
474,3.677,0.995,1.497,-0.000,0.001,0.000,12.0
475,3.677,0.995,1.499,-0.000,0.002,0.001,12.0
476,3.677,0.996,1.500,-0.000,0.002,0.001,12.0
477,3.677,0.996,1.500,-0.000,0.002,0.001,12.0
478,3.677,0.996,1.501,-0.000,0.001,0.001,12.0
479,3.676,0.996,1.502,-0.000,0.001,0.000,12.0
480,3.676,0.996,1.503,-0.000,-0.000,-0.000,12.0
481,3.676,0.996,1.503,-0.000,-0.000,-0.000,12.0
482,3.676,0.996,1.504,-0.000,-0.000,-0.000,12.0
483,3.676,0.996,1.505,-0.000,0.000,0.000,12.0
484,3.676,0.996,1.505,-0.000,0.000,0.000,12.0
485,3.676,0.996,1.505,-0.000,0.001,0.000,12.0
486,3.676,0.996,1.506,-0.000,0.006,0.003,12.0
487,3.675,0.996,1.506,-0.000,0.010,0.004,12.0
488,3.675,0.996,1.507,-0.000,0.010,0.005,12.0
489,3.675,0.996,1.507,-0.000,0.008,0.003,12.0
490,3.675,0.996,1.507,-0.000,0.004,0.002,12.0
491,3.675,0.996,1.507,-0.000,0.000,0.000,12.0
492,3.675,0.996,1.508,-0.000,-0.002,-0.001,12.0
493,3.675,0.996,1.508,-0.000,-0.003,-0.001,12.0
494,3.675,0.996,1.508,-0.000,-0.003,-0.001,12.0
495,3.675,0.996,1.508,-0.000,-0.001,-0.001,12.0
496,3.675,0.996,1.508,-0.000,0.000,0.000,12.0
497,3.675,0.996,1.509,-0.000,0.001,0.001,12.0
498,3.675,0.996,1.509,-0.000,0.002,0.001,12.0
499,3.675,0.996,1.509,-0.000,0.002,0.001,12.0
500,3.675,0.996,1.509,-0.000,0.001,0.000,12.0
501,3.675,0.996,1.509,-0.000,0.000,0.000,12.0
502,3.675,0.996,1.509,-0.000,-0.000,-0.000,12.0
503,3.675,0.996,1.509,-0.000,-0.000,-0.000,12.0
504,3.675,0.996,1.509,-0.000,-0.001,-0.000,12.0
505,3.675,0.996,1.509,-0.000,-0.000,-0.000,12.0
506,3.675,0.996,1.509,-0.000,-0.000,-0.000,12.0
507,3.675,0.996,1.509,-0.000,0.000,0.000,12.0
508,3.675,0.996,1.510,-0.000,0.000,0.000,12.0
509,3.675,0.996,1.510,-0.000,0.000,0.000,12.0
510,3.675,0.996,1.510,-0.000,0.000,0.000,12.0
511,3.675,0.996,1.510,-0.000,0.000,0.000,12.0
512,3.675,0.996,1.510,-0.000,0.000,0.000,12.0
513,3.675,0.996,1.510,-0.000,-0.000,-0.000,12.0
514,3.675,0.996,1.510,-0.000,-0.000,-0.000,12.0
515,3.675,0.996,1.510,-0.000,-0.000,-0.000,12.0
516,3.675,0.996,1.510,-0.000,-0.000,-0.000,12.0
517,3.675,0.996,1.510,-0.000,-0.000,-0.000,12.0
518,3.675,0.996,1.510,-0.000,0.000,0.000,12.0
519,3.675,0.996,1.510,-0.000,0.000,0.000,12.0
520,3.675,0.996,1.510,-0.000,0.000,0.000,12.0
521,3.675,0.996,1.510,-0.000,0.000,0.000,12.0
522,3.675,0.996,1.510,-0.000,0.000,0.000,12.0
523,3.675,0.996,1.510,-0.000,-0.000,-0.000,12.0
524,3.675,0.996,1.510,-0.000,-0.000,-0.000,12.0
525,3.675,0.996,1.510,-0.000,-0.000,-0.000,12.0
526,3.675,0.996,1.504,-0.000,-0.000,-0.000,12.0
527,3.675,0.996,1.502,-0.000,-0.000,-0.000,12.0
528,3.675,0.996,1.501,-0.000,-0.000,-0.000,12.0
529,3.675,0.996,1.500,-0.000,0.000,0.000,12.0
530,3.675,0.996,1.499,-0.000,0.000,0.000,12.0
531,3.675,0.996,1.499,-0.000,0.000,0.000,12.0
532,3.675,0.996,1.498,-0.000,0.000,0.000,12.0
533,3.675,0.996,1.497,-0.000,0.000,0.000,12.0
534,3.675,0.996,1.496,-0.000,-0.000,-0.000,12.0
535,3.675,0.996,1.496,-0.000,-0.000,-0.000,12.0
536,3.675,0.996,1.495,-0.000,-0.000,-0.000,12.0
537,3.675,0.996,1.495,-0.000,-0.000,-0.000,12.0
538,3.675,0.996,1.494,-0.000,-0.000,-0.000,12.0
539,3.675,0.996,1.494,-0.000,0.000,0.000,12.0
540,3.675,0.996,1.494,-0.000,0.000,0.000,12.0
541,3.675,0.996,1.493,-0.000,0.000,0.000,12.0
542,3.675,0.996,1.493,-0.000,0.000,0.000,12.0
543,3.675,0.996,1.493,-0.000,0.000,0.000,12.0
544,3.675,0.996,1.492,-0.000,0.000,0.000,12.0
545,3.675,0.996,1.492,-0.000,-0.000,-0.000,12.0
546,3.675,0.996,1.492,-0.000,-0.000,-0.000,12.0
547,3.675,0.996,1.492,-0.000,-0.000,-0.000,12.0
548,3.675,0.996,1.492,-0.000,-0.000,-0.000,12.0
549,3.675,0.996,1.491,-0.000,-0.000,-0.000,12.0
550,3.675,0.996,1.491,-0.000,0.000,0.000,12.0
551,3.675,0.996,1.491,-0.000,0.000,0.000,12.0
552,3.675,0.996,1.491,-0.000,0.000,0.000,12.0
553,3.675,0.996,1.491,-0.000,0.000,0.000,12.0
554,3.675,0.996,1.491,-0.000,0.000,0.000,12.0
555,3.675,0.996,1.491,-0.000,-0.000,-0.000,12.0
556,3.675,0.996,1.491,-0.000,-0.000,-0.000,12.0
557,3.675,0.996,1.490,-0.000,-0.000,-0.000,12.0
558,3.675,0.996,1.490,-0.000,-0.000,-0.000,12.0
559,3.675,0.996,1.490,-0.000,-0.000,-0.000,12.0
560,3.675,0.996,1.490,-0.000,-0.000,-0.000,12.0
561,3.675,0.996,1.490,-0.000,0.000,0.000,12.0
562,3.675,0.996,1.490,-0.000,0.000,0.000,12.0
563,3.675,0.996,1.490,-0.000,0.000,0.000,12.0
564,3.675,0.996,1.490,-0.000,0.000,0.000,12.0
565,3.675,0.996,1.490,-0.000,0.000,0.000,12.0
566,3.675,0.996,1.490,-0.000,-0.000,-0.000,12.0
567,3.675,0.996,1.496,-0.000,-0.000,-0.000,12.0
568,3.675,0.996,1.497,-0.000,-0.000,-0.000,12.0
569,3.675,0.996,1.499,-0.000,-0.000,-0.000,12.0
570,3.675,0.996,1.500,-0.000,-0.000,-0.000,12.0
571,3.675,0.996,1.500,-0.000,0.000,0.000,12.0
572,3.675,0.996,1.501,-0.000,0.000,0.000,12.0
573,3.675,0.996,1.502,-0.000,0.000,0.000,12.0
574,3.675,0.996,1.503,-0.000,0.000,0.000,12.0
575,3.675,0.996,1.503,-0.000,0.000,0.000,12.0
576,3.675,0.996,1.504,-0.000,0.000,0.000,12.0
577,3.675,0.996,1.505,-0.000,-0.000,-0.000,12.0
578,3.675,0.996,1.505,-0.000,-0.000,-0.000,12.0
579,3.675,0.996,1.505,-0.000,-0.000,-0.000,12.0
580,3.675,0.996,1.506,-0.000,-0.000,-0.000,12.0
581,3.675,0.996,1.506,-0.000,-0.000,-0.000,12.0
582,3.675,0.996,1.507,-0.000,0.000,0.000,12.0
583,3.675,0.996,1.507,-0.000,0.000,0.000,12.0
584,3.675,0.996,1.507,-0.000,0.000,0.000,12.0
585,3.675,0.996,1.507,-0.000,0.000,0.000,12.0
586,3.675,0.996,1.508,-0.000,0.000,0.000,12.0
587,3.675,0.996,1.508,-0.000,-0.000,-0.000,12.0
588,3.675,0.996,1.508,-0.000,-0.000,-0.000,12.0
589,3.675,0.996,1.508,-0.000,-0.000,-0.000,12.0
590,3.675,0.996,1.508,-0.000,-0.000,-0.000,12.0
591,3.675,0.996,1.509,-0.000,-0.000,-0.000,12.0
592,3.675,0.996,1.509,-0.000,-0.000,-0.000,12.0
593,3.675,0.996,1.509,-0.000,0.000,0.000,12.0
594,3.675,0.996,1.509,-0.000,0.000,0.000,12.0
595,3.675,0.996,1.509,-0.000,0.000,0.000,12.0
596,3.675,0.996,1.509,-0.000,0.000,0.000,12.0
597,3.675,0.996,1.509,-0.000,0.000,0.000,12.0
598,3.675,0.996,1.509,-0.000,-0.000,-0.000,12.0
599,3.675,0.996,1.509,-0.000,-0.000,-0.000,12.0
600,3.675,0.996,1.509,-0.000,-0.000,-0.000,12.0
601,3.675,0.996,1.510,-0.000,-0.000,-0.000,12.0
602,3.675,0.996,1.510,-0.000,-0.000,-0.000,12.0
603,3.675,0.996,1.510,-0.000,0.000,0.000,12.0
604,3.675,0.996,1.510,-0.000,0.000,0.000,12.0
605,3.675,0.996,1.510,-0.000,0.000,0.000,12.0
606,3.675,0.996,1.510,-0.000,0.000,0.000,12.0
607,3.675,0.996,1.510,-0.000,0.000,0.000,12.0
608,3.675,0.996,1.510,-0.000,0.000,0.000,12.0
609,3.675,0.996,1.510,-0.000,-0.000,-0.000,12.0
610,3.675,0.996,1.510,-0.000,-0.000,-0.000,12.0
611,3.675,0.996,1.510,-0.000,-0.000,-0.000,12.0
612,3.675,0.996,1.510,-0.000,-0.000,-0.000,12.0
613,3.675,0.996,1.510,-0.000,-0.000,-0.000,12.0
614,3.675,0.996,1.510,-0.000,0.000,0.000,12.0
615,3.675,0.996,1.510,-0.000,0.000,0.000,12.0
616,3.675,0.996,1.510,-0.000,0.000,0.000,12.0
617,3.675,0.996,1.510,-0.000,0.000,0.000,12.0
618,3.675,0.996,1.510,-0.000,0.000,0.000,12.0
619,3.675,0.996,1.510,-0.000,-0.000,-0.000,12.0
620,3.675,0.996,1.504,-0.000,-0.000,-0.000,12.0
621,3.675,0.996,1.502,-0.000,-0.000,-0.000,12.0
622,3.675,0.996,1.501,-0.000,-0.000,-0.000,12.0
623,3.675,0.996,1.500,-0.000,-0.000,-0.000,12.0
624,3.675,0.996,1.499,-0.000,-0.000,-0.000,12.0
625,3.675,0.996,1.499,-0.000,0.000,0.000,12.0
626,3.675,0.996,1.498,-0.000,0.000,0.000,12.0
627,3.675,0.996,1.497,-0.000,0.000,0.000,12.0
628,3.675,0.996,1.496,-0.000,0.000,0.000,12.0
629,3.675,0.996,1.496,-0.000,0.000,0.000,12.0
630,3.675,0.996,1.495,-0.000,-0.000,-0.000,12.0
631,3.675,0.996,1.495,-0.000,-0.000,-0.000,12.0
632,3.675,0.996,1.494,-0.000,-0.000,-0.000,12.0
633,3.675,0.996,1.494,-0.000,-0.000,-0.000,12.0
634,3.675,0.996,1.494,-0.000,-0.000,-0.000,12.0
635,3.675,0.996,1.493,-0.000,0.000,0.000,12.0
636,3.675,0.996,1.493,-0.000,0.000,0.000,12.0
637,3.675,0.996,1.493,-0.000,0.000,0.000,12.0
638,3.675,0.996,1.492,-0.000,0.000,0.000,12.0
639,3.675,0.996,1.492,-0.000,0.000,0.000,12.0
640,3.675,0.996,1.492,-0.000,0.000,0.000,12.0
641,3.675,0.996,1.492,-0.000,-0.000,-0.000,12.0
642,3.675,0.996,1.492,-0.000,-0.000,-0.000,12.0
643,3.675,0.996,1.491,-0.000,-0.000,-0.000,12.0
644,3.675,0.996,1.491,-0.000,-0.000,-0.000,12.0
645,3.675,0.996,1.491,-0.000,-0.000,-0.000,12.0
646,3.675,0.996,1.491,-0.000,-0.000,-0.000,12.0
647,3.675,0.996,1.491,-0.000,0.000,-0.000,12.0
648,3.675,0.996,1.491,-0.000,0.000,-0.000,12.0
649,3.675,0.996,1.491,-0.000,0.000,-0.000,12.0
650,3.675,0.996,1.491,-0.000,0.000,-0.000,12.0
651,3.675,0.996,1.490,-0.000,0.000,-0.000,12.0
652,3.675,0.996,1.490,-0.000,0.000,0.000,12.0
653,3.675,0.996,1.490,-0.000,0.000,0.000,12.0
654,3.675,0.996,1.490,-0.000,0.000,0.000,12.0
655,3.675,0.996,1.490,-0.000,0.000,0.000,12.0
656,3.675,0.996,1.490,-0.000,0.000,0.000,12.0
657,3.675,0.996,1.490,-0.000,0.000,0.000,12.0
658,3.675,0.996,1.490,-0.000,-0.000,0.000,12.0
659,3.675,0.996,1.490,-0.000,-0.000,0.000,12.0
660,3.675,0.996,1.490,-0.000,-0.000,0.000,12.0
661,3.675,0.996,1.496,-0.000,-0.000,0.000,12.0
662,3.675,0.996,1.497,-0.000,-0.000,0.000,12.0
663,3.675,0.996,1.499,-0.000,-0.000,0.000,12.0
664,3.675,0.996,1.500,-0.000,-0.000,0.000,12.0
665,3.675,0.996,1.500,-0.000,-0.000,0.000,12.0
666,3.675,0.996,1.501,-0.000,-0.000,0.000,12.0
667,3.675,0.996,1.502,-0.000,-0.000,-0.000,12.0
668,3.675,0.996,1.503,-0.000,-0.000,-0.000,12.0
669,3.675,0.996,1.503,-0.000,-0.000,-0.000,12.0
670,3.675,0.996,1.504,-0.000,-0.000,-0.000,12.0
671,3.675,0.996,1.505,-0.000,-0.000,-0.000,12.0
672,3.675,0.996,1.505,-0.000,0.000,-0.000,12.0
673,3.675,0.996,1.505,-0.000,0.000,-0.000,12.0
674,3.675,0.996,1.506,-0.000,0.000,-0.000,12.0
675,3.675,0.996,1.506,-0.000,0.000,-0.000,12.0
676,3.675,0.996,1.507,-0.000,0.000,-0.000,12.0
677,3.675,0.996,1.507,-0.000,0.000,-0.000,12.0
678,3.675,0.996,1.507,-0.000,0.000,-0.000,12.0
679,3.675,0.996,1.507,-0.000,0.000,-0.000,12.0
680,3.675,0.996,1.508,-0.000,0.000,-0.000,12.0
681,3.675,0.996,1.508,-0.000,0.000,-0.000,12.0
682,3.675,0.996,1.508,-0.000,0.000,0.000,12.0
683,3.675,0.996,1.508,-0.000,0.000,0.000,12.0
684,3.675,0.996,1.508,-0.000,0.000,0.000,12.0
685,3.675,0.996,1.509,-0.000,-0.000,0.000,12.0
686,3.675,0.996,1.509,-0.000,-0.000,0.000,12.0
687,3.675,0.996,1.509,-0.000,-0.000,0.000,12.0
688,3.675,0.996,1.509,-0.000,-0.000,0.000,12.0
689,3.675,0.996,1.509,-0.000,-0.000,0.000,12.0
690,3.675,0.996,1.509,-0.000,-0.000,0.000,12.0
691,3.675,0.996,1.509,-0.000,-0.000,0.000,12.0
692,3.675,0.996,1.509,-0.000,-0.000,0.000,12.0
693,3.675,0.996,1.509,-0.000,-0.000,0.000,12.0
694,3.675,0.996,1.509,-0.000,-0.000,0.000,12.0
695,3.675,0.996,1.510,-0.000,-0.000,0.000,12.0
696,3.675,0.996,1.510,-0.000,-0.000,-0.000,12.0
697,3.675,0.996,1.510,-0.000,-0.000,-0.000,12.0
698,3.675,0.996,1.510,-0.000,-0.000,-0.000,12.0
699,3.675,0.996,1.510,-0.000,0.000,-0.000,12.0
700,3.675,0.996,1.510,-0.000,0.000,-0.000,12.0
701,3.675,0.996,1.510,-0.000,0.000,-0.000,12.0
702,3.675,0.996,1.510,-0.000,0.000,-0.000,12.0
703,3.675,0.996,1.510,-0.000,0.000,-0.000,12.0
704,3.675,0.996,1.510,-0.000,0.000,-0.000,12.0
705,3.675,0.996,1.510,-0.000,0.000,-0.000,12.0
706,3.675,0.996,1.510,-0.000,0.000,-0.000,12.0
707,3.675,0.996,1.510,-0.000,0.000,-0.000,12.0
708,3.675,0.996,1.510,-0.000,0.000,-0.000,12.0
709,3.675,0.996,1.510,-0.000,0.000,-0.000,12.0
710,3.675,0.996,1.510,-0.000,0.000,-0.000,12.0
711,3.675,0.996,1.510,-0.000,0.000,0.000,12.0
712,3.675,0.996,1.510,-0.000,0.000,0.000,12.0
713,3.675,0.996,1.504,-0.000,-0.000,0.000,12.0
714,3.675,0.996,1.502,-0.000,-0.000,0.000,12.0
715,3.675,0.996,1.501,-0.000,-0.000,0.000,12.0
716,3.675,0.996,1.500,-0.000,-0.000,0.000,12.0
717,3.675,0.996,1.499,-0.000,-0.000,0.000,12.0
718,3.675,0.996,1.499,-0.000,-0.000,0.000,12.0
719,3.675,0.996,1.498,-0.000,-0.000,0.000,12.0
720,3.675,0.996,1.497,-0.000,-0.000,0.000,12.0
721,3.675,0.996,1.496,-0.000,-0.000,0.000,12.0
722,3.675,0.996,1.496,-0.000,-0.000,0.000,12.0
723,3.675,0.996,1.495,-0.000,-0.000,0.000,12.0
724,3.675,0.996,1.495,-0.000,-0.000,0.000,12.0
725,3.675,0.996,1.494,-0.000,-0.000,-0.000,12.0
726,3.675,0.996,1.494,-0.000,0.000,-0.000,12.0
727,3.675,0.996,1.494,-0.000,0.000,-0.000,12.0
728,3.675,0.996,1.493,-0.000,0.000,-0.000,12.0
729,3.675,0.996,1.493,-0.000,0.000,-0.000,12.0
730,3.675,0.996,1.493,-0.000,0.000,-0.000,12.0
731,3.675,0.996,1.492,-0.000,0.000,-0.000,12.0
732,3.675,0.996,1.492,-0.000,0.000,-0.000,12.0
733,3.675,0.996,1.492,-0.000,0.000,-0.000,12.0
734,3.675,0.996,1.492,-0.000,0.000,-0.000,12.0
735,3.675,0.996,1.492,-0.000,0.000,-0.000,12.0
736,3.675,0.996,1.491,-0.000,0.000,-0.000,12.0
737,3.675,0.996,1.491,-0.000,0.000,-0.000,12.0
738,3.675,0.996,1.491,-0.000,0.000,-0.000,12.0
739,3.675,0.996,1.491,-0.000,0.000,-0.000,12.0
740,3.675,0.996,1.491,-0.000,-0.000,0.000,12.0
741,3.675,0.996,1.491,-0.000,-0.000,0.000,12.0
742,3.675,0.996,1.491,-0.000,-0.000,0.000,12.0
743,3.675,0.996,1.491,-0.000,-0.000,0.000,12.0
744,3.675,0.996,1.490,-0.000,-0.000,0.000,12.0
745,3.675,0.996,1.490,-0.000,-0.000,0.000,12.0
746,3.675,0.996,1.490,-0.000,-0.000,0.000,12.0
747,3.675,0.996,1.490,-0.000,-0.000,0.000,12.0
748,3.675,0.996,1.490,-0.000,-0.000,0.000,12.0
749,3.675,0.996,1.490,-0.000,-0.000,0.000,12.0
750,3.675,0.996,1.490,-0.000,-0.000,0.000,12.0
751,3.675,0.996,1.490,-0.000,-0.000,0.000,12.0
752,3.675,0.996,1.490,-0.000,-0.000,0.000,12.0
753,3.675,0.996,1.490,-0.000,-0.000,0.000,12.0
754,3.675,0.996,1.490,-0.000,0.000,-0.000,12.0
755,3.675,0.996,1.496,-0.000,0.000,-0.000,12.0
756,3.675,0.996,1.497,-0.000,0.000,-0.000,12.0
757,3.675,0.996,1.499,-0.000,0.000,-0.000,12.0
758,3.675,0.996,1.500,-0.000,0.000,-0.000,12.0
759,3.675,0.996,1.500,-0.000,0.000,-0.000,12.0
760,3.675,0.996,1.501,-0.000,0.000,-0.000,12.0
761,3.675,0.996,1.502,-0.000,0.000,-0.000,12.0
762,3.675,0.996,1.503,-0.000,0.000,-0.000,12.0
763,3.675,0.996,1.503,-0.000,0.000,-0.000,12.0
764,3.675,0.996,1.504,-0.000,0.000,-0.000,12.0
765,3.675,0.996,1.505,-0.000,0.000,-0.000,12.0
766,3.675,0.996,1.505,-0.000,0.000,-0.000,12.0
767,3.675,0.996,1.506,-0.000,0.000,-0.000,12.0
768,3.675,0.996,1.506,-0.000,-0.000,0.000,12.0
769,3.675,0.996,1.506,-0.000,-0.000,0.000,12.0
770,3.675,0.996,1.507,-0.000,-0.000,0.000,12.0
771,3.675,0.996,1.507,-0.000,-0.000,0.000,12.0
772,3.675,0.996,1.507,-0.000,-0.000,0.000,12.0
773,3.675,0.996,1.507,-0.000,-0.000,0.000,12.0
774,3.675,0.996,1.508,-0.000,-0.000,0.000,12.0
775,3.675,0.996,1.508,-0.000,-0.000,0.000,12.0
776,3.675,0.996,1.508,-0.000,-0.000,0.000,12.0
777,3.675,0.996,1.508,-0.000,-0.000,0.000,12.0
778,3.675,0.996,1.508,-0.000,-0.000,0.000,12.0
779,3.675,0.996,1.509,-0.000,-0.000,0.000,12.0
780,3.675,0.996,1.509,-0.000,-0.000,0.000,12.0
781,3.675,0.996,1.509,-0.000,0.000,0.000,12.0
782,3.675,0.996,1.509,-0.000,0.000,0.000,12.0
783,3.675,0.996,1.509,-0.000,0.000,-0.000,12.0
784,3.675,0.996,1.509,-0.000,0.000,-0.000,12.0
785,3.675,0.996,1.509,-0.000,0.000,-0.000,12.0
786,3.675,0.996,1.509,-0.000,0.000,-0.000,12.0
787,3.675,0.996,1.509,-0.000,0.000,-0.000,12.0
788,3.675,0.996,1.509,-0.000,0.000,-0.000,12.0
789,3.675,0.996,1.510,-0.000,0.000,-0.000,12.0
790,3.675,0.996,1.510,-0.000,0.000,-0.000,12.0
791,3.675,0.996,1.510,-0.000,0.000,-0.000,12.0
792,3.675,0.996,1.510,-0.000,0.000,-0.000,12.0
793,3.675,0.996,1.510,-0.000,0.000,-0.000,12.0
794,3.675,0.996,1.510,-0.000,0.000,-0.000,12.0
795,3.675,0.996,1.510,-0.000,-0.000,-0.000,12.0
796,3.675,0.996,1.510,-0.000,-0.000,-0.000,12.0
797,3.675,0.996,1.510,-0.000,-0.000,0.000,12.0
798,3.675,0.996,1.510,-0.000,-0.000,0.000,12.0
799,3.675,0.996,1.510,-0.000,-0.000,0.000,12.0
800,3.675,0.996,1.510,-0.000,-0.000,0.000,12.0
801,3.675,0.996,1.510,-0.000,-0.000,0.000,12.0
802,3.675,0.996,1.510,-0.000,-0.000,0.000,12.0
803,3.675,0.996,1.510,-0.000,-0.000,0.000,12.0
804,3.675,0.996,1.504,-0.000,-0.000,0.000,12.0
805,3.675,0.996,1.503,-0.000,-0.000,0.000,12.0
806,3.675,0.996,1.501,-0.000,-0.000,0.000,12.0
807,3.675,0.996,1.500,-0.000,-0.000,0.000,12.0
808,3.675,0.996,1.499,-0.000,-0.000,0.000,12.0
809,3.675,0.996,1.499,-0.000,0.000,0.000,12.0
810,3.675,0.996,1.498,-0.000,0.000,0.000,12.0
811,3.675,0.996,1.497,-0.000,0.000,-0.000,12.0
812,3.675,0.996,1.496,-0.000,0.000,-0.000,12.0
813,3.675,0.996,1.496,-0.000,0.000,-0.000,12.0
814,3.675,0.996,1.495,-0.000,0.000,-0.000,12.0
815,3.675,0.996,1.495,-0.000,0.000,-0.000,12.0
816,3.675,0.996,1.494,-0.000,0.000,-0.000,12.0
817,3.675,0.996,1.494,-0.000,0.000,-0.000,12.0
818,3.675,0.996,1.494,-0.000,0.000,-0.000,12.0
819,3.675,0.996,1.493,-0.000,0.000,-0.000,12.0
820,3.675,0.996,1.493,-0.000,0.000,-0.000,12.0
821,3.675,0.996,1.493,-0.000,0.000,-0.000,12.0
822,3.675,0.996,1.492,-0.000,-0.000,-0.000,12.0
823,3.675,0.996,1.492,-0.000,-0.000,-0.000,12.0
824,3.675,0.996,1.492,-0.000,-0.000,-0.000,12.0
825,3.675,0.996,1.492,-0.000,-0.000,-0.000,12.0
826,3.675,0.996,1.492,-0.000,-0.000,-0.000,12.0
827,3.675,0.996,1.491,-0.000,-0.000,-0.000,12.0
828,3.675,0.996,1.491,-0.000,-0.000,0.000,12.0
829,3.675,0.996,1.491,-0.000,-0.000,0.000,12.0
830,3.675,0.996,1.491,-0.000,-0.000,0.000,12.0
831,3.675,0.996,1.491,-0.000,-0.000,0.000,12.0
832,3.675,0.996,1.491,-0.000,-0.000,0.000,12.0
833,3.675,0.996,1.491,-0.000,-0.000,0.000,12.0
834,3.675,0.996,1.491,-0.000,-0.000,0.000,12.0
835,3.675,0.996,1.491,-0.000,-0.000,0.000,12.0
836,3.675,0.996,1.490,-0.000,0.000,0.000,12.0
837,3.675,0.996,1.490,-0.000,0.000,0.000,12.0
838,3.675,0.996,1.490,-0.000,0.000,0.000,12.0
839,3.675,0.996,1.490,-0.000,0.000,0.000,12.0
840,3.675,0.996,1.490,-0.000,0.000,0.000,12.0
841,3.675,0.996,1.490,-0.000,0.000,0.000,12.0
842,3.675,0.996,1.490,-0.000,0.000,0.000,12.0
843,3.675,0.996,1.490,-0.000,0.000,0.000,12.0
844,3.675,0.996,1.490,-0.000,0.000,0.000,12.0
845,3.675,0.996,1.490,-0.000,0.000,-0.000,12.0
846,3.675,0.996,1.490,-0.000,0.000,-0.000,12.0
847,3.675,0.996,1.496,-0.000,0.000,-0.000,12.0
848,3.675,0.996,1.497,-0.000,0.000,-0.000,12.0
849,3.675,0.996,1.499,-0.000,-0.000,-0.000,12.0
850,3.675,0.996,1.500,-0.000,-0.000,-0.000,12.0
851,3.675,0.996,1.501,-0.000,-0.000,-0.000,12.0
852,3.675,0.996,1.501,-0.000,-0.000,-0.000,12.0
853,3.675,0.996,1.502,-0.000,-0.000,-0.000,12.0
854,3.675,0.996,1.503,-0.000,-0.000,-0.000,12.0
855,3.675,0.996,1.503,-0.000,-0.000,-0.000,12.0
856,3.675,0.996,1.504,-0.000,-0.000,-0.000,12.0
857,3.675,0.996,1.505,-0.000,-0.000,-0.000,12.0
858,3.675,0.996,1.505,-0.000,-0.000,-0.000,12.0
859,3.675,0.996,1.506,-0.000,-0.000,-0.000,12.0
860,3.675,0.996,1.506,-0.000,-0.000,0.000,12.0
861,3.675,0.996,1.506,-0.000,-0.000,0.000,12.0
862,3.675,0.996,1.507,-0.000,-0.000,0.000,12.0
863,3.675,0.996,1.507,-0.000,0.000,0.000,12.0
864,3.675,0.996,1.507,-0.000,0.000,0.000,12.0
865,3.675,0.996,1.507,-0.000,0.000,0.000,12.0
866,3.675,0.996,1.508,-0.000,0.000,0.000,12.0
867,3.675,0.996,1.508,-0.000,0.000,0.000,12.0
868,3.675,0.996,1.508,-0.000,0.000,0.000,12.0
869,3.675,0.996,1.508,-0.000,0.000,0.000,12.0
870,3.675,0.996,1.508,-0.000,0.000,0.000,12.0
871,3.675,0.996,1.509,-0.000,0.000,0.000,12.0
872,3.675,0.996,1.509,-0.000,0.000,0.000,12.0
873,3.675,0.996,1.509,-0.000,0.000,0.000,12.0
874,3.675,0.996,1.509,-0.000,0.000,-0.000,12.0
875,3.675,0.996,1.509,-0.000,0.000,-0.000,12.0
876,3.675,0.996,1.509,-0.000,0.000,-0.000,12.0
877,3.675,0.996,1.509,-0.000,0.000,-0.000,12.0
878,3.675,0.996,1.509,-0.000,0.000,-0.000,12.0
879,3.675,0.996,1.509,-0.000,0.000,-0.000,12.0
880,3.675,0.996,1.510,-0.000,0.000,-0.000,12.0
881,3.675,0.996,1.510,-0.000,-0.000,-0.000,12.0
882,3.675,0.996,1.510,-0.000,-0.000,-0.000,12.0
883,3.675,0.996,1.510,-0.000,-0.000,-0.000,12.0
884,3.675,0.996,1.510,-0.000,-0.000,-0.000,12.0
885,3.675,0.996,1.510,-0.000,-0.000,-0.000,12.0
886,3.675,0.996,1.510,-0.000,-0.000,-0.000,12.0
887,3.675,0.996,1.510,-0.000,-0.000,-0.000,12.0
888,3.675,0.996,1.510,-0.000,-0.000,-0.000,12.0
889,3.675,0.996,1.510,-0.000,-0.000,0.000,12.0
890,3.675,0.996,1.510,-0.000,-0.000,0.000,12.0
891,3.675,0.996,1.510,-0.000,-0.000,0.000,12.0
892,3.675,0.996,1.510,-0.000,-0.000,0.000,12.0
893,3.675,0.996,1.510,-0.000,-0.000,0.000,12.0
894,3.675,0.996,1.510,-0.000,-0.000,0.000,12.0
895,3.675,0.996,1.504,-0.000,-0.000,0.000,12.0
896,3.675,0.996,1.503,-0.000,-0.000,0.000,12.0
897,3.675,0.996,1.501,-0.000,-0.000,0.000,12.0
898,3.675,0.996,1.500,-0.000,0.000,0.000,12.0
899,3.675,0.996,1.499,-0.000,0.000,0.000,12.0
900,3.675,0.996,1.499,-0.000,0.000,0.000,12.0
901,3.675,0.996,1.498,-0.000,0.000,0.000,12.0
902,3.675,0.996,1.497,-0.000,0.000,0.000,12.0
903,3.675,0.996,1.496,-0.000,0.000,-0.000,12.0
904,3.675,0.996,1.496,-0.000,0.000,-0.000,12.0
905,3.675,0.996,1.495,-0.000,0.000,-0.000,12.0
906,3.675,0.996,1.495,-0.000,0.000,-0.000,12.0
907,3.675,0.996,1.494,-0.000,0.000,-0.000,12.0
908,3.675,0.996,1.494,-0.000,0.000,-0.000,12.0
909,3.675,0.996,1.494,-0.000,0.000,-0.000,12.0
910,3.675,0.996,1.493,-0.000,0.000,-0.000,12.0
911,3.675,0.996,1.493,-0.000,0.000,-0.000,12.0
912,3.675,0.996,1.493,-0.000,0.000,-0.000,12.0
913,3.675,0.996,1.492,-0.000,0.000,-0.000,12.0
914,3.675,0.996,1.492,-0.000,0.000,-0.000,12.0
915,3.675,0.996,1.492,-0.000,-0.000,-0.000,12.0
916,3.675,0.996,1.492,-0.000,-0.000,-0.000,12.0
917,3.675,0.996,1.492,-0.000,-0.000,-0.000,12.0
918,3.675,0.996,1.491,-0.000,-0.000,-0.000,12.0
919,3.675,0.996,1.491,-0.000,-0.000,0.000,12.0
920,3.675,0.996,1.491,-0.000,-0.000,0.000,12.0
921,3.675,0.996,1.491,-0.000,-0.000,0.000,12.0
922,3.675,0.996,1.491,-0.000,-0.000,0.000,12.0
923,3.675,0.996,1.491,-0.000,-0.000,0.000,12.0
924,3.675,0.996,1.491,-0.000,-0.000,0.000,12.0
925,3.675,0.996,1.491,-0.000,-0.000,0.000,12.0
926,3.675,0.996,1.491,-0.000,-0.000,0.000,12.0
927,3.675,0.996,1.490,-0.000,-0.000,0.000,12.0
928,3.675,0.996,1.490,-0.000,-0.000,0.000,12.0
929,3.675,0.996,1.490,-0.000,-0.000,0.000,12.0
930,3.675,0.996,1.490,-0.000,-0.000,0.000,12.0
931,3.675,0.996,1.490,-0.000,-0.000,0.000,12.0
932,3.675,0.996,1.490,-0.000,0.000,0.000,12.0
933,3.675,0.996,1.490,-0.000,0.000,0.000,12.0
934,3.675,0.996,1.490,-0.000,0.000,0.000,12.0
935,3.675,0.996,1.490,-0.000,0.000,0.000,12.0
936,3.675,0.996,1.490,-0.000,0.000,-0.000,12.0
937,3.675,0.996,1.490,-0.000,0.000,-0.000,12.0
938,3.675,0.996,1.496,-0.000,0.000,-0.000,12.0
939,3.675,0.996,1.497,-0.000,0.000,-0.000,12.0
940,3.675,0.996,1.499,-0.000,0.000,-0.000,12.0
941,3.675,0.996,1.500,-0.000,0.000,-0.000,12.0
942,3.675,0.996,1.501,-0.000,0.000,-0.000,12.0
943,3.675,0.996,1.501,-0.000,0.000,-0.000,12.0
944,3.675,0.996,1.502,-0.000,0.000,-0.000,12.0
945,3.675,0.996,1.503,-0.000,0.000,-0.000,12.0
946,3.675,0.996,1.503,-0.000,0.000,-0.000,12.0
947,3.675,0.996,1.504,-0.000,-0.000,-0.000,12.0
948,3.675,0.996,1.505,-0.000,-0.000,-0.000,12.0
949,3.675,0.996,1.505,-0.000,-0.000,-0.000,12.0
950,3.675,0.996,1.506,-0.000,-0.000,-0.000,12.0
951,3.675,0.996,1.506,-0.000,-0.000,0.000,12.0
952,3.675,0.996,1.506,-0.000,-0.000,0.000,12.0
953,3.675,0.996,1.507,-0.000,-0.000,0.000,12.0
954,3.675,0.996,1.507,-0.000,-0.000,0.000,12.0
955,3.675,0.996,1.507,-0.000,-0.000,0.000,12.0
956,3.675,0.996,1.507,-0.000,-0.000,0.000,12.0
957,3.675,0.996,1.508,-0.000,-0.000,0.000,12.0
958,3.675,0.996,1.508,-0.000,-0.000,0.000,12.0
959,3.675,0.996,1.508,-0.000,-0.000,0.000,12.0
960,3.675,0.996,1.508,-0.000,-0.000,0.000,12.0
961,3.675,0.996,1.508,-0.000,0.000,0.000,12.0
962,3.675,0.996,1.509,-0.000,0.000,0.000,12.0
963,3.675,0.996,1.509,-0.000,0.000,0.000,12.0
964,3.675,0.996,1.509,-0.000,0.000,0.000,12.0
965,3.675,0.996,1.509,-0.000,0.000,-0.000,12.0
966,3.675,0.996,1.509,-0.000,0.000,-0.000,12.0
967,3.675,0.996,1.509,-0.000,0.000,-0.000,12.0
968,3.675,0.996,1.509,-0.000,0.000,-0.000,12.0
969,3.675,0.996,1.509,-0.000,0.000,-0.000,12.0
970,3.675,0.996,1.509,-0.000,0.000,-0.000,12.0
971,3.675,0.996,1.510,-0.000,0.000,-0.000,12.0
972,3.675,0.996,1.510,-0.000,0.000,-0.000,12.0
973,3.675,0.996,1.510,-0.000,0.000,-0.000,12.0
974,3.675,0.996,1.510,-0.000,0.000,-0.000,12.0
975,3.675,0.996,1.510,-0.000,-0.000,-0.000,12.0
976,3.675,0.996,1.510,-0.000,-0.000,-0.000,12.0
977,3.675,0.996,1.510,-0.000,-0.000,-0.000,12.0
978,3.675,0.996,1.510,-0.000,-0.000,-0.000,12.0
979,3.675,0.996,1.510,-0.000,-0.000,-0.000,12.0
980,3.675,0.996,1.510,-0.000,-0.000,0.000,12.0
981,3.675,0.996,1.510,-0.000,-0.000,0.000,12.0
982,3.675,0.996,1.510,-0.000,-0.000,0.000,12.0
983,3.675,0.996,1.510,-0.000,-0.000,0.000,12.0
984,3.675,0.996,1.510,-0.000,-0.000,0.000,12.0
985,3.675,0.996,1.510,-0.000,-0.000,0.000,12.0
986,3.675,0.996,1.504,-0.000,-0.000,0.000,12.0
987,3.675,0.996,1.503,-0.000,-0.000,0.000,12.0
988,3.675,0.996,1.501,-0.000,0.000,0.000,12.0
989,3.675,0.996,1.500,-0.000,0.000,0.000,12.0
990,3.675,0.996,1.499,-0.000,0.000,0.000,12.0
991,3.675,0.996,1.499,-0.000,0.000,0.000,12.0
992,3.675,0.996,1.498,-0.000,0.000,0.000,12.0
993,3.675,0.996,1.497,-0.000,0.000,0.000,12.0
994,3.675,0.996,1.496,-0.000,0.000,-0.000,12.0
995,3.675,0.996,1.496,-0.000,0.000,-0.000,12.0
996,3.675,0.996,1.495,-0.000,0.000,-0.000,12.0
997,3.675,0.996,1.495,-0.000,0.000,-0.000,12.0
998,3.675,0.996,1.494,-0.000,0.000,-0.000,12.0
999,3.675,0.996,1.494,-0.000,0.000,-0.000,12.0
1000,3.675,0.996,1.494,-0.000,0.000,-0.000,12.0
