1,6.800,0.000,0.000,0.000,0.000,0.000,1
2,6.800,0.000,0.260,0.000,0.000,0.000,1
3,6.800,0.000,1.065,0.000,0.000,0.000,1
4,6.800,0.000,2.153,0.000,0.000,0.000,1
5,6.800,0.000,3.178,0.000,0.000,0.000,1
6,6.800,0.000,4.032,0.000,0.000,0.000,1
7,6.800,0.000,4.714,0.000,0.000,0.000,1
8,6.800,0.000,5.222,0.000,0.000,0.000,1
9,6.800,0.000,5.557,0.000,0.000,0.000,1
10,6.800,0.000,5.719,0.000,0.000,0.000,1
11,6.800,0.000,5.709,0.000,0.000,0.000,1
12,6.800,0.000,5.575,0.000,0.000,0.000,1
13,6.800,0.000,5.408,0.000,0.000,0.000,1
14,6.800,0.000,5.256,0.000,0.000,0.000,1
15,6.800,0.000,5.141,0.000,0.000,0.000,1
16,6.800,0.000,5.063,0.000,0.000,0.000,1
17,6.800,0.000,5.016,0.000,0.000,0.000,1
18,6.800,0.000,4.992,0.000,0.000,0.000,1
19,6.800,0.000,4.978,0.000,0.000,0.000,1
20,6.800,0.000,4.979,0.000,0.000,0.000,1
21,6.800,0.000,4.984,0.000,0.000,0.000,1
22,6.800,0.000,4.989,0.000,0.000,0.000,1
23,6.800,0.000,4.993,0.000,0.000,0.000,1
24,6.800,0.000,4.992,0.000,0.000,0.000,1
25,6.800,0.000,4.991,0.000,0.000,0.000,1
26,6.800,0.000,4.990,0.000,0.000,0.000,1
27,6.800,0.000,4.989,0.000,0.000,0.000,1
28,6.800,0.000,4.995,0.000,0.000,0.000,1
29,6.800,0.000,4.996,0.000,0.000,0.000,1
30,6.800,0.000,4.996,-0.000,-0.219,-0.000,1
31,6.799,0.000,4.997,-0.000,-0.143,-0.000,1
32,6.798,0.000,4.997,-0.000,-0.015,-0.000,1
33,6.797,0.000,4.998,-0.000,-0.132,0.000,1
34,6.795,0.000,4.998,-0.000,-0.225,0.000,1
35,6.792,0.000,4.998,-0.000,-0.243,0.000,1
36,6.789,0.000,4.999,-0.000,-0.197,0.000,1
37,6.785,0.000,4.999,-0.000,-0.117,0.000,1
38,6.781,0.000,4.999,-0.000,-0.033,0.000,1
39,6.776,0.000,5.000,-0.000,0.030,-0.000,1
40,6.772,0.000,5.000,-0.000,0.059,0.000,1
41,6.767,0.000,5.000,-0.000,0.057,0.000,1
42,6.763,0.000,5.000,-0.000,0.035,0.000,1
43,6.759,0.000,5.000,-0.000,0.005,0.000,1
44,6.755,0.000,5.001,-0.000,-0.020,0.000,1
45,6.751,0.000,5.001,-0.000,-0.034,-0.000,1
46,6.747,0.000,5.001,-0.000,0.174,-0.000,1
47,6.743,0.000,5.001,-0.000,0.319,-0.000,1
48,6.741,0.000,5.001,-0.000,0.140,0.000,1
49,6.738,0.000,5.001,-0.000,-0.065,0.000,1
50,6.736,0.000,5.002,-0.000,-0.201,0.000,1
51,6.733,0.000,5.002,-0.000,-0.243,0.000,1
52,6.730,0.000,5.002,-0.000,0.006,0.000,1
53,6.726,0.000,5.002,-0.000,0.232,-0.000,1
54,6.723,0.000,5.002,-0.000,0.132,-0.000,1
55,6.720,0.000,5.002,-0.000,0.422,-0.000,1
56,6.719,0.000,5.002,-0.000,0.595,-0.000,1
57,6.720,0.000,5.002,-0.000,0.221,0.000,43
58,6.721,0.000,5.002,-0.000,-0.253,0.000,43
59,6.722,0.000,5.002,-0.000,-0.112,0.000,43
60,6.723,0.000,5.002,-0.000,0.110,-0.000,43
61,6.724,0.000,5.003,-0.000,-0.090,-0.000,43
62,6.724,0.000,5.003,-0.000,-0.268,0.000,43
63,6.724,0.000,5.003,-0.000,-0.332,0.000,43
64,6.722,0.000,5.003,-0.000,-0.291,0.000,43
65,6.720,0.000,5.003,-0.000,-0.183,0.000,43
66,6.717,0.000,5.003,-0.000,-0.056,0.000,43
67,6.713,0.000,5.003,-0.000,0.047,0.000,43
68,6.710,0.000,5.003,-0.000,0.104,-0.000,43
69,6.707,0.000,5.003,-0.000,0.111,-0.000,43
70,6.705,0.000,5.003,-0.000,0.081,-0.000,43
71,6.702,0.000,5.003,-0.000,0.035,-0.000,43
72,6.700,0.000,5.003,-0.000,-0.009,-0.000,43
73,6.698,0.000,5.003,-0.000,-0.037,0.000,43
74,6.696,0.000,5.003,-0.000,-0.044,0.000,43
75,6.694,0.000,5.003,-0.000,-0.034,0.000,43
76,6.691,0.000,5.003,-0.000,-0.014,0.000,43
77,6.688,0.000,5.003,-0.000,0.007,0.000,43
78,6.686,0.000,5.003,-0.000,0.022,-0.000,43
79,6.683,0.000,5.003,-0.000,0.029,-0.000,43
80,6.681,0.000,5.003,-0.000,0.028,-0.000,43
81,6.678,0.000,5.003,-0.000,0.021,-0.000,43
82,6.676,0.000,5.003,-0.000,0.013,-0.000,43
83,6.674,0.000,5.003,-0.000,0.005,-0.000,43
84,6.672,0.000,5.003,-0.000,0.001,-0.000,43
85,6.670,0.000,5.003,-0.000,0.001,-0.000,43
86,6.667,0.000,5.003,-0.000,0.003,-0.000,43
87,6.665,0.000,5.003,-0.000,0.006,-0.000,43
88,6.663,0.000,5.003,-0.000,0.010,-0.000,43
89,6.661,0.000,5.003,-0.000,0.012,-0.000,43
90,6.659,0.000,5.003,-0.000,0.013,-0.000,43
91,6.657,0.000,5.003,-0.000,0.012,-0.000,43
92,6.655,0.000,5.003,-0.000,0.011,-0.000,43
93,6.653,0.000,5.003,-0.000,0.009,-0.000,43
94,6.651,0.000,5.003,-0.000,0.008,-0.000,43
95,6.649,0.000,5.003,-0.000,0.007,-0.000,43
96,6.647,0.000,5.003,-0.000,0.007,-0.000,43
97,6.645,0.000,5.003,-0.000,0.007,-0.000,43
98,6.643,0.000,5.003,-0.000,0.008,-0.000,43
99,6.641,0.000,5.003,-0.000,0.008,-0.000,43
100,6.639,0.000,5.003,-0.000,0.009,-0.000,43
101,6.637,0.000,5.003,-0.000,0.008,-0.000,43
102,6.636,0.000,5.003,-0.000,0.008,-0.000,43
103,6.634,0.000,5.003,-0.000,0.008,-0.000,43
104,6.632,0.000,5.003,-0.000,0.008,-0.000,43
105,6.630,0.000,5.003,-0.000,0.007,-0.000,43
106,6.629,0.000,5.003,-0.000,0.007,-0.000,43
107,6.627,0.000,5.003,-0.000,0.007,-0.000,43
108,6.625,0.000,5.003,-0.000,0.007,-0.000,43
109,6.624,0.000,5.003,-0.000,0.007,-0.000,43
110,6.622,0.000,5.003,-0.000,0.007,-0.000,43
111,6.620,0.000,5.003,-0.000,0.007,-0.000,43
112,6.619,0.000,5.003,-0.000,0.007,-0.000,43
113,6.617,0.000,5.003,-0.000,0.007,-0.000,43
114,6.616,0.000,5.003,-0.000,0.007,-0.000,43
115,6.614,0.000,5.003,-0.000,0.007,-0.000,43
116,6.613,0.000,5.003,-0.000,0.006,-0.000,43
117,6.611,0.000,5.003,-0.000,0.006,-0.000,43
118,6.610,0.000,5.003,-0.000,0.006,-0.000,43
119,6.608,0.000,5.003,-0.000,0.006,-0.000,43
120,6.607,0.000,5.003,-0.000,0.006,-0.000,43
121,6.606,0.000,5.003,-0.000,0.006,-0.000,43
122,6.604,0.000,5.003,-0.000,0.006,-0.000,43
123,6.603,0.000,5.003,-0.000,0.006,-0.000,43
124,6.601,0.000,5.003,-0.000,0.006,-0.000,43
125,6.600,0.000,5.003,-0.000,0.006,-0.000,43
126,6.599,0.000,5.003,-0.000,0.006,-0.000,43
127,6.598,0.000,5.003,-0.000,0.006,-0.000,43
128,6.596,0.000,5.003,-0.000,0.005,-0.000,43
129,6.595,0.000,5.003,-0.000,0.005,-0.000,43
130,6.594,0.000,5.003,-0.000,0.005,-0.000,43
131,6.592,0.000,5.003,-0.000,0.005,-0.000,43
132,6.591,0.000,5.003,-0.000,0.005,-0.000,43
133,6.590,0.000,5.003,-0.000,0.005,-0.000,43
134,6.589,0.000,5.003,-0.000,0.005,-0.000,43
135,6.588,0.000,5.003,-0.000,0.005,-0.000,43
136,6.587,0.000,5.003,-0.000,0.005,-0.000,43
137,6.585,0.000,5.003,-0.000,0.005,-0.000,43
138,6.584,0.000,5.003,-0.000,0.005,-0.000,43
139,6.583,0.000,5.003,-0.000,0.005,-0.000,43
140,6.582,0.000,5.003,-0.000,0.005,-0.000,43
141,6.581,0.000,5.003,-0.000,0.005,-0.000,43
142,6.580,0.000,5.003,-0.000,0.005,-0.000,43
143,6.579,0.000,5.003,-0.000,0.005,-0.000,43
144,6.578,0.000,5.003,-0.000,0.004,-0.000,43
145,6.577,0.000,5.003,-0.000,0.004,-0.000,43
146,6.576,0.000,5.003,-0.000,0.004,-0.000,43
147,6.575,0.000,5.003,-0.000,0.004,-0.000,43
148,6.574,0.000,5.003,-0.000,0.004,-0.000,43
149,6.573,0.000,5.003,-0.000,0.004,-0.000,43
150,6.572,0.000,5.003,-0.000,0.004,-0.000,43
151,6.571,0.000,5.003,-0.000,0.004,-0.000,43
152,6.570,0.000,5.003,-0.000,0.004,-0.000,43
153,6.569,0.000,5.003,-0.000,0.004,-0.000,43
154,6.568,0.000,5.003,-0.000,0.004,-0.000,43
155,6.567,0.000,5.003,-0.000,0.004,-0.000,43
156,6.567,0.000,5.003,-0.000,0.004,-0.000,43
157,6.566,0.000,5.003,-0.000,0.004,-0.000,43
158,6.565,0.000,5.003,-0.000,0.004,-0.000,43
159,6.564,0.000,5.003,-0.000,0.004,-0.000,43
160,6.563,0.000,5.003,-0.000,0.004,-0.000,43
161,6.562,0.000,5.003,-0.000,0.004,-0.000,43
162,6.561,0.000,5.003,-0.000,0.004,-0.000,43
163,6.561,0.000,5.003,-0.000,0.003,-0.000,43
164,6.560,0.000,5.003,-0.000,0.003,-0.000,43
165,6.559,0.000,5.003,-0.000,0.003,-0.000,43
166,6.558,0.000,5.003,-0.000,0.003,-0.000,43
167,6.558,0.000,5.003,-0.000,0.003,-0.000,43
168,6.557,0.000,5.003,-0.000,0.003,-0.000,43
169,6.556,0.000,5.003,-0.000,0.003,-0.000,43
170,6.555,0.000,5.003,-0.000,0.003,-0.000,43
171,6.555,0.000,5.003,-0.000,0.003,-0.000,43
172,6.554,0.000,5.003,-0.000,0.003,-0.000,43
173,6.553,0.000,5.003,-0.000,0.003,-0.000,43
174,6.552,0.000,5.003,-0.000,0.003,-0.000,43
175,6.552,0.000,5.003,-0.000,0.003,-0.000,43
176,6.551,0.000,5.003,-0.000,0.003,-0.000,43
177,6.550,0.000,5.003,-0.000,0.003,-0.000,43
178,6.550,0.000,5.003,-0.000,0.003,-0.000,43
179,6.549,0.000,5.003,-0.000,0.003,-0.000,43
180,6.549,0.000,5.003,-0.000,0.003,-0.000,43
181,6.548,0.000,5.003,-0.000,0.003,-0.000,43
182,6.547,0.000,5.003,-0.000,0.003,-0.000,43
183,6.547,0.000,5.003,-0.000,0.003,-0.000,43
184,6.546,0.000,5.003,-0.000,0.003,-0.000,43
185,6.545,0.000,5.003,-0.000,0.003,-0.000,43
186,6.545,0.000,5.003,-0.000,0.003,-0.000,43
187,6.544,0.000,5.003,-0.000,0.003,-0.000,43
188,6.544,0.000,5.003,-0.000,0.002,-0.000,43
189,6.543,0.000,5.003,0.000,0.002,-0.000,43
190,6.543,0.000,5.003,0.000,0.002,-0.000,43
191,6.542,0.000,5.003,0.000,0.002,-0.000,43
192,6.541,0.000,5.003,0.000,0.002,-0.000,43
193,6.541,0.000,5.003,0.000,0.002,-0.000,43
194,6.540,0.000,5.003,0.000,0.002,-0.000,43
195,6.540,0.000,5.003,0.000,0.002,-0.000,43
196,6.539,0.000,5.003,0.000,0.002,-0.000,43
197,6.539,0.000,5.003,0.000,0.002,-0.000,43
198,6.538,0.000,5.003,0.000,0.002,-0.000,43
199,6.538,0.000,5.003,0.000,0.002,-0.000,43
200,6.537,0.000,5.003,0.000,0.002,-0.000,43
201,6.537,0.000,5.003,0.000,0.002,-0.000,43
202,6.536,0.000,5.003,0.000,0.002,-0.000,43
203,6.536,0.000,5.003,0.000,0.002,-0.000,43
204,6.535,0.000,5.003,0.000,0.002,-0.000,43
205,6.535,0.000,5.003,0.000,0.002,-0.000,43
206,6.534,0.000,5.003,0.000,0.002,-0.000,43
207,6.534,0.000,5.003,0.000,0.002,-0.000,43
208,6.534,0.000,5.003,0.000,0.002,-0.000,43
209,6.533,0.000,5.003,0.000,0.002,-0.000,43
210,6.533,0.000,5.003,0.000,0.002,-0.000,43
211,6.532,0.000,5.003,0.000,0.002,-0.000,43
212,6.532,0.000,5.003,0.000,0.002,-0.000,43
213,6.531,0.000,5.003,0.000,0.002,-0.000,43
214,6.531,0.000,5.003,0.000,0.002,-0.000,43
215,6.531,0.000,5.003,0.000,0.002,-0.000,43
216,6.530,0.000,5.003,0.000,0.002,-0.000,43
217,6.530,0.000,5.003,0.000,0.002,-0.000,43
218,6.529,0.000,5.003,0.000,0.002,-0.000,43
219,6.529,0.000,5.003,0.000,0.002,-0.000,43
220,6.529,0.000,5.003,0.000,0.002,-0.000,43
221,6.528,0.000,5.003,0.000,0.002,-0.000,43
222,6.528,0.000,5.003,0.000,0.002,-0.000,43
223,6.528,0.000,5.003,0.000,0.002,-0.000,43
224,6.527,0.000,5.003,0.000,0.002,-0.000,43
225,6.527,0.000,5.003,0.000,0.002,-0.000,43
226,6.526,0.000,5.003,0.000,0.002,-0.000,43
227,6.526,0.000,5.003,0.000,0.001,-0.000,43
228,6.526,0.000,5.003,0.000,0.001,-0.000,43
229,6.525,0.000,5.003,0.000,0.001,-0.000,43
230,6.525,0.000,5.003,0.000,0.001,-0.000,43
231,6.525,0.000,5.003,0.000,0.001,-0.000,43
232,6.524,0.000,5.003,0.000,0.001,-0.000,43
233,6.524,0.000,5.003,0.000,0.001,-0.000,43
234,6.524,0.000,5.003,0.000,0.001,-0.000,43
235,6.523,0.000,5.003,0.000,0.001,-0.000,43
236,6.523,0.000,5.003,0.000,0.001,-0.000,43
237,6.523,0.000,5.003,0.000,0.001,-0.000,43
238,6.523,0.000,5.003,0.000,0.001,-0.000,43
239,6.522,0.000,5.003,0.000,0.001,-0.000,43
240,6.522,0.000,5.003,0.000,0.001,-0.000,43
241,6.522,0.000,5.003,0.000,0.001,-0.000,43
242,6.521,0.000,5.003,0.000,0.001,-0.000,43
243,6.521,0.000,5.003,0.000,0.001,-0.000,43
244,6.521,0.000,5.003,0.000,0.001,-0.000,43
245,6.521,0.000,5.003,0.000,0.001,-0.000,43
246,6.520,0.000,5.003,0.000,0.001,-0.000,43
247,6.520,0.000,5.003,0.000,0.001,-0.000,43
248,6.520,0.000,5.003,0.000,0.001,-0.000,43
249,6.520,0.000,5.003,0.000,0.001,-0.000,43
250,6.519,0.000,5.003,0.000,0.001,-0.000,43
251,6.519,0.000,5.003,0.000,0.001,-0.000,43
252,6.519,0.000,5.003,0.000,0.001,-0.000,43
253,6.519,0.000,5.003,0.000,0.001,-0.000,43
254,6.518,0.000,5.003,0.000,0.001,-0.000,43
255,6.518,0.000,5.003,0.000,0.001,-0.000,43
256,6.518,0.000,5.003,0.000,0.001,-0.000,43
257,6.518,0.000,5.003,0.000,0.001,-0.000,43
258,6.517,0.000,5.003,0.000,0.001,-0.000,43
259,6.517,0.000,5.003,0.000,0.001,-0.000,43
260,6.517,0.000,5.003,0.000,0.001,-0.000,43
261,6.517,0.000,5.003,0.000,0.001,-0.000,43
262,6.516,0.000,5.003,0.000,0.001,-0.000,43
263,6.516,0.000,5.003,0.000,0.001,-0.000,43
264,6.516,0.000,5.003,0.000,0.001,-0.000,43
265,6.516,0.000,5.003,0.000,0.001,-0.000,43
266,6.516,0.000,5.003,0.000,0.001,-0.000,43
267,6.515,0.000,5.003,0.000,0.001,-0.000,43
268,6.515,0.000,5.003,0.000,0.001,-0.000,43
269,6.515,0.000,5.003,0.000,0.229,-0.000,43
270,6.516,0.000,5.003,0.000,0.378,-0.000,43
271,6.517,0.000,5.003,0.000,0.394,-0.000,43
272,6.520,0.000,5.003,0.000,-0.134,-0.000,43
273,6.523,0.000,5.003,0.000,-0.563,-0.000,43
274,6.524,0.000,5.003,0.000,-0.519,-0.219,43
275,6.524,0.001,5.003,0.000,-0.305,-0.361,43
276,6.522,0.003,5.003,0.000,-0.055,-0.377,43
277,6.520,0.006,5.003,0.000,0.148,-0.072,43
278,6.518,0.009,5.003,0.000,0.250,0.208,43
279,6.517,0.012,5.003,-0.000,0.236,0.363,43
280,6.517,0.014,5.003,-0.000,0.152,0.375,43
281,6.517,0.014,5.003,-0.000,0.044,0.278,43
282,6.518,0.014,5.003,-0.000,-0.048,0.130,43
283,6.519,0.013,5.003,-0.000,-0.100,-0.012,43
284,6.519,0.012,5.003,-0.000,-0.107,-0.106,43
285,6.519,0.011,5.003,-0.000,-0.080,-0.139,43
286,6.518,0.011,5.003,-0.000,-0.036,-0.117,43
287,6.518,0.011,5.003,-0.000,0.007,-0.064,43
288,6.517,0.011,5.003,-0.000,0.036,-0.004,43
289,6.517,0.012,5.003,-0.000,0.046,0.042,43
290,6.516,0.012,5.003,-0.000,0.040,0.063,43
291,6.516,0.012,5.003,-0.000,0.023,0.060,43
292,6.516,0.012,5.003,-0.000,0.004,0.040,43
293,6.516,0.012,5.003,-0.000,-0.011,0.014,43
294,6.516,0.011,5.003,-0.000,-0.018,-0.009,43
295,6.516,0.011,5.003,-0.000,-0.017,-0.023,43
296,6.516,0.011,5.003,-0.000,-0.011,-0.025,43
297,6.515,0.011,5.003,-0.000,-0.003,-0.020,43
298,6.515,0.010,5.003,-0.000,0.004,-0.009,43
299,6.515,0.010,5.003,-0.000,0.008,0.001,43
300,6.515,0.010,5.003,-0.000,0.009,0.008,43
301,6.514,0.010,5.003,-0.000,0.007,0.011,43
302,6.514,0.010,5.003,-0.000,0.004,0.009,43
303,6.514,0.010,5.004,-0.000,0.001,0.005,43
304,6.514,0.010,5.004,-0.000,-0.002,0.001,43
305,6.514,0.010,5.004,-0.000,-0.003,-0.003,43
306,6.514,0.010,5.004,-0.000,-0.002,-0.005,43
307,6.513,0.009,5.004,-0.000,-0.001,-0.005,43
308,6.513,0.009,5.004,-0.000,0.000,-0.003,43
309,6.513,0.009,5.004,-0.000,0.001,-0.002,43
310,6.513,0.009,5.004,-0.000,0.002,0.000,43
311,6.513,0.009,5.004,-0.000,0.002,0.001,43
312,6.512,0.009,5.004,-0.000,0.002,0.001,43
313,6.512,0.009,5.004,-0.000,0.001,0.001,43
314,6.512,0.009,5.004,-0.000,0.001,0.000,43
315,6.512,0.009,5.004,-0.000,0.000,-0.000,43
316,6.512,0.008,5.004,-0.000,0.000,-0.001,43
317,6.512,0.008,5.004,-0.000,0.000,-0.001,43
318,6.512,0.008,5.004,-0.000,0.000,-0.001,43
319,6.511,0.008,5.004,-0.000,0.001,-0.001,43
320,6.511,0.008,5.004,-0.000,0.001,-0.001,43
321,6.511,0.008,5.004,-0.000,0.001,-0.000,43
322,6.511,0.008,5.004,-0.000,0.001,-0.000,43
323,6.511,0.008,5.004,-0.000,0.001,-0.000,43
324,6.511,0.008,5.004,-0.000,0.001,-0.000,43
325,6.511,0.007,5.004,-0.000,0.001,-0.000,43
326,6.510,0.007,5.004,-0.000,0.000,-0.000,43
327,6.510,0.007,5.004,-0.000,0.000,-0.001,43
328,6.510,0.007,5.004,-0.000,0.001,-0.001,43
329,6.510,0.007,5.004,-0.000,0.001,-0.001,43
330,6.510,0.007,5.004,-0.000,0.001,-0.000,43
331,6.510,0.007,5.004,-0.000,0.001,-0.000,43
332,6.510,0.007,5.004,-0.000,0.001,-0.000,43
333,6.509,0.007,5.004,-0.000,0.001,-0.000,43
334,6.509,0.007,5.004,-0.000,0.001,-0.000,43
335,6.509,0.007,5.004,-0.000,0.001,-0.000,43
336,6.509,0.006,5.004,-0.000,0.001,-0.000,43
337,6.509,0.006,5.004,-0.000,0.000,-0.000,43
338,6.509,0.006,5.004,-0.000,0.000,-0.000,43
339,6.509,0.006,5.004,-0.000,0.000,-0.000,43
340,6.509,0.006,5.004,-0.000,0.000,-0.000,43
341,6.509,0.006,5.004,-0.000,0.000,-0.000,43
342,6.508,0.006,5.004,-0.000,0.000,-0.000,43
343,6.508,0.006,5.004,-0.000,0.000,-0.000,43
344,6.508,0.006,5.004,-0.000,0.000,-0.000,43
345,6.508,0.006,5.004,-0.000,0.000,-0.000,43
346,6.508,0.006,5.004,-0.000,0.006,-0.004,43
347,6.508,0.006,5.004,-0.000,0.009,-0.006,43
348,6.508,0.006,5.004,-0.000,0.009,-0.006,43
349,6.508,0.006,5.004,-0.000,0.007,-0.005,43
350,6.508,0.006,5.004,-0.000,0.004,-0.003,43
351,6.508,0.006,5.004,-0.000,0.000,-0.000,43
352,6.508,0.006,5.004,-0.000,-0.002,0.001,43
353,6.508,0.006,5.004,-0.000,-0.003,0.002,43
354,6.508,0.006,5.004,-0.000,-0.002,0.002,43
355,6.508,0.006,5.004,-0.000,-0.001,0.001,43
356,6.508,0.006,5.004,-0.000,0.000,-0.000,43
357,6.508,0.006,5.004,-0.000,0.001,-0.001,43
358,6.508,0.006,5.004,-0.000,0.001,-0.001,43
359,6.508,0.006,5.004,-0.000,0.001,-0.001,43
360,6.508,0.006,5.004,-0.000,0.001,-0.001,43
361,6.508,0.006,5.004,-0.000,0.000,-0.000,43
362,6.508,0.006,5.004,-0.000,-0.000,0.000,43
363,6.508,0.006,5.004,-0.000,-0.000,0.000,43
364,6.508,0.006,5.004,-0.000,-0.000,0.000,43
365,6.508,0.006,5.004,-0.000,-0.000,0.000,43
366,6.508,0.006,5.004,-0.000,-0.000,0.000,43
367,6.508,0.006,5.004,-0.000,0.000,-0.000,43
368,6.508,0.006,5.004,-0.000,0.000,-0.000,43
369,6.508,0.006,5.004,-0.000,0.000,-0.000,43
370,6.508,0.006,5.004,-0.000,0.000,-0.000,43
371,6.508,0.006,5.004,-0.000,0.000,-0.000,43
372,6.508,0.006,5.004,-0.000,0.000,-0.000,43
373,6.508,0.006,5.004,-0.000,-0.000,0.000,43
374,6.508,0.006,5.004,-0.000,-0.000,0.000,43
375,6.508,0.006,5.004,-0.000,-0.000,0.000,43
376,6.508,0.006,5.004,-0.000,-0.000,0.000,43
377,6.508,0.006,5.004,-0.000,-0.000,0.000,43
378,6.508,0.006,5.004,-0.000,0.000,-0.000,43
379,6.508,0.006,5.004,-0.000,0.000,-0.000,43
380,6.508,0.006,5.004,-0.000,0.000,-0.000,43
381,6.508,0.006,5.004,-0.000,0.000,-0.000,43
382,6.508,0.006,5.004,-0.000,0.000,-0.000,43
383,6.508,0.006,5.004,-0.000,-0.000,0.000,43
384,6.508,0.006,5.004,-0.000,-0.000,0.000,43
385,6.508,0.006,5.004,-0.000,-0.000,0.000,43
386,6.508,0.006,5.004,-0.000,-0.000,0.000,43
387,6.508,0.006,5.004,-0.000,-0.000,0.000,43
388,6.508,0.006,5.004,-0.000,-0.000,0.000,43
389,6.508,0.006,5.004,-0.000,0.000,-0.000,43
390,6.508,0.006,5.004,-0.000,0.000,-0.000,43
391,6.508,0.006,5.004,-0.000,0.000,-0.000,43
392,6.508,0.006,5.004,-0.000,0.000,-0.000,43
393,6.508,0.006,5.004,-0.000,0.000,-0.000,43
394,6.508,0.006,5.004,-0.000,-0.000,0.000,43
395,6.508,0.006,5.004,-0.000,-0.000,0.000,43
396,6.508,0.006,5.004,-0.000,-0.000,0.000,43
397,6.508,0.006,5.004,-0.000,-0.000,0.000,43
398,6.508,0.006,5.004,-0.000,-0.000,0.000,43
399,6.508,0.006,5.004,-0.000,0.000,-0.000,43
400,6.508,0.006,5.004,-0.000,0.000,-0.000,43
401,6.508,0.006,5.004,-0.000,0.000,-0.000,43
402,6.508,0.006,5.004,-0.000,0.000,-0.000,43
403,6.508,0.006,5.004,-0.000,0.000,-0.000,43
404,6.508,0.006,5.004,-0.000,0.000,-0.000,43
405,6.508,0.006,5.004,-0.000,-0.000,0.000,43
406,6.508,0.006,5.004,-0.000,-0.000,0.000,43
407,6.508,0.006,5.004,-0.000,-0.000,0.000,43
408,6.508,0.006,5.004,-0.000,-0.000,0.000,43
409,6.508,0.006,5.004,-0.000,-0.000,0.000,43
410,6.508,0.006,5.004,-0.000,0.000,-0.000,43
411,6.508,0.006,5.004,-0.000,0.000,-0.000,43
412,6.508,0.006,5.004,-0.000,0.000,-0.000,43
413,6.508,0.006,5.004,-0.000,0.000,-0.000,43
414,6.508,0.006,5.004,-0.000,0.000,-0.000,43
415,6.508,0.006,5.004,-0.000,-0.000,0.000,43
416,6.508,0.006,5.004,-0.000,-0.000,0.000,43
417,6.508,0.006,5.004,-0.000,-0.000,0.000,43
418,6.508,0.006,5.004,-0.000,-0.000,0.000,43
419,6.508,0.006,5.004,-0.000,-0.000,0.000,43
420,6.508,0.006,5.004,-0.000,-0.000,0.000,43
421,6.508,0.006,5.004,-0.000,0.000,-0.000,43
422,6.508,0.006,5.004,-0.000,0.000,-0.000,43
423,6.508,0.006,5.004,-0.000,0.000,-0.000,43
424,6.508,0.006,5.004,-0.000,0.000,-0.000,43
425,6.508,0.006,5.004,-0.000,0.000,-0.000,43
426,6.508,0.006,5.004,-0.000,-0.000,0.000,43
427,6.508,0.006,5.004,-0.000,-0.000,0.000,43
428,6.508,0.006,5.004,-0.000,-0.000,0.000,43
429,6.508,0.006,5.004,-0.000,-0.000,0.000,43
430,6.508,0.006,5.004,-0.000,-0.000,0.000,43
431,6.508,0.006,5.004,-0.000,0.000,-0.000,43
432,6.508,0.006,5.004,-0.000,0.000,-0.000,43
433,6.508,0.006,5.004,-0.000,0.000,-0.000,43
434,6.508,0.006,5.004,-0.000,0.000,-0.000,43
435,6.508,0.006,5.004,-0.000,0.000,-0.000,43
436,6.508,0.006,5.004,-0.000,0.000,-0.000,43
437,6.508,0.006,5.004,-0.000,-0.000,0.000,43
438,6.508,0.006,5.004,-0.000,-0.000,0.000,43
439,6.508,0.006,5.004,-0.000,-0.000,0.000,43
440,6.508,0.006,5.004,-0.000,-0.000,0.000,43
441,6.508,0.006,5.004,-0.000,-0.000,0.000,43
442,6.508,0.006,5.004,-0.000,0.000,-0.000,43
443,6.508,0.006,5.004,-0.000,0.000,-0.000,43
444,6.508,0.006,5.004,-0.000,0.000,-0.000,43
445,6.508,0.006,5.004,-0.000,0.000,-0.000,43
446,6.508,0.006,5.004,-0.000,0.000,-0.000,43
447,6.508,0.006,5.004,-0.000,-0.000,0.000,43
448,6.508,0.006,5.004,-0.000,-0.000,0.000,43
449,6.508,0.006,5.004,-0.000,-0.000,0.000,43
450,6.508,0.006,5.004,-0.000,-0.000,0.000,43
451,6.508,0.006,5.004,-0.000,-0.000,0.000,43
452,6.508,0.006,5.004,-0.000,-0.000,0.000,43
453,6.508,0.006,5.004,-0.000,0.000,-0.000,43
454,6.508,0.006,5.004,-0.000,0.000,-0.000,43
455,6.508,0.006,5.004,-0.000,0.000,-0.000,43
456,6.508,0.006,5.004,-0.000,0.000,-0.000,43
457,6.508,0.006,5.004,-0.000,0.000,-0.000,43
458,6.508,0.006,5.004,-0.000,-0.000,0.000,43
459,6.508,0.006,5.004,-0.000,-0.000,0.000,43
460,6.508,0.006,5.004,-0.000,-0.000,0.000,43
461,6.508,0.006,5.004,-0.000,-0.000,0.000,43
462,6.508,0.006,5.004,-0.000,-0.000,0.000,43
463,6.508,0.006,5.004,-0.000,0.000,-0.000,43
464,6.508,0.006,5.004,-0.000,0.000,-0.000,43
465,6.508,0.006,5.004,-0.000,0.000,-0.000,43
466,6.508,0.006,5.004,-0.000,0.000,-0.000,43
467,6.508,0.006,5.004,-0.000,0.000,-0.000,43
468,6.508,0.006,5.004,-0.000,0.000,-0.000,43
469,6.508,0.006,5.004,-0.000,-0.000,0.000,43
470,6.508,0.006,5.004,-0.000,-0.000,0.000,43
471,6.508,0.006,5.004,-0.000,-0.000,0.000,43
472,6.508,0.006,5.004,-0.000,-0.000,0.000,43
473,6.508,0.006,5.004,-0.000,-0.000,0.000,43
474,6.508,0.006,5.004,-0.000,0.000,-0.000,43
475,6.508,0.006,5.004,-0.000,0.000,-0.000,43
476,6.508,0.006,5.004,-0.000,0.000,-0.000,43
477,6.508,0.006,5.004,-0.000,0.000,-0.000,43
478,6.508,0.006,5.004,-0.000,0.000,-0.000,43
479,6.508,0.006,5.004,-0.000,-0.000,0.000,43
480,6.508,0.006,5.004,-0.000,-0.000,0.000,43
481,6.508,0.006,5.004,-0.000,-0.000,0.000,43
482,6.508,0.006,5.004,-0.000,-0.000,0.000,43
483,6.508,0.006,5.004,-0.000,-0.000,0.000,43
484,6.508,0.006,5.004,-0.000,-0.000,0.000,43
485,6.508,0.006,5.004,-0.000,0.000,-0.000,43
486,6.508,0.006,5.004,-0.000,0.000,-0.000,43
487,6.508,0.006,5.004,-0.000,0.000,-0.000,43
488,6.508,0.006,5.004,-0.000,0.000,-0.000,43
489,6.508,0.006,5.004,-0.000,0.000,-0.000,43
490,6.508,0.006,5.004,-0.000,-0.000,0.000,43
491,6.508,0.006,5.004,-0.000,-0.000,0.000,43
492,6.508,0.006,5.004,-0.000,-0.000,0.000,43
493,6.508,0.006,5.004,-0.000,-0.000,0.000,43
494,6.508,0.006,5.004,-0.000,-0.000,0.000,43
495,6.508,0.006,5.004,-0.000,-0.000,-0.000,43
496,6.508,0.006,5.004,-0.000,0.000,-0.000,43
497,6.508,0.006,5.004,-0.000,0.000,-0.000,43
498,6.508,0.006,5.004,-0.000,0.000,-0.000,43
499,6.508,0.006,5.004,-0.000,0.000,-0.000,43
500,6.508,0.006,5.004,-0.000,0.000,-0.000,43
501,6.508,0.006,5.004,-0.000,-0.000,0.000,43
502,6.508,0.006,5.004,-0.000,-0.000,0.000,43
503,6.508,0.006,5.004,-0.000,-0.000,0.000,43
504,6.508,0.006,5.004,-0.000,-0.000,0.000,43
505,6.508,0.006,5.004,-0.000,-0.000,0.000,43
506,6.508,0.006,5.004,-0.000,-0.000,0.000,43
507,6.508,0.006,5.004,-0.000,0.000,0.000,43
508,6.508,0.006,5.004,-0.000,0.000,-0.000,43
509,6.508,0.006,5.004,-0.000,0.000,-0.000,43
510,6.508,0.006,5.004,-0.000,0.000,-0.000,43
511,6.508,0.006,5.004,-0.000,0.000,-0.000,43
512,6.508,0.006,5.004,-0.000,0.000,-0.000,43
513,6.508,0.006,5.004,-0.000,0.000,-0.000,43
514,6.508,0.006,5.004,-0.000,0.000,0.000,43
515,6.508,0.006,5.004,-0.000,0.000,0.000,43
516,6.508,0.006,5.004,-0.000,0.000,0.000,43
517,6.508,0.006,5.004,-0.000,0.000,0.000,43
518,6.508,0.006,5.004,-0.000,0.000,0.000,43
519,6.508,0.006,5.004,-0.000,-0.000,0.000,43
520,6.508,0.006,5.004,-0.000,-0.000,0.000,43
521,6.508,0.006,5.004,-0.000,-0.000,0.000,43
522,6.508,0.006,5.004,-0.000,-0.000,0.000,43
523,6.508,0.006,5.004,-0.000,-0.000,0.000,43
524,6.508,0.006,5.004,-0.000,-0.000,-0.000,43
525,6.508,0.006,5.004,-0.000,-0.000,-0.000,43
526,6.508,0.006,5.004,-0.000,-0.000,-0.000,43
527,6.508,0.006,5.004,-0.000,-0.000,-0.000,43
528,6.508,0.006,5.004,-0.000,-0.000,-0.000,43
529,6.508,0.006,5.004,-0.000,-0.000,-0.000,43
530,6.508,0.006,5.004,-0.000,-0.000,-0.000,43
531,6.508,0.006,5.004,-0.000,-0.000,-0.000,43
532,6.508,0.006,5.004,-0.000,-0.000,0.000,43
533,6.508,0.006,5.004,-0.000,-0.000,-0.000,43
534,6.508,0.006,5.004,-0.000,-0.000,-0.000,43
535,6.508,0.006,5.004,-0.000,-0.000,-0.000,43
536,6.508,0.006,5.004,-0.000,0.000,-0.000,43
537,6.508,0.006,5.004,-0.000,0.000,0.000,43
538,6.508,0.006,5.004,-0.000,0.000,-0.000,43
539,6.508,0.006,5.004,-0.000,0.000,-0.000,43
540,6.508,0.006,5.004,-0.000,0.000,-0.000,43
541,6.508,0.006,5.004,-0.000,0.000,-0.000,43
542,6.508,0.006,5.004,-0.000,0.000,-0.000,43
543,6.508,0.006,5.004,-0.000,0.000,0.000,43
544,6.508,0.006,5.004,-0.000,0.000,-0.000,43
545,6.508,0.006,5.004,-0.000,0.000,-0.000,43
546,6.508,0.006,5.004,-0.000,0.000,-0.000,43
547,6.508,0.006,5.004,-0.000,0.000,-0.000,43
548,6.508,0.006,5.004,-0.000,0.000,-0.000,43
549,6.508,0.006,5.004,-0.000,0.000,0.000,43
550,6.508,0.006,5.004,-0.000,0.000,0.000,43
551,6.508,0.006,5.004,-0.000,0.000,-0.000,43
552,6.508,0.006,5.004,-0.000,0.000,-0.000,43
553,6.508,0.006,5.004,-0.000,-0.000,-0.000,43
554,6.508,0.006,5.004,-0.000,-0.000,-0.000,43
555,6.508,0.006,5.004,-0.000,-0.000,-0.000,43
556,6.508,0.006,5.004,-0.000,-0.000,-0.000,43
557,6.508,0.006,5.004,-0.000,-0.000,0.000,43
558,6.508,0.006,5.004,-0.000,-0.000,-0.000,43
559,6.508,0.006,5.004,-0.000,-0.000,-0.000,43
560,6.508,0.006,5.004,-0.000,-0.000,-0.000,43
561,6.508,0.006,5.004,-0.000,-0.000,-0.000,43
562,6.508,0.006,5.004,-0.000,-0.000,-0.000,43
563,6.508,0.006,5.004,-0.000,-0.000,-0.000,43
564,6.508,0.006,5.004,-0.000,-0.000,0.000,43
565,6.508,0.006,5.004,-0.000,-0.000,-0.000,43
566,6.508,0.006,5.004,-0.000,-0.000,-0.000,43
567,6.508,0.006,5.004,-0.000,-0.000,-0.000,43
568,6.508,0.006,5.004,-0.000,-0.000,-0.000,43
569,6.508,0.006,5.004,-0.000,-0.000,-0.000,43
570,6.508,0.006,5.004,-0.000,0.000,-0.000,43
571,6.508,0.006,5.004,-0.000,0.000,0.000,43
572,6.508,0.006,5.004,-0.000,0.000,0.000,43
573,6.508,0.006,5.004,-0.000,0.000,-0.000,43
574,6.508,0.006,5.004,-0.000,0.000,-0.000,43
575,6.508,0.006,5.004,-0.000,0.000,-0.000,43
576,6.508,0.006,5.004,-0.000,0.000,-0.000,43
577,6.508,0.006,5.004,-0.000,0.000,-0.000,43
578,6.508,0.006,5.004,-0.000,0.000,0.000,43
579,6.508,0.006,5.004,-0.000,0.000,0.000,43
580,6.508,0.006,5.004,-0.000,0.000,-0.000,43
581,6.508,0.006,5.004,-0.000,0.000,-0.000,43
582,6.508,0.006,5.004,-0.000,0.000,-0.000,43
583,6.508,0.006,5.004,-0.000,0.000,-0.000,43
584,6.508,0.006,5.004,-0.000,0.000,-0.000,43
585,6.508,0.006,5.004,-0.000,0.000,-0.000,43
586,6.508,0.006,5.004,-0.000,0.000,0.000,43
587,6.508,0.006,5.004,-0.000,-0.000,-0.000,43
588,6.508,0.006,5.004,-0.000,-0.000,-0.000,43
589,6.508,0.006,5.004,-0.000,-0.000,-0.000,43
590,6.508,0.006,5.004,-0.000,-0.000,-0.000,43
591,6.508,0.006,5.004,-0.000,-0.000,-0.000,43
592,6.508,0.006,5.004,-0.000,-0.000,-0.000,43
593,6.508,0.006,5.004,-0.000,-0.000,0.000,43
594,6.508,0.006,5.004,-0.000,-0.000,-0.000,43
595,6.508,0.006,5.004,-0.000,-0.000,-0.000,43
596,6.508,0.006,5.004,-0.000,-0.000,-0.000,43
597,6.508,0.006,5.004,-0.000,-0.000,-0.000,43
598,6.508,0.006,5.004,-0.000,-0.000,-0.000,43
599,6.508,0.006,5.004,-0.000,-0.000,-0.000,43
600,6.508,0.006,5.004,-0.000,-0.000,0.000,43
601,6.508,0.006,5.004,-0.000,-0.000,0.000,43
602,6.508,0.006,5.004,-0.000,-0.000,-0.000,43
603,6.508,0.006,5.004,-0.000,-0.000,-0.000,43
604,6.508,0.006,5.004,-0.000,0.000,-0.000,43
605,6.508,0.006,5.004,-0.000,0.000,-0.000,43
606,6.508,0.006,5.004,-0.000,0.000,-0.000,43
607,6.508,0.006,5.004,-0.000,0.000,0.000,43
608,6.508,0.006,5.004,-0.000,0.000,0.000,43
609,6.508,0.006,5.004,-0.000,0.000,-0.000,43
610,6.508,0.006,5.004,-0.000,0.000,-0.000,43
611,6.508,0.006,5.004,-0.000,0.000,-0.000,43
612,6.508,0.006,5.004,-0.000,0.000,-0.000,43
613,6.508,0.006,5.004,-0.000,0.000,-0.000,43
614,6.508,0.006,5.004,-0.000,0.000,-0.000,43
615,6.508,0.006,5.004,-0.000,0.000,0.000,43
616,6.508,0.006,5.004,-0.000,0.000,-0.000,43
617,6.508,0.006,5.004,-0.000,0.000,-0.000,43
618,6.508,0.006,5.004,-0.000,0.000,-0.000,43
619,6.508,0.006,5.004,-0.000,0.000,-0.000,43
620,6.508,0.006,5.004,-0.000,0.000,-0.000,43
621,6.508,0.006,5.004,-0.000,-0.000,-0.000,43
622,6.508,0.006,5.004,-0.000,-0.000,0.000,43
623,6.508,0.006,5.004,-0.000,-0.000,-0.000,43
624,6.508,0.006,5.004,-0.000,-0.000,-0.000,43
625,6.508,0.006,5.004,-0.000,-0.000,-0.000,43
626,6.508,0.006,5.004,-0.000,-0.000,-0.000,43
627,6.508,0.006,5.004,-0.000,-0.000,-0.000,43
628,6.508,0.006,5.004,-0.000,-0.000,-0.000,43
629,6.508,0.006,5.004,-0.000,-0.000,0.000,43
630,6.508,0.006,5.004,-0.000,-0.000,0.000,43
631,6.508,0.006,5.004,-0.000,-0.000,-0.000,43
632,6.508,0.006,5.004,-0.000,-0.000,-0.000,43
633,6.508,0.006,5.004,-0.000,-0.000,-0.000,43
634,6.508,0.006,5.004,-0.000,-0.000,-0.000,43
635,6.508,0.006,5.004,-0.000,-0.000,-0.000,43
636,6.508,0.006,5.004,-0.000,-0.000,-0.000,43
637,6.508,0.006,5.004,-0.000,-0.000,0.000,43
638,6.508,0.006,5.004,-0.000,0.000,-0.000,43
639,6.508,0.006,5.004,-0.000,0.000,-0.000,43
640,6.508,0.006,5.004,-0.000,0.000,-0.000,43
641,6.508,0.006,5.004,-0.000,0.000,-0.000,43
642,6.508,0.006,5.004,-0.000,0.000,-0.000,43
643,6.508,0.006,5.004,-0.000,0.000,-0.000,43
644,6.508,0.006,5.004,-0.000,0.000,0.000,43
645,6.508,0.006,5.004,-0.000,0.000,-0.000,43
646,6.508,0.006,5.004,-0.000,0.000,-0.000,43
647,6.508,0.006,5.004,-0.000,0.000,-0.000,43
648,6.508,0.006,5.004,-0.000,0.000,-0.000,43
649,6.508,0.006,5.004,-0.000,0.000,-0.000,43
650,6.508,0.006,5.004,-0.000,0.000,-0.000,43
651,6.508,0.006,5.004,-0.000,0.000,0.000,43
652,6.508,0.006,5.004,-0.000,0.000,0.000,43
653,6.508,0.006,5.004,-0.000,0.000,-0.000,43
654,6.508,0.006,5.004,-0.000,0.000,-0.000,43
655,6.508,0.006,5.004,-0.000,-0.000,-0.000,43
656,6.508,0.006,5.004,-0.000,-0.000,-0.000,43
657,6.508,0.006,5.004,-0.000,-0.000,-0.000,43
658,6.508,0.006,5.004,-0.000,-0.000,0.000,43
659,6.508,0.006,5.004,-0.000,-0.000,0.000,43
660,6.508,0.006,5.004,-0.000,-0.000,-0.000,43
661,6.508,0.006,5.004,-0.000,-0.000,-0.000,43
662,6.508,0.006,5.004,-0.000,-0.000,-0.000,43
663,6.508,0.006,5.004,-0.000,-0.000,-0.000,43
664,6.508,0.006,5.004,-0.000,-0.000,-0.000,43
665,6.508,0.006,5.004,-0.000,-0.000,-0.000,43
666,6.508,0.006,5.004,-0.000,-0.000,0.000,43
667,6.508,0.006,5.004,-0.000,-0.000,-0.000,43
668,6.508,0.006,5.004,-0.000,-0.000,-0.000,43
669,6.508,0.006,5.004,-0.000,-0.000,-0.000,43
670,6.508,0.006,5.004,-0.000,-0.000,-0.000,43
671,6.508,0.006,5.004,-0.000,-0.000,-0.000,43
672,6.508,0.006,5.004,-0.000,0.000,-0.000,43
673,6.508,0.006,5.004,-0.000,0.000,0.000,43
674,6.508,0.006,5.004,-0.000,0.000,-0.000,43
675,6.508,0.006,5.004,-0.000,0.000,-0.000,43
676,6.508,0.006,5.004,-0.000,0.000,-0.000,43
677,6.508,0.006,5.004,-0.000,0.000,-0.000,43
678,6.508,0.006,5.004,-0.000,0.000,-0.000,43
679,6.508,0.006,5.004,-0.000,0.000,-0.000,43
680,6.508,0.006,5.004,-0.000,0.000,0.000,43
681,6.508,0.006,5.004,-0.000,0.000,0.000,43
682,6.508,0.006,5.004,-0.000,0.000,-0.000,43
683,6.508,0.006,5.004,-0.000,0.000,-0.000,43
684,6.508,0.006,5.004,-0.000,0.000,-0.000,43
685,6.508,0.006,5.004,-0.000,0.000,-0.000,43
686,6.508,0.006,5.004,-0.000,0.000,-0.000,43
687,6.508,0.006,5.004,-0.000,0.000,-0.000,43
688,6.508,0.006,5.004,-0.000,0.000,0.000,43
689,6.508,0.006,5.004,-0.000,-0.000,-0.000,43
690,6.508,0.006,5.004,-0.000,-0.000,-0.000,43
691,6.508,0.006,5.004,-0.000,-0.000,-0.000,43
692,6.508,0.006,5.004,-0.000,-0.000,-0.000,43
693,6.508,0.006,5.004,-0.000,-0.000,-0.000,43
694,6.508,0.006,5.004,-0.000,-0.000,-0.000,43
695,6.508,0.006,5.004,-0.000,-0.000,0.000,43
696,6.508,0.006,5.004,-0.000,-0.000,-0.000,43
697,6.508,0.006,5.004,-0.000,-0.000,-0.000,43
698,6.508,0.006,5.004,-0.000,-0.000,-0.000,43
699,6.508,0.006,5.004,-0.000,-0.000,-0.000,43
700,6.508,0.006,5.004,-0.000,-0.000,-0.000,43
701,6.508,0.006,5.004,-0.000,-0.000,-0.000,43
702,6.508,0.006,5.004,-0.000,-0.000,0.000,43
703,6.508,0.006,5.004,-0.000,-0.000,-0.000,43
704,6.508,0.006,5.004,-0.000,-0.000,-0.000,43
705,6.508,0.006,5.004,-0.000,-0.000,-0.000,43
706,6.508,0.006,5.004,-0.000,0.000,-0.000,43
707,6.508,0.006,5.004,-0.000,0.000,-0.000,43
708,6.508,0.006,5.004,-0.000,0.000,-0.000,43
709,6.508,0.006,5.004,-0.000,0.000,0.000,43
710,6.508,0.006,5.004,-0.000,0.000,0.000,43
711,6.508,0.006,5.004,-0.000,0.000,-0.000,43
712,6.508,0.006,5.004,-0.000,0.000,-0.000,43
713,6.508,0.006,5.004,-0.000,0.000,-0.000,43
714,6.508,0.006,5.004,-0.000,0.000,-0.000,43
715,6.508,0.006,5.004,-0.000,0.000,-0.000,43
716,6.508,0.006,5.004,-0.000,0.000,-0.000,43
717,6.508,0.006,5.004,-0.000,0.000,0.000,43
718,6.508,0.006,5.004,-0.000,0.000,0.000,43
719,6.508,0.006,5.004,-0.000,0.000,-0.000,43
720,6.508,0.006,5.004,-0.000,0.000,-0.000,43
721,6.508,0.006,5.004,-0.000,0.000,-0.000,43
722,6.508,0.006,5.004,-0.000,0.000,-0.000,43
723,6.508,0.006,5.004,-0.000,-0.000,-0.000,43
724,6.508,0.006,5.004,-0.000,-0.000,0.000,43
725,6.508,0.006,5.004,-0.000,-0.000,-0.000,43
726,6.508,0.006,5.004,-0.000,-0.000,-0.000,43
727,6.508,0.006,5.004,-0.000,-0.000,-0.000,43
728,6.508,0.006,5.004,-0.000,-0.000,-0.000,43
729,6.508,0.006,5.004,-0.000,-0.000,-0.000,43
730,6.508,0.006,5.004,-0.000,-0.000,-0.000,43
731,6.508,0.006,5.004,-0.000,-0.000,-0.000,43
732,6.508,0.006,5.004,-0.000,-0.000,0.000,43
733,6.508,0.006,5.004,-0.000,-0.000,0.000,43
734,6.508,0.006,5.004,-0.000,-0.000,-0.000,43
735,6.508,0.006,5.004,-0.000,-0.000,-0.000,43
736,6.508,0.006,5.004,-0.000,-0.000,-0.000,43
737,6.508,0.006,5.004,-0.000,-0.000,-0.000,43
738,6.508,0.006,5.004,-0.000,-0.000,-0.000,43
739,6.508,0.006,5.004,-0.000,-0.000,0.000,43
740,6.508,0.006,5.004,-0.000,0.000,-0.000,43
741,6.508,0.006,5.004,-0.000,0.000,-0.000,43
742,6.508,0.006,5.004,-0.000,0.000,-0.000,43
743,6.508,0.006,5.004,-0.000,0.000,-0.000,43
744,6.508,0.006,5.004,-0.000,0.000,-0.000,43
745,6.508,0.006,5.004,-0.000,0.000,-0.000,43
746,6.508,0.006,5.004,-0.000,0.000,0.000,43
747,6.508,0.006,5.004,-0.000,0.000,-0.000,43
748,6.508,0.006,5.004,-0.000,0.000,-0.000,43
749,6.508,0.006,5.004,-0.000,0.000,-0.000,43
750,6.508,0.006,5.004,-0.000,0.000,-0.000,43
751,6.508,0.006,5.004,-0.000,0.000,-0.000,43
752,6.508,0.006,5.004,-0.000,0.000,-0.000,43
753,6.508,0.006,5.004,-0.000,0.000,0.000,43
754,6.508,0.006,5.004,-0.000,0.000,-0.000,43
755,6.508,0.006,5.004,-0.000,0.000,-0.000,43
756,6.508,0.006,5.004,-0.000,0.000,-0.000,43
757,6.508,0.006,5.004,-0.000,-0.000,-0.000,43
758,6.508,0.006,5.004,-0.000,-0.000,-0.000,43
759,6.508,0.006,5.004,-0.000,-0.000,-0.000,43
760,6.508,0.006,5.004,-0.000,-0.000,0.000,43
761,6.508,0.006,5.004,-0.000,-0.000,0.000,43
762,6.508,0.006,5.004,-0.000,-0.000,-0.000,43
763,6.508,0.006,5.004,-0.000,-0.000,-0.000,43
764,6.508,0.006,5.004,-0.000,-0.000,-0.000,43
765,6.508,0.006,5.004,-0.000,-0.000,-0.000,43
766,6.508,0.006,5.004,-0.000,-0.000,-0.000,43
767,6.508,0.006,5.004,-0.000,-0.000,-0.000,43
768,6.508,0.006,5.004,-0.000,-0.000,0.000,43
769,6.508,0.006,5.004,-0.000,-0.000,-0.000,43
770,6.508,0.006,5.004,-0.000,-0.000,-0.000,43
771,6.508,0.006,5.004,-0.000,-0.000,-0.000,43
772,6.508,0.006,5.004,-0.000,-0.000,-0.000,43
773,6.508,0.006,5.004,-0.000,-0.000,-0.000,43
774,6.508,0.006,5.004,-0.000,0.000,-0.000,43
775,6.508,0.006,5.004,-0.000,0.000,0.000,43
776,6.508,0.006,5.004,-0.000,0.000,0.000,43
777,6.508,0.006,5.004,-0.000,0.000,-0.000,43
778,6.508,0.006,5.004,-0.000,0.000,-0.000,43
779,6.508,0.006,5.004,-0.000,0.000,-0.000,43
780,6.508,0.006,5.004,-0.000,0.000,-0.000,43
781,6.508,0.006,5.004,-0.000,0.000,-0.000,43
782,6.508,0.006,5.004,-0.000,0.000,0.000,43
783,6.508,0.006,5.004,-0.000,0.000,0.000,43
784,6.508,0.006,5.004,-0.000,0.000,-0.000,43
785,6.508,0.006,5.004,-0.000,0.000,-0.000,43
786,6.508,0.006,5.004,-0.000,0.000,-0.000,43
787,6.508,0.006,5.004,-0.000,0.000,-0.000,43
788,6.508,0.006,5.004,-0.000,0.000,-0.000,43
789,6.508,0.006,5.004,-0.000,0.000,-0.000,43
790,6.508,0.006,5.004,-0.000,0.000,0.000,43
791,6.508,0.006,5.004,-0.000,-0.000,-0.000,43
792,6.508,0.006,5.004,-0.000,-0.000,-0.000,43
793,6.508,0.006,5.004,-0.000,-0.000,-0.000,43
794,6.508,0.006,5.004,-0.000,-0.000,-0.000,43
795,6.508,0.006,5.004,-0.000,-0.000,-0.000,43
796,6.508,0.006,5.004,-0.000,-0.000,-0.000,43
797,6.508,0.006,5.004,-0.000,-0.000,0.000,43
798,6.508,0.006,5.004,-0.000,-0.000,-0.000,43
799,6.508,0.006,5.004,-0.000,-0.000,-0.000,43
800,6.508,0.006,5.004,-0.000,-0.000,-0.000,43
801,6.508,0.006,5.004,-0.000,-0.000,-0.000,43
802,6.508,0.006,5.004,-0.000,-0.000,-0.000,43
803,6.508,0.006,5.004,-0.000,-0.000,-0.000,43
804,6.508,0.006,5.004,-0.000,-0.000,0.000,43
805,6.508,0.006,5.004,-0.000,-0.000,-0.000,43
806,6.508,0.006,5.004,-0.000,-0.000,-0.000,43
807,6.508,0.006,5.004,-0.000,-0.000,-0.000,43
808,6.508,0.006,5.004,-0.000,0.000,-0.000,43
809,6.508,0.006,5.004,-0.000,0.000,-0.000,43
810,6.508,0.006,5.004,-0.000,0.000,-0.000,43
811,6.508,0.006,5.004,-0.000,0.000,0.000,43
812,6.508,0.006,5.004,-0.000,0.000,0.000,43
813,6.508,0.006,5.004,-0.000,0.000,-0.000,43
814,6.508,0.006,5.004,-0.000,0.000,-0.000,43
815,6.508,0.006,5.004,-0.000,0.000,-0.000,43
816,6.508,0.006,5.004,-0.000,0.000,-0.000,43
817,6.508,0.006,5.004,-0.000,0.000,-0.000,43
818,6.508,0.006,5.004,-0.000,0.000,0.000,43
819,6.508,0.006,5.004,-0.000,0.000,0.000,43
820,6.508,0.006,5.004,-0.000,0.000,-0.000,43
821,6.508,0.006,5.004,-0.000,0.000,-0.000,43
822,6.508,0.006,5.004,-0.000,0.000,-0.000,43
823,6.508,0.006,5.004,-0.000,0.000,-0.000,43
824,6.508,0.006,5.004,-0.000,0.000,-0.000,43
825,6.508,0.006,5.004,-0.000,-0.000,-0.000,43
826,6.508,0.006,5.004,-0.000,-0.000,0.000,43
827,6.508,0.006,5.004,-0.000,-0.000,-0.000,43
828,6.508,0.006,5.004,-0.000,-0.000,-0.000,43
829,6.508,0.006,5.004,-0.000,-0.000,-0.000,43
830,6.508,0.006,5.004,-0.000,-0.000,-0.000,43
831,6.508,0.006,5.004,-0.000,-0.000,-0.000,43
832,6.508,0.006,5.004,-0.000,-0.000,-0.000,43
833,6.508,0.006,5.004,-0.000,-0.000,0.000,43
834,6.508,0.006,5.004,-0.000,-0.000,-0.000,43
835,6.508,0.006,5.004,-0.000,-0.000,-0.000,43
836,6.508,0.006,5.004,-0.000,-0.000,-0.000,43
837,6.508,0.006,5.004,-0.000,-0.000,-0.000,43
838,6.508,0.006,5.004,-0.000,-0.000,-0.000,43
839,6.508,0.006,5.004,-0.000,-0.000,-0.000,43
840,6.508,0.006,5.004,-0.000,-0.000,0.000,43
841,6.508,0.006,5.004,-0.000,-0.000,0.000,43
842,6.508,0.006,5.004,-0.000,0.000,-0.000,43
843,6.508,0.006,5.004,-0.000,0.000,-0.000,43
844,6.508,0.006,5.004,-0.000,0.000,-0.000,43
845,6.508,0.006,5.004,-0.000,0.000,-0.000,43
846,6.508,0.006,5.004,-0.000,0.000,-0.000,43
847,6.508,0.006,5.004,-0.000,0.000,-0.000,43
848,6.508,0.006,5.004,-0.000,0.000,0.000,43
849,6.508,0.006,5.004,-0.000,0.000,-0.000,43
850,6.508,0.006,5.004,-0.000,0.000,-0.000,43
851,6.508,0.006,5.004,-0.000,0.000,-0.000,43
852,6.508,0.006,5.004,-0.000,0.000,-0.000,43
853,6.508,0.006,5.004,-0.000,0.000,-0.000,43
854,6.508,0.006,5.004,-0.000,0.000,-0.000,43
855,6.508,0.006,5.004,-0.000,0.000,0.000,43
856,6.508,0.006,5.004,-0.000,0.000,-0.000,43
857,6.508,0.006,5.004,-0.000,0.000,-0.000,43
858,6.508,0.006,5.004,-0.000,0.000,-0.000,43
859,6.508,0.006,5.004,-0.000,-0.000,-0.000,43
860,6.508,0.006,5.004,-0.000,-0.000,-0.000,43
861,6.508,0.006,5.004,-0.000,-0.000,-0.000,43
862,6.508,0.006,5.004,-0.000,-0.000,0.000,43
863,6.508,0.006,5.004,-0.000,-0.000,0.000,43
864,6.508,0.006,5.004,-0.000,-0.000,-0.000,43
865,6.508,0.006,5.004,-0.000,-0.000,-0.000,43
866,6.508,0.006,5.004,-0.000,-0.000,-0.000,43
867,6.508,0.006,5.004,-0.000,-0.000,-0.000,43
868,6.508,0.006,5.004,-0.000,-0.000,-0.000,43
869,6.508,0.006,5.004,-0.000,-0.000,0.000,43
870,6.508,0.006,5.004,-0.000,-0.000,0.000,43
871,6.508,0.006,5.004,-0.000,-0.000,-0.000,43
872,6.508,0.006,5.004,-0.000,-0.000,-0.000,43
873,6.508,0.006,5.004,-0.000,-0.000,-0.000,43
874,6.508,0.006,5.004,-0.000,-0.000,-0.000,43
875,6.508,0.006,5.004,-0.000,-0.000,-0.000,43
876,6.508,0.006,5.004,-0.000,0.000,-0.000,43
877,6.508,0.006,5.004,-0.000,0.000,0.000,43
878,6.508,0.006,5.004,-0.000,0.000,-0.000,43
879,6.508,0.006,5.004,-0.000,0.000,-0.000,43
880,6.508,0.006,5.004,-0.000,0.000,-0.000,43
881,6.508,0.006,5.004,-0.000,0.000,-0.000,43
882,6.508,0.006,5.004,-0.000,0.000,-0.000,43
883,6.508,0.006,5.004,-0.000,0.000,-0.000,43
884,6.508,0.006,5.004,-0.000,0.000,0.000,43
885,6.508,0.006,5.004,-0.000,0.000,-0.000,43
886,6.508,0.006,5.004,-0.000,0.000,-0.000,43
887,6.508,0.006,5.004,-0.000,0.000,-0.000,43
888,6.508,0.006,5.004,-0.000,0.000,-0.000,43
889,6.508,0.006,5.004,-0.000,0.000,-0.000,43
890,6.508,0.006,5.004,-0.000,0.000,-0.000,43
891,6.508,0.006,5.004,-0.000,0.000,0.000,43
892,6.508,0.006,5.004,-0.000,0.000,0.000,43
893,6.508,0.006,5.004,-0.000,-0.000,-0.000,43
894,6.508,0.006,5.004,-0.000,-0.000,-0.000,43
895,6.508,0.006,5.004,-0.000,-0.000,-0.000,43
896,6.508,0.006,5.004,-0.000,-0.000,-0.000,43
897,6.508,0.006,5.004,-0.000,-0.000,-0.000,43
898,6.508,0.006,5.004,-0.000,-0.000,0.000,43
899,6.508,0.006,5.004,-0.000,-0.000,0.000,43
900,6.508,0.006,5.004,-0.000,-0.000,-0.000,43
901,6.508,0.006,5.004,-0.000,-0.000,-0.000,43
902,6.508,0.006,5.004,-0.000,-0.000,-0.000,43
903,6.508,0.006,5.004,-0.000,-0.000,-0.000,43
904,6.508,0.006,5.004,-0.000,-0.000,-0.000,43
905,6.508,0.006,5.004,-0.000,-0.000,-0.000,43
906,6.508,0.006,5.004,-0.000,-0.000,0.000,43
907,6.508,0.006,5.004,-0.000,-0.000,-0.000,43
908,6.508,0.006,5.004,-0.000,-0.000,-0.000,43
909,6.508,0.006,5.004,-0.000,-0.000,-0.000,43
910,6.508,0.006,5.004,-0.000,0.000,-0.000,43
911,6.508,0.006,5.004,-0.000,0.000,-0.000,43
912,6.508,0.006,5.004,-0.000,0.000,-0.000,43
913,6.508,0.006,5.004,-0.000,0.000,0.000,43
914,6.508,0.006,5.004,-0.000,0.000,-0.000,43
915,6.508,0.006,5.004,-0.000,0.000,-0.000,43
916,6.508,0.006,5.004,-0.000,0.000,-0.000,43
917,6.508,0.006,5.004,-0.000,0.000,-0.000,43
918,6.508,0.006,5.004,-0.000,0.000,-0.000,43
919,6.508,0.006,5.004,-0.000,0.000,-0.000,43
920,6.508,0.006,5.004,-0.000,0.000,0.000,43
921,6.508,0.006,5.004,-0.000,0.000,0.000,43
922,6.508,0.006,5.004,-0.000,0.000,-0.000,43
923,6.508,0.006,5.004,-0.000,0.000,-0.000,43
924,6.508,0.006,5.004,-0.000,0.000,-0.000,43
925,6.508,0.006,5.004,-0.000,0.000,-0.000,43
926,6.508,0.006,5.004,-0.000,0.000,-0.000,43
927,6.508,0.006,5.004,-0.000,-0.000,-0.000,43
928,6.508,0.006,5.004,-0.000,-0.000,0.000,43
929,6.508,0.006,5.004,-0.000,-0.000,-0.000,43
930,6.508,0.006,5.004,-0.000,-0.000,-0.000,43
931,6.508,0.006,5.004,-0.000,-0.000,-0.000,43
932,6.508,0.006,5.004,-0.000,-0.000,-0.000,43
933,6.508,0.006,5.004,-0.000,-0.000,-0.000,43
934,6.508,0.006,5.004,-0.000,-0.000,-0.000,43
935,6.508,0.006,5.004,-0.000,-0.000,0.000,43
936,6.508,0.006,5.004,-0.000,-0.000,-0.000,43
937,6.508,0.006,5.004,-0.000,-0.000,-0.000,43
938,6.508,0.006,5.004,-0.000,-0.000,-0.000,43
939,6.508,0.006,5.004,-0.000,-0.000,-0.000,43
940,6.508,0.006,5.004,-0.000,-0.000,-0.000,43
941,6.508,0.006,5.004,-0.000,-0.000,-0.000,43
942,6.508,0.006,5.004,-0.000,-0.000,0.000,43
943,6.508,0.006,5.004,-0.000,-0.000,0.000,43
944,6.508,0.006,5.004,-0.000,0.000,-0.000,43
945,6.508,0.006,5.004,-0.000,0.000,-0.000,43
946,6.508,0.006,5.004,-0.000,0.000,-0.000,43
947,6.508,0.006,5.004,-0.000,0.000,-0.000,43
948,6.508,0.006,5.004,-0.000,0.000,-0.000,43
949,6.508,0.006,5.004,-0.000,0.000,0.000,43
950,6.508,0.006,5.004,-0.000,0.000,0.000,43
951,6.508,0.006,5.004,-0.000,0.000,-0.000,43
952,6.508,0.006,5.004,-0.000,0.000,-0.000,43
953,6.508,0.006,5.004,-0.000,0.000,-0.000,43
954,6.508,0.006,5.004,-0.000,0.000,-0.000,43
955,6.508,0.006,5.004,-0.000,0.000,-0.000,43
956,6.508,0.006,5.004,-0.000,0.000,-0.000,43
957,6.508,0.006,5.004,-0.000,0.000,0.000,43
958,6.508,0.006,5.004,-0.000,0.000,-0.000,43
959,6.508,0.006,5.004,-0.000,0.000,-0.000,43
960,6.508,0.006,5.004,-0.000,0.000,-0.000,43
961,6.508,0.006,5.004,-0.000,-0.000,-0.000,43
962,6.508,0.006,5.004,-0.000,-0.000,-0.000,43
963,6.508,0.006,5.004,-0.000,-0.000,-0.000,43
964,6.508,0.006,5.004,-0.000,-0.000,0.000,43
965,6.508,0.006,5.004,-0.000,-0.000,-0.000,43
966,6.508,0.006,5.004,-0.000,-0.000,-0.000,43
967,6.508,0.006,5.004,-0.000,-0.000,-0.000,43
968,6.508,0.006,5.004,-0.000,-0.000,-0.000,43
969,6.508,0.006,5.004,-0.000,-0.000,-0.000,43
970,6.508,0.006,5.004,-0.000,-0.000,-0.000,43
971,6.508,0.006,5.004,-0.000,-0.000,0.000,43
972,6.508,0.006,5.004,-0.000,-0.000,0.000,43
973,6.508,0.006,5.004,-0.000,-0.000,-0.000,43
974,6.508,0.006,5.004,-0.000,-0.000,-0.000,43
975,6.508,0.006,5.004,-0.000,-0.000,-0.000,43
976,6.508,0.006,5.004,-0.000,-0.000,-0.000,43
977,6.508,0.006,5.004,-0.000,-0.000,-0.000,43
978,6.508,0.006,5.004,-0.000,0.000,-0.000,43
979,6.508,0.006,5.004,-0.000,0.000,0.000,43
980,6.508,0.006,5.004,-0.000,0.000,0.000,43
981,6.508,0.006,5.004,-0.000,0.000,-0.000,43
982,6.508,0.006,5.004,-0.000,0.000,-0.000,43
983,6.508,0.006,5.004,-0.000,0.000,-0.000,43
984,6.508,0.006,5.004,-0.000,0.000,-0.000,43
985,6.508,0.006,5.004,-0.000,0.000,-0.000,43
986,6.508,0.006,5.004,-0.000,0.000,0.000,43
987,6.508,0.006,5.004,-0.000,0.000,-0.000,43
988,6.508,0.006,5.004,-0.000,0.000,-0.000,43
989,6.508,0.006,5.004,-0.000,0.000,-0.000,43
990,6.508,0.006,5.004,-0.000,0.000,-0.000,43
991,6.508,0.006,5.004,-0.000,0.000,-0.000,43
992,6.508,0.006,5.004,-0.000,0.000,-0.000,43
993,6.508,0.006,5.004,-0.000,0.000,0.000,43
994,6.508,0.006,5.004,-0.000,0.000,-0.000,43
995,6.508,0.006,5.004,-0.000,-0.000,-0.000,43
996,6.508,0.006,5.004,-0.000,-0.000,-0.000,43
997,6.508,0.006,5.004,-0.000,-0.000,-0.000,43
998,6.508,0.006,5.004,-0.000,-0.000,-0.000,43
999,6.508,0.006,5.004,-0.000,-0.000,-0.000,43
1000,6.508,0.006,5.004,-0.000,-0.000,-0.000,43
