1617317632.337960000
1617317633.092834000
1617317633.825327000
1617317634.548939000
1617317635.341610000
1617317636.253986000
1617317637.216533000
1617317638.187194000
1617317639.143229000
1617317640.164344000
1617317641.252256000
1617317642.227687000
1617317643.229294000
1617317644.319794000
1617317645.382838000
1617317646.345361000
1617317647.318798000
1617317648.487092000
1617317649.522607000
1617317650.482694000
1617317730.449517000
1617317809.329364000
1617317810.375651000
1617317811.386121000
1617317812.511563000
1617317813.632629000
1617317814.676366000
1617317815.692243000
1617317816.786744000
1617317817.915126000
1617317818.986205000
1617317820.063379000
1617317821.134322000
1617317822.234456000
1617317823.308693000
1617317824.380015000
1617317825.481675000
1617317826.741781000
1617317827.871772000
1617317828.897574000
1617317829.968635000
1617317831.169489000
1617317832.675105000
1617317833.934417000
1617317835.335499000
1617317836.629213000
1617317837.772650000
1617317838.810538000
1617317839.885316000
1617317841.008788000
