1,-9.227,-1.543,0.000,0.000,0.000,0.000,2
2,-9.227,-1.543,0.153,0.000,0.000,0.000,2
3,-9.227,-1.543,0.473,0.000,0.146,0.000,2
4,-9.226,-1.543,0.808,0.000,0.257,0.000,2
5,-9.225,-1.543,1.088,0.000,0.267,0.000,2
6,-9.222,-1.543,1.290,0.000,0.186,0.000,2
7,-9.218,-1.543,1.420,0.000,0.062,0.000,2
8,-9.214,-1.543,1.493,0.000,-0.048,0.000,2
9,-9.210,-1.543,1.522,0.000,-0.110,0.000,2
10,-9.206,-1.543,1.534,0.000,-0.117,0.000,2
11,-9.203,-1.543,1.533,0.000,-0.082,0.000,2
12,-9.200,-1.543,1.527,0.000,-0.030,0.000,2
13,-9.198,-1.543,1.519,0.000,0.018,0.000,2
14,-9.195,-1.543,1.512,0.000,0.048,0.000,2
15,-9.192,-1.543,1.506,0.000,0.055,0.000,2
16,-9.189,-1.543,1.506,0.000,0.044,0.000,2
17,-9.185,-1.543,1.507,0.000,0.023,0.000,2
18,-9.182,-1.543,1.507,0.000,0.000,0.000,2
19,-9.178,-1.543,1.508,0.000,-0.016,0.000,2
20,-9.175,-1.543,1.508,0.000,-0.023,0.000,2
21,-9.172,-1.543,1.509,0.000,-0.021,0.000,2
22,-9.169,-1.543,1.509,0.000,-0.159,0.000,2
23,-9.166,-1.543,1.509,0.000,-0.260,0.000,12
24,-9.164,-1.543,1.509,-0.000,0.087,0.035,12
25,-9.162,-1.543,1.510,-0.000,0.397,0.056,12
26,-9.158,-1.544,1.510,-0.000,0.530,0.058,12
27,-9.153,-1.544,1.504,-0.000,0.454,0.120,7
28,-9.146,-1.545,1.503,-0.000,0.303,0.062,7
29,-9.139,-1.546,1.502,-0.000,0.120,-0.007,37
30,-9.130,-1.547,1.502,-0.000,-0.140,-0.270,37
31,-9.122,-1.547,1.501,-0.000,-0.300,-0.427,37
32,-9.115,-1.546,1.500,-0.000,-0.326,-0.432,37
33,-9.110,-1.544,1.500,-0.000,-0.249,-0.322,37
34,-9.104,-1.540,1.499,-0.000,-0.121,-0.161,37
35,-9.100,-1.535,1.498,-0.000,0.005,-0.009,37
36,-9.095,-1.531,1.498,-0.000,0.091,0.092,37
37,-9.090,-1.527,1.498,-0.000,0.122,0.128,37
38,-9.085,-1.523,1.497,-0.000,0.105,0.109,37
39,-9.080,-1.519,1.497,-0.000,0.061,0.060,37
40,-9.074,-1.516,1.497,-0.000,0.012,0.007,37
41,-9.068,-1.513,1.496,-0.000,-0.026,-0.030,37
42,-9.062,-1.510,1.496,-0.000,-0.044,-0.045,37
43,-9.056,-1.506,1.496,-0.000,-0.042,-0.040,37
44,-9.050,-1.503,1.496,-0.000,-0.028,-0.023,37
45,-9.045,-1.499,1.496,-0.000,-0.010,-0.004,37
46,-9.039,-1.495,1.495,-0.000,0.005,0.011,37
47,-9.034,-1.492,1.495,-0.000,0.014,0.017,37
48,-9.028,-1.488,1.495,-0.000,0.015,0.015,37
49,-9.023,-1.485,1.495,-0.000,0.009,0.008,37
50,-9.017,-1.481,1.495,-0.000,0.001,0.000,37
51,-9.011,-1.478,1.495,-0.000,-0.006,-0.007,37
52,-9.006,-1.474,1.495,-0.000,-0.011,-0.011,37
53,-9.000,-1.470,1.495,-0.000,-0.013,-0.012,37
54,-8.994,-1.467,1.495,-0.000,-0.013,-0.012,37
55,-8.989,-1.463,1.495,-0.000,-0.012,-0.011,37
56,-8.983,-1.459,1.495,-0.000,-0.010,-0.010,37
57,-8.978,-1.455,1.495,-0.000,-0.009,-0.010,37
58,-8.972,-1.452,1.495,-0.000,-0.009,-0.011,37
59,-8.967,-1.448,1.495,-0.000,-0.010,-0.012,37
60,-8.961,-1.444,1.495,-0.000,-0.009,-0.011,37
61,-8.956,-1.440,1.495,-0.000,-0.008,-0.008,37
62,-8.950,-1.436,1.495,-0.000,-0.006,-0.004,37
63,-8.945,-1.432,1.495,-0.000,-0.004,-0.000,37
64,-8.940,-1.428,1.495,-0.000,-0.002,0.004,37
65,-8.934,-1.424,1.495,-0.000,-0.001,0.006,37
66,-8.929,-1.420,1.495,-0.000,0.000,0.008,37
67,-8.923,-1.416,1.495,-0.000,0.001,0.008,37
68,-8.918,-1.412,1.495,-0.000,-0.000,0.007,37
69,-8.912,-1.408,1.495,-0.000,-0.001,0.006,37
70,-8.907,-1.404,1.495,-0.000,-0.002,0.004,37
71,-8.902,-1.400,1.495,-0.000,-0.002,0.004,37
72,-8.896,-1.396,1.495,-0.000,-0.003,0.002,37
73,-8.891,-1.392,1.495,-0.000,-0.003,0.001,37
74,-8.885,-1.388,1.495,-0.000,-0.002,0.002,37
75,-8.880,-1.384,1.495,-0.000,-0.001,0.004,37
76,-8.874,-1.380,1.495,-0.000,-0.001,0.006,37
77,-8.869,-1.376,1.495,-0.000,-0.001,0.006,37
78,-8.863,-1.372,1.496,-0.000,-0.001,0.006,37
79,-8.858,-1.368,1.496,-0.000,-0.001,0.005,37
80,-8.852,-1.365,1.496,-0.000,-0.002,0.005,37
81,-8.847,-1.361,1.496,-0.000,-0.002,0.004,37
82,-8.841,-1.357,1.496,-0.000,-0.002,0.004,37
83,-8.836,-1.353,1.496,-0.000,0.001,0.007,37
84,-8.830,-1.349,1.496,-0.000,0.003,0.010,37
85,-8.825,-1.345,1.496,-0.000,0.003,0.010,37
86,-8.819,-1.341,1.496,-0.000,0.001,0.008,37
87,-8.814,-1.338,1.496,-0.000,-0.001,0.005,37
88,-8.808,-1.334,1.496,-0.000,-0.003,0.003,37
89,-8.802,-1.330,1.496,-0.000,-0.004,0.000,37
90,-8.797,-1.326,1.496,-0.000,-0.005,-0.001,37
91,-8.791,-1.323,1.496,-0.000,-0.004,-0.000,37
92,-8.786,-1.319,1.496,-0.000,-0.004,0.001,37
93,-8.780,-1.315,1.496,-0.000,-0.003,0.002,37
94,-8.775,-1.311,1.496,-0.000,-0.003,0.002,37
95,-8.769,-1.307,1.496,-0.000,-0.003,0.001,37
96,-8.763,-1.304,1.496,-0.000,-0.003,0.001,37
97,-8.758,-1.300,1.496,-0.000,-0.003,0.002,37
98,-8.752,-1.296,1.496,-0.000,-0.003,0.002,37
99,-8.747,-1.292,1.496,-0.000,-0.003,0.002,37
100,-8.741,-1.288,1.496,-0.000,-0.003,0.002,37
101,-8.736,-1.285,1.496,-0.000,-0.003,0.002,37
102,-8.730,-1.281,1.496,-0.000,-0.003,0.002,37
103,-8.724,-1.277,1.496,-0.000,-0.003,0.002,37
104,-8.719,-1.273,1.496,-0.000,-0.002,0.003,37
105,-8.713,-1.270,1.496,-0.000,-0.002,0.003,37
106,-8.708,-1.266,1.496,-0.000,-0.002,0.003,37
107,-8.702,-1.262,1.496,-0.000,-0.003,0.003,37
108,-8.697,-1.258,1.496,-0.000,-0.003,0.002,37
109,-8.691,-1.254,1.496,-0.000,-0.004,0.001,37
110,-8.686,-1.251,1.496,-0.000,-0.004,0.001,37
111,-8.680,-1.247,1.496,-0.000,-0.003,0.002,37
112,-8.674,-1.243,1.496,-0.000,-0.003,0.002,37
113,-8.669,-1.239,1.496,-0.000,-0.003,0.002,37
114,-8.663,-1.235,1.496,-0.000,-0.003,0.002,37
115,-8.658,-1.232,1.496,-0.000,-0.003,0.002,37
116,-8.652,-1.228,1.496,-0.000,-0.003,0.002,37
117,-8.647,-1.224,1.496,-0.000,-0.003,0.002,37
118,-8.641,-1.220,1.496,-0.000,-0.003,0.002,7
119,-8.635,-1.217,1.496,-0.000,0.100,0.212,7
120,-8.629,-1.214,1.496,-0.000,0.167,0.349,7
121,-8.623,-1.212,1.496,-0.000,0.169,0.356,7
122,-8.616,-1.211,1.496,-0.000,0.118,0.260,7
123,-8.608,-1.211,1.496,-0.000,0.041,0.112,7
124,-8.601,-1.212,1.496,-0.000,-0.034,-0.032,7
125,-8.593,-1.212,1.496,-0.000,-0.093,-0.051,7
126,-8.586,-1.213,1.495,-0.000,-0.113,-0.121,7
127,-8.579,-1.213,1.495,-0.000,-0.106,-0.159,7
128,-8.572,-1.212,1.495,-0.000,-0.080,-0.151,7
129,-8.566,-1.211,1.495,-0.000,-0.060,0.045,7
130,-8.560,-1.210,1.495,-0.000,-0.043,0.211,7
131,-8.554,-1.210,1.495,-0.000,-0.017,0.105,7
132,-8.548,-1.210,1.495,-0.000,-0.020,0.157,7
133,-8.542,-1.210,1.495,-0.000,-0.011,-0.020,7
134,-8.537,-1.211,1.495,-0.000,-0.026,0.036,7
135,-8.531,-1.212,1.495,-0.000,-0.044,0.110,7
136,-8.525,-1.213,1.495,-0.000,-0.060,0.152,7
137,-8.520,-1.214,1.494,-0.000,-0.053,-0.114,7
138,-8.515,-1.216,1.494,-0.000,-0.056,-0.051,7
139,-8.510,-1.217,1.494,-0.000,-0.052,0.061,7
140,-8.505,-1.218,1.494,-0.000,-0.028,-0.151,7
141,-8.500,-1.219,1.494,-0.000,-0.020,-0.022,7
142,-8.495,-1.220,1.494,-0.000,-0.016,0.127,7
143,-8.490,-1.221,1.494,-0.000,-0.005,-0.095,7
144,-8.486,-1.222,1.494,-0.000,-0.008,0.019,7
145,-8.481,-1.222,1.494,-0.000,-0.007,-0.170,7
146,-8.477,-1.223,1.494,-0.000,-0.008,-0.317,7
147,-8.472,-1.222,1.493,-0.000,-0.017,-0.027,7
148,-8.467,-1.221,1.493,-0.000,-0.021,0.247,7
149,-8.463,-1.221,1.493,-0.000,-0.016,0.386,7
150,-8.458,-1.222,1.493,-0.000,0.005,0.075,7
151,-8.454,-1.224,1.493,-0.000,0.031,-0.224,7
152,-8.449,-1.225,1.493,-0.000,0.056,-0.377,7
153,-8.445,-1.224,1.493,-0.000,0.074,-0.372,7
154,-8.440,-1.223,1.493,-0.000,0.084,-0.248,7
155,-8.434,-1.220,1.493,-0.000,0.079,-0.078,7
156,-8.429,-1.217,1.493,-0.000,0.067,0.076,7
157,-8.423,-1.214,1.493,-0.000,0.051,0.173,7
158,-8.417,-1.212,1.493,-0.000,0.029,0.333,7
159,-8.411,-1.211,1.493,-0.000,0.012,0.376,7
160,-8.404,-1.212,1.493,-0.000,0.006,0.302,7
161,-8.398,-1.213,1.493,-0.000,0.009,0.162,7
162,-8.392,-1.215,1.493,-0.000,0.016,0.016,7
163,-8.385,-1.217,1.492,-0.000,0.025,-0.093,7
164,-8.379,-1.218,1.492,-0.000,0.036,-0.219,7
165,-8.372,-1.219,1.492,-0.000,0.040,-0.255,7
166,-8.366,-1.220,1.492,-0.000,0.030,-0.137,7
167,-8.359,-1.219,1.492,-0.000,0.016,0.002,7
168,-8.352,-1.219,1.492,-0.000,0.006,0.039,7
169,-8.345,-1.219,1.492,-0.000,-0.005,0.108,7
170,-8.338,-1.219,1.492,-0.000,-0.007,0.070,7
171,-8.331,-1.219,1.492,-0.000,-0.006,0.071,7
172,-8.324,-1.220,1.492,-0.000,-0.001,0.059,7
173,-8.317,-1.220,1.492,-0.000,0.005,0.033,7
174,-8.310,-1.221,1.492,-0.000,-0.077,-0.234,37
175,-8.303,-1.221,1.492,-0.000,-0.153,-0.400,37
176,-8.297,-1.220,1.492,-0.000,-0.169,-0.415,37
177,-8.291,-1.218,1.492,-0.000,-0.138,-0.317,37
178,-8.286,-1.214,1.492,-0.000,-0.082,-0.164,37
179,-8.281,-1.210,1.492,-0.000,-0.023,-0.014,37
180,-8.276,-1.205,1.491,-0.000,0.023,0.089,37
181,-8.271,-1.201,1.491,-0.000,0.050,0.128,37
182,-8.266,-1.197,1.491,-0.000,0.059,0.113,37
183,-8.261,-1.194,1.491,-0.000,0.054,0.063,37
184,-8.256,-1.191,1.491,-0.000,0.034,0.005,37
185,-8.250,-1.188,1.491,-0.000,0.009,-0.041,37
186,-8.244,-1.184,1.491,-0.000,-0.013,-0.063,37
187,-8.239,-1.181,1.491,-0.000,-0.025,-0.061,37
188,-8.233,-1.177,1.491,-0.000,-0.026,-0.042,37
189,-8.228,-1.173,1.491,-0.000,-0.020,-0.015,37
190,-8.222,-1.170,1.491,-0.000,-0.010,0.008,37
191,-8.217,-1.166,1.491,-0.000,-0.000,0.022,37
192,-8.211,-1.162,1.491,-0.000,0.006,0.026,37
193,-8.206,-1.158,1.491,-0.000,0.008,0.020,37
194,-8.200,-1.154,1.491,-0.000,0.005,0.008,37
195,-8.195,-1.151,1.491,-0.000,0.000,-0.003,37
196,-8.189,-1.147,1.492,-0.000,-0.004,-0.010,37
197,-8.184,-1.143,1.492,-0.000,-0.006,-0.010,37
198,-8.178,-1.140,1.491,-0.000,-0.006,-0.007,37
199,-8.173,-1.136,1.491,-0.000,-0.005,-0.000,37
200,-8.167,-1.132,1.491,-0.000,-0.002,0.006,37
201,-8.162,-1.128,1.491,-0.000,0.001,0.012,37
202,-8.156,-1.125,1.491,-0.000,0.005,0.018,37
203,-8.151,-1.121,1.491,-0.000,0.010,0.025,37
204,-8.145,-1.117,1.491,-0.000,0.012,0.029,37
205,-8.140,-1.114,1.491,-0.000,0.010,0.025,37
206,-8.134,-1.110,1.491,-0.000,0.005,0.016,37
207,-8.128,-1.107,1.491,-0.000,-0.001,0.006,37
208,-8.122,-1.104,1.491,-0.000,-0.005,-0.002,37
209,-8.117,-1.100,1.491,-0.000,-0.010,-0.012,37
210,-8.111,-1.097,1.491,-0.000,-0.009,-0.011,37
211,-8.105,-1.093,1.491,-0.000,-0.006,-0.005,37
212,-8.100,-1.090,1.491,-0.000,-0.013,-0.014,37
213,-8.094,-1.086,1.491,-0.000,-0.018,-0.021,37
214,-8.089,-1.083,1.491,-0.000,-0.018,-0.021,37
215,-8.083,-1.079,1.491,-0.000,-0.014,-0.016,37
216,-8.078,-1.075,1.491,-0.000,-0.009,-0.008,37
217,-8.072,-1.071,1.491,-0.000,-0.004,-0.000,37
218,-8.067,-1.068,1.491,-0.000,-0.001,0.005,37
219,-8.061,-1.064,1.491,-0.000,0.000,0.006,37
220,-8.056,-1.060,1.491,-0.000,-0.001,0.004,37
221,-8.050,-1.056,1.491,-0.000,-0.004,-0.000,37
222,-8.045,-1.053,1.491,-0.000,-0.007,-0.004,37
223,-8.039,-1.049,1.491,-0.000,-0.008,-0.006,37
224,-8.034,-1.045,1.491,-0.000,-0.008,-0.006,37
225,-8.028,-1.041,1.491,-0.000,-0.007,-0.004,37
226,-8.023,-1.037,1.491,-0.000,-0.005,-0.001,37
227,-8.018,-1.033,1.491,-0.000,-0.004,0.001,37
228,-8.012,-1.029,1.491,-0.000,-0.002,0.003,37
229,-8.007,-1.026,1.491,-0.000,-0.002,0.004,37
230,-8.002,-1.022,1.491,-0.000,-0.002,0.003,37
231,-7.996,-1.018,1.492,-0.000,-0.003,0.002,37
232,-7.991,-1.014,1.492,-0.000,-0.005,-0.001,37
233,-7.985,-1.010,1.492,-0.000,-0.008,-0.006,37
234,-7.980,-1.006,1.492,-0.000,-0.010,-0.010,37
235,-7.975,-1.002,1.492,-0.000,-0.013,-0.014,37
236,-7.969,-0.998,1.492,-0.000,-0.013,-0.015,37
237,-7.964,-0.994,1.492,-0.000,-0.012,-0.011,37
238,-7.959,-0.990,1.492,-0.000,-0.016,-0.006,37
239,-7.954,-0.986,1.492,-0.000,-0.023,-0.003,37
240,-7.948,-0.982,1.492,-0.000,-0.031,-0.001,37
241,-7.943,-0.977,1.492,-0.000,-0.035,-0.000,37
242,-7.938,-0.973,1.492,-0.000,-0.037,-0.001,37
243,-7.934,-0.969,1.492,-0.000,-0.034,-0.002,37
244,-7.929,-0.965,1.492,-0.000,-0.029,-0.003,37
245,-7.924,-0.961,1.492,-0.000,-0.022,-0.003,37
246,-7.920,-0.956,1.492,-0.000,-0.015,-0.002,37
247,-7.915,-0.952,1.492,-0.000,-0.011,-0.000,37
248,-7.911,-0.948,1.492,-0.000,-0.009,0.001,37
249,-7.906,-0.944,1.492,-0.000,-0.002,0.012,37
250,-7.902,-0.939,1.492,-0.000,0.001,0.020,37
251,-7.897,-0.935,1.492,-0.000,-0.000,0.021,37
252,-7.893,-0.931,1.492,-0.000,-0.003,0.017,37
253,-7.888,-0.927,1.492,-0.000,-0.008,0.010,37
254,-7.884,-0.923,1.492,-0.000,-0.012,0.002,37
255,-7.880,-0.919,1.492,-0.000,-0.013,-0.002,37
256,-7.875,-0.915,1.492,-0.000,-0.013,-0.004,37
257,-7.871,-0.911,1.492,-0.000,-0.008,-0.002,37
258,-7.867,-0.907,1.492,-0.000,-0.006,0.001,37
259,-7.862,-0.903,1.492,-0.000,-0.003,0.003,37
260,-7.858,-0.898,1.492,-0.000,-0.002,0.005,37
261,-7.854,-0.894,1.492,-0.000,-0.001,0.006,37
262,-7.849,-0.890,1.492,-0.000,-0.001,0.006,37
263,-7.845,-0.886,1.492,-0.000,-0.002,0.005,37
264,-7.841,-0.882,1.492,-0.000,-0.003,0.003,37
265,-7.836,-0.878,1.492,-0.000,-0.004,0.002,37
266,-7.832,-0.874,1.492,-0.000,-0.005,0.001,37
267,-7.828,-0.870,1.492,-0.000,-0.004,0.001,37
268,-7.824,-0.866,1.492,-0.000,-0.014,0.166,37
269,-7.819,-0.863,1.492,-0.000,-0.034,0.276,7
270,-7.815,-0.860,1.492,-0.000,0.100,0.288,7
271,-7.811,-0.858,1.492,-0.000,0.211,0.226,7
272,-7.805,-0.857,1.493,-0.000,0.243,0.125,7
273,-7.799,-0.857,1.493,-0.000,0.203,0.023,7
274,-7.793,-0.857,1.493,-0.000,0.119,-0.053,7
275,-7.786,-0.856,1.493,-0.000,0.030,-0.086,7
276,-7.778,-0.856,1.493,-0.000,-0.036,-0.077,7
277,-7.771,-0.855,1.494,-0.000,-0.068,-0.043,7
278,-7.764,-0.853,1.494,-0.000,-0.063,0.004,7
279,-7.757,-0.852,1.494,-0.000,-0.034,0.045,7
280,-7.750,-0.851,1.494,-0.000,0.001,0.068,7
281,-7.744,-0.850,1.494,-0.000,0.028,0.068,7
282,-7.737,-0.850,1.494,-0.000,0.042,0.051,7
283,-7.730,-0.850,1.494,-0.000,0.039,0.026,7
284,-7.723,-0.849,1.495,-0.000,0.026,0.001,7
285,-7.716,-0.849,1.495,-0.000,0.009,-0.014,7
286,-7.708,-0.849,1.495,-0.000,-0.005,-0.018,7
287,-7.701,-0.848,1.495,-0.000,-0.013,-0.013,7
288,-7.694,-0.848,1.495,-0.000,-0.014,-0.002,7
289,-7.687,-0.847,1.495,-0.000,-0.011,0.009,7
290,-7.679,-0.847,1.496,-0.000,-0.004,0.018,7
291,-7.672,-0.847,1.496,-0.000,0.003,0.023,7
292,-7.665,-0.846,1.496,-0.000,0.007,0.022,7
293,-7.658,-0.846,1.496,-0.000,0.007,0.015,7
294,-7.650,-0.846,1.496,-0.000,0.004,0.007,7
295,-7.643,-0.846,1.496,-0.000,0.001,0.004,7
296,-7.636,-0.846,1.496,-0.000,-0.003,0.001,7
297,-7.629,-0.846,1.496,-0.000,-0.006,-0.001,7
298,-7.621,-0.846,1.496,-0.000,-0.008,-0.003,7
299,-7.614,-0.846,1.497,-0.000,-0.009,-0.004,7
300,-7.607,-0.845,1.497,-0.000,-0.009,-0.006,7
301,-7.599,-0.845,1.497,-0.000,-0.007,-0.006,7
302,-7.592,-0.845,1.497,-0.000,-0.005,-0.004,7
303,-7.585,-0.845,1.497,-0.000,-0.002,0.002,7
304,-7.578,-0.845,1.497,-0.000,0.001,0.009,7
305,-7.570,-0.845,1.497,-0.000,0.003,0.016,7
306,-7.563,-0.845,1.497,-0.000,0.003,0.018,7
307,-7.556,-0.845,1.497,-0.000,0.004,0.018,7
308,-7.548,-0.845,1.497,-0.000,0.002,0.012,7
309,-7.541,-0.845,1.497,-0.000,0.000,0.007,7
310,-7.534,-0.845,1.497,-0.000,-0.001,0.003,7
311,-7.526,-0.845,1.497,-0.000,-0.003,-0.001,7
312,-7.519,-0.845,1.497,-0.000,-0.003,0.000,7
313,-7.511,-0.845,1.497,-0.000,-0.001,0.005,7
314,-7.504,-0.845,1.497,-0.000,0.002,0.012,7
315,-7.496,-0.845,1.497,-0.000,0.003,0.015,7
316,-7.489,-0.846,1.497,-0.000,0.003,0.014,7
317,-7.482,-0.846,1.497,-0.000,0.002,0.011,7
318,-7.474,-0.846,1.497,-0.000,-0.000,0.007,7
319,-7.467,-0.846,1.498,-0.000,-0.002,0.002,7
320,-7.459,-0.847,1.498,-0.000,-0.003,0.000,7
321,-7.451,-0.847,1.498,-0.000,-0.002,0.001,7
322,-7.444,-0.848,1.498,-0.000,-0.001,0.003,7
323,-7.436,-0.848,1.498,-0.000,-0.001,0.005,7
324,-7.429,-0.848,1.498,-0.000,-0.001,0.004,7
325,-7.421,-0.849,1.498,-0.000,-0.002,0.002,7
326,-7.414,-0.849,1.498,-0.000,-0.004,-0.002,7
327,-7.406,-0.849,1.498,-0.000,-0.006,-0.005,7
328,-7.399,-0.850,1.498,-0.000,-0.006,-0.005,7
329,-7.391,-0.850,1.498,-0.000,-0.005,-0.003,7
330,-7.384,-0.850,1.498,-0.000,-0.004,-0.000,7
331,-7.376,-0.851,1.498,-0.000,-0.005,-0.001,7
332,-7.368,-0.851,1.498,-0.000,-0.006,-0.002,7
333,-7.361,-0.851,1.498,-0.000,-0.006,-0.001,7
334,-7.353,-0.852,1.498,-0.000,-0.005,0.000,7
335,-7.346,-0.852,1.498,-0.000,-0.005,0.002,7
336,-7.338,-0.852,1.498,-0.000,-0.004,0.002,7
337,-7.331,-0.853,1.498,-0.000,-0.004,0.001,7
338,-7.323,-0.853,1.498,-0.000,-0.005,-0.001,7
339,-7.316,-0.854,1.498,-0.000,-0.006,-0.004,7
340,-7.308,-0.854,1.498,-0.000,-0.008,-0.006,7
341,-7.301,-0.854,1.498,-0.000,-0.009,-0.008,7
342,-7.293,-0.854,1.498,-0.000,-0.009,-0.008,7
343,-7.286,-0.855,1.498,-0.000,-0.008,-0.007,7
344,-7.278,-0.855,1.498,-0.000,-0.007,-0.006,7
345,-7.271,-0.855,1.498,-0.000,-0.007,-0.007,7
346,-7.264,-0.855,1.498,-0.000,-0.008,-0.008,7
347,-7.256,-0.856,1.498,-0.000,-0.008,-0.009,7
348,-7.249,-0.856,1.498,-0.000,-0.008,-0.008,7
349,-7.241,-0.856,1.498,-0.000,-0.007,-0.006,7
350,-7.234,-0.856,1.498,-0.000,-0.006,-0.004,7
351,-7.227,-0.856,1.498,-0.000,-0.005,-0.002,7
352,-7.219,-0.856,1.498,-0.000,-0.004,-0.001,7
353,-7.212,-0.856,1.498,-0.000,-0.004,-0.001,7
354,-7.204,-0.856,1.498,-0.000,-0.005,-0.003,7
355,-7.197,-0.856,1.498,-0.000,-0.006,-0.005,7
356,-7.190,-0.856,1.498,-0.000,-0.008,-0.007,7
357,-7.182,-0.856,1.498,-0.000,-0.009,-0.009,7
358,-7.175,-0.856,1.498,-0.000,-0.011,-0.011,7
359,-7.168,-0.856,1.498,-0.000,-0.012,-0.013,7
360,-7.161,-0.856,1.498,-0.000,-0.013,-0.014,7
361,-7.153,-0.856,1.498,-0.000,-0.013,-0.014,7
362,-7.146,-0.856,1.498,-0.000,-0.013,-0.014,7
363,-7.139,-0.856,1.498,-0.000,-0.013,-0.014,7
364,-7.132,-0.855,1.498,-0.000,-0.012,-0.013,7
365,-7.125,-0.855,1.498,-0.000,-0.012,-0.012,7
366,-7.118,-0.855,1.498,-0.000,-0.012,-0.011,7
367,-7.111,-0.854,1.498,-0.000,-0.012,-0.009,7
368,-7.104,-0.854,1.498,-0.000,-0.012,-0.009,7
369,-7.097,-0.853,1.498,-0.000,-0.012,-0.008,7
370,-7.090,-0.853,1.498,-0.000,-0.012,-0.007,7
371,-7.083,-0.852,1.498,-0.000,-0.012,-0.007,7
372,-7.076,-0.852,1.499,-0.000,-0.012,-0.008,7
373,-7.069,-0.851,1.499,-0.000,-0.013,-0.008,7
374,-7.062,-0.850,1.499,-0.000,-0.013,-0.008,7
375,-7.055,-0.850,1.499,-0.000,-0.012,-0.008,7
376,-7.048,-0.849,1.499,-0.000,-0.012,-0.007,7
377,-7.042,-0.848,1.499,-0.000,-0.011,-0.006,7
378,-7.035,-0.848,1.499,-0.000,-0.024,0.105,7
379,-7.028,-0.847,1.499,-0.000,-0.035,0.182,7
380,-7.022,-0.848,1.499,-0.000,-0.044,0.200,7
381,-7.015,-0.848,1.499,-0.000,-0.054,0.172,7
382,-7.009,-0.850,1.498,-0.000,-0.063,0.119,7
383,-7.003,-0.852,1.498,-0.000,-0.070,0.065,7
384,-6.997,-0.854,1.498,-0.000,-0.071,0.023,7
385,-6.992,-0.856,1.498,-0.000,-0.063,-0.002,7
386,-6.986,-0.859,1.498,-0.000,-0.043,-0.011,7
387,-6.981,-0.861,1.498,-0.000,-0.015,-0.011,7
388,-6.976,-0.863,1.498,-0.000,0.015,-0.010,7
389,-6.970,-0.865,1.498,-0.000,0.040,-0.011,7
390,-6.965,-0.867,1.498,-0.000,0.052,-0.012,7
391,-6.960,-0.869,1.498,-0.000,0.050,-0.012,7
392,-6.954,-0.872,1.498,-0.000,0.030,-0.006,7
393,-6.948,-0.874,1.498,-0.000,-0.001,0.009,7
394,-6.942,-0.876,1.498,-0.000,-0.038,0.029,7
395,-6.936,-0.878,1.498,-0.000,-0.069,0.050,7
396,-6.931,-0.880,1.498,-0.000,-0.086,0.064,7
397,-6.926,-0.883,1.498,-0.000,-0.086,0.066,7
398,-6.921,-0.886,1.498,-0.000,-0.068,0.057,7
399,-6.916,-0.889,1.498,-0.000,-0.030,0.031,7
400,-6.911,-0.892,1.498,-0.000,0.016,-0.006,7
401,-6.906,-0.895,1.498,-0.000,0.057,-0.041,12
402,-6.902,-0.898,1.498,-0.000,0.023,0.066,12
403,-6.897,-0.901,1.498,-0.000,-0.014,0.148,12
404,-6.892,-0.905,1.498,-0.000,-0.041,0.174,12
405,-6.887,-0.909,1.499,-0.000,-0.057,0.156,12
406,-6.882,-0.914,1.499,-0.000,-0.064,0.113,12
407,-6.878,-0.919,1.499,-0.000,-0.063,0.068,12
408,-6.873,-0.925,1.499,-0.000,-0.056,0.031,12
409,-6.869,-0.930,1.499,-0.000,-0.039,0.005,12
410,-6.865,-0.936,1.499,-0.000,-0.014,-0.012,12
411,-6.862,-0.942,1.499,-0.000,0.016,-0.025,12
412,-6.858,-0.947,1.499,-0.000,0.044,-0.036,12
413,-6.853,-0.953,1.499,-0.000,0.065,-0.046,12
414,-6.849,-0.958,1.499,-0.000,0.072,-0.051,12
415,-6.845,-0.963,1.499,-0.000,0.066,-0.049,12
416,-6.840,-0.968,1.499,-0.000,0.049,-0.039,12
417,-6.835,-0.973,1.499,-0.000,0.027,-0.024,12
418,-6.830,-0.978,1.499,-0.000,0.006,-0.009,32
419,-6.825,-0.983,1.499,-0.000,-0.086,-0.499,32
420,-6.820,-0.986,1.499,-0.000,-0.147,-0.826,32
421,-6.815,-0.986,1.499,-0.000,-0.164,-0.872,32
422,-6.812,-0.984,1.499,-0.000,-0.147,-0.693,32
423,-6.808,-0.979,1.500,-0.000,-0.113,-0.401,32
424,-6.805,-0.972,1.500,-0.000,-0.077,-0.110,32
425,-6.803,-0.965,1.500,-0.000,-0.053,0.094,32
426,-6.800,-0.959,1.500,-0.000,-0.044,0.181,32
427,-6.798,-0.953,1.500,-0.000,-0.048,0.159,32
428,-6.796,-0.947,1.500,-0.000,-0.056,0.072,32
429,-6.794,-0.942,1.500,-0.000,-0.062,-0.032,32
430,-6.792,-0.936,1.500,-0.000,-0.059,-0.111,32
431,-6.791,-0.930,1.501,-0.000,-0.050,-0.144,32
432,-6.789,-0.924,1.501,-0.000,-0.038,-0.136,32
433,-6.788,-0.917,1.501,-0.000,-0.029,-0.099,32
434,-6.787,-0.910,1.501,-0.000,-0.025,-0.053,32
435,-6.786,-0.903,1.502,-0.000,-0.020,-0.011,32
436,-6.785,-0.895,1.502,-0.000,-0.017,0.016,32
437,-6.784,-0.888,1.502,-0.000,-0.014,0.025,32
438,-6.783,-0.881,1.502,-0.000,-0.013,0.018,32
439,-6.782,-0.874,1.503,-0.000,-0.011,0.003,32
440,-6.781,-0.866,1.503,-0.000,-0.008,-0.011,32
441,-6.780,-0.859,1.503,-0.000,-0.004,-0.020,32
442,-6.780,-0.852,1.504,-0.000,0.001,-0.021,32
443,-6.779,-0.844,1.504,-0.000,0.005,-0.016,32
444,-6.778,-0.837,1.504,-0.000,0.008,-0.009,32
445,-6.777,-0.829,1.505,-0.000,0.010,-0.000,32
446,-6.776,-0.821,1.505,-0.000,0.009,0.005,32
447,-6.776,-0.814,1.505,-0.000,0.008,0.007,32
448,-6.775,-0.806,1.505,-0.000,0.007,0.007,32
449,-6.774,-0.799,1.506,-0.000,0.007,0.004,32
450,-6.773,-0.791,1.506,-0.000,0.006,0.001,32
451,-6.772,-0.784,1.506,-0.000,0.006,-0.001,32
452,-6.771,-0.776,1.506,-0.000,0.006,-0.004,32
453,-6.770,-0.768,1.507,-0.000,0.005,-0.006,32
454,-6.769,-0.761,1.507,-0.000,0.005,-0.007,32
455,-6.768,-0.753,1.507,-0.000,0.004,-0.009,32
456,-6.766,-0.745,1.507,-0.000,0.003,-0.012,32
457,-6.765,-0.737,1.508,-0.000,0.001,-0.015,32
458,-6.764,-0.730,1.508,-0.000,-0.000,-0.018,32
459,-6.763,-0.722,1.508,-0.000,-0.000,-0.019,32
460,-6.762,-0.714,1.508,-0.000,-0.001,-0.020,32
461,-6.761,-0.706,1.508,-0.000,0.001,-0.019,32
462,-6.760,-0.697,1.509,-0.000,0.002,-0.018,32
463,-6.759,-0.689,1.509,-0.000,0.004,-0.016,32
464,-6.757,-0.681,1.509,-0.000,0.063,0.051,37
465,-6.756,-0.673,1.509,-0.000,-0.115,0.242,37
466,-6.755,-0.665,1.509,-0.000,-0.251,0.345,37
467,-6.755,-0.659,1.509,-0.000,-0.293,0.331,37
468,-6.756,-0.654,1.509,-0.000,-0.245,0.234,37
469,-6.758,-0.650,1.509,-0.000,-0.137,0.104,37
470,-6.760,-0.646,1.509,-0.000,-0.011,-0.011,37
471,-6.762,-0.642,1.509,-0.000,0.090,-0.080,37
472,-6.764,-0.637,1.509,-0.000,0.146,-0.098,37
473,-6.765,-0.633,1.509,-0.000,0.157,-0.074,37
474,-6.766,-0.628,1.510,-0.000,0.125,-0.029,37
475,-6.767,-0.623,1.510,-0.000,0.071,0.016,37
476,-6.767,-0.618,1.510,-0.000,0.017,0.046,37
477,-6.768,-0.614,1.510,-0.000,-0.025,0.056,37
478,-6.768,-0.609,1.510,-0.000,-0.043,0.047,37
479,-6.768,-0.605,1.510,-0.000,-0.040,0.028,37
480,-6.769,-0.600,1.510,-0.000,-0.022,0.007,37
481,-6.769,-0.596,1.510,-0.000,0.001,-0.009,37
482,-6.770,-0.592,1.510,-0.000,0.022,-0.018,37
483,-6.771,-0.587,1.510,-0.000,0.030,-0.019,37
484,-6.771,-0.583,1.510,-0.000,0.030,-0.013,37
485,-6.772,-0.578,1.504,-0.000,0.024,-0.004,37
486,-6.772,-0.574,1.503,-0.000,0.016,0.004,37
487,-6.772,-0.569,1.501,-0.000,0.007,0.009,37
488,-6.772,-0.565,1.500,-0.000,0.001,0.010,37
489,-6.773,-0.560,1.500,-0.000,-0.001,0.009,37
490,-6.773,-0.556,1.499,-0.000,-0.000,0.006,37
491,-6.773,-0.551,1.498,-0.000,0.004,0.002,37
492,-6.773,-0.547,1.497,-0.000,0.008,-0.000,37
493,-6.773,-0.543,1.496,-0.000,0.012,-0.001,37
494,-6.773,-0.538,1.496,-0.000,0.014,-0.000,37
495,-6.774,-0.534,1.495,-0.000,0.015,0.001,37
496,-6.774,-0.529,1.495,-0.000,0.012,0.003,37
497,-6.774,-0.525,1.494,-0.000,0.006,0.004,37
498,-6.774,-0.520,1.494,-0.000,-0.000,0.004,37
499,-6.774,-0.516,1.494,-0.000,-0.004,0.003,37
500,-6.774,-0.511,1.493,-0.000,-0.005,0.002,37
501,-6.774,-0.507,1.493,-0.000,-0.004,0.002,37
502,-6.774,-0.502,1.493,-0.000,-0.003,0.002,37
503,-6.774,-0.498,1.492,-0.000,0.001,0.004,37
504,-6.774,-0.493,1.492,-0.000,-0.002,-0.005,37
505,-6.774,-0.489,1.492,-0.000,-0.003,-0.012,37
506,-6.774,-0.484,1.491,-0.000,-0.005,-0.015,37
507,-6.774,-0.480,1.491,-0.000,-0.000,-0.007,37
508,-6.774,-0.475,1.491,-0.000,0.004,0.003,37
509,-6.774,-0.470,1.491,-0.000,0.006,0.011,37
510,-6.774,-0.466,1.491,-0.000,0.007,0.014,37
511,-6.774,-0.461,1.491,-0.000,0.002,0.013,37
512,-6.774,-0.457,1.490,-0.000,0.002,0.009,37
513,-6.774,-0.452,1.490,-0.000,0.001,0.005,37
514,-6.774,-0.448,1.490,-0.000,-0.008,0.002,37
515,-6.774,-0.443,1.490,-0.000,-0.011,0.000,37
516,-6.774,-0.438,1.496,-0.000,-0.011,-0.000,37
517,-6.774,-0.434,1.497,-0.000,-0.012,-0.000,37
518,-6.774,-0.429,1.498,-0.000,-0.005,0.001,37
519,-6.774,-0.425,1.499,-0.000,0.002,0.003,37
520,-6.774,-0.420,1.500,-0.000,0.011,0.005,37
521,-6.774,-0.416,1.501,-0.000,0.014,0.006,37
522,-6.775,-0.411,1.502,-0.000,0.016,0.006,37
523,-6.775,-0.407,1.502,-0.000,0.013,0.006,37
524,-6.774,-0.402,1.503,-0.000,0.008,0.005,37
525,-6.774,-0.398,1.503,-0.000,-0.002,0.004,37
526,-6.774,-0.393,1.504,-0.000,-0.010,0.002,37
527,-6.774,-0.389,1.504,-0.000,-0.013,0.001,37
528,-6.774,-0.384,1.505,-0.000,-0.009,0.223,37
529,-6.774,-0.381,1.505,-0.000,-0.003,0.369,37
530,-6.774,-0.378,1.505,-0.000,0.002,0.386,37
531,-6.774,-0.377,1.506,-0.000,0.005,0.299,37
532,-6.774,-0.377,1.506,-0.000,0.006,0.160,37
533,-6.775,-0.377,1.506,-0.000,0.005,0.023,37
534,-6.775,-0.378,1.506,-0.000,-0.007,-0.291,37
535,-6.775,-0.377,1.507,-0.000,-0.015,-0.471,37
536,-6.775,-0.375,1.507,-0.000,-0.020,-0.471,37
537,-6.775,-0.372,1.507,-0.000,-0.018,-0.338,37
538,-6.775,-0.367,1.507,-0.000,-0.012,-0.148,37
539,-6.775,-0.362,1.507,-0.000,-0.002,0.027,37
540,-6.775,-0.356,1.507,-0.000,0.014,0.353,37
541,-6.776,-0.352,1.507,-0.000,0.024,0.525,37
542,-6.776,-0.350,1.508,-0.000,0.024,0.507,37
543,-6.776,-0.349,1.508,-0.000,0.018,0.353,37
544,-6.776,-0.349,1.508,-0.000,0.008,0.146,37
545,-6.776,-0.350,1.508,-0.000,-0.001,-0.038,37
546,-6.776,-0.351,1.508,-0.000,-0.007,-0.151,37
547,-6.776,-0.352,1.508,-0.000,-0.009,-0.179,37
548,-6.776,-0.352,1.508,-0.000,-0.013,-0.343,37
549,-6.776,-0.351,1.508,-0.000,-0.013,-0.398,37
550,-6.776,-0.348,1.508,-0.000,0.094,-0.522,37
551,-6.775,-0.344,1.508,-0.000,0.168,-0.509,37
552,-6.775,-0.338,1.508,-0.000,0.179,-0.376,37
553,-6.773,-0.330,1.509,-0.000,0.142,-0.191,37
554,-6.771,-0.322,1.509,-0.000,-0.018,0.172,37
555,-6.770,-0.315,1.509,-0.000,-0.166,0.407,37
556,-6.768,-0.308,1.509,-0.000,-0.238,0.454,37
557,-6.768,-0.303,1.509,-0.000,-0.225,0.351,37
558,-6.768,-0.300,1.509,-0.000,-0.152,0.174,37
559,-6.769,-0.297,1.509,-0.000,-0.055,-0.003,37
560,-6.770,-0.294,1.509,-0.000,0.064,-0.121,37
561,-6.770,-0.290,1.509,-0.000,0.142,-0.162,37
562,-6.771,-0.287,1.509,-0.000,0.165,-0.137,37
563,-6.771,-0.282,1.510,-0.000,0.228,-0.244,37
564,-6.770,-0.277,1.510,-0.000,0.228,-0.286,37
565,-6.768,-0.271,1.510,-0.000,0.169,-0.245,37
566,-6.765,-0.264,1.504,-0.000,0.081,-0.155,37
567,-6.763,-0.256,1.503,-0.000,-0.001,-0.056,37
568,-6.760,-0.248,1.502,-0.000,-0.055,0.021,37
569,-6.758,-0.241,1.501,-0.000,-0.166,0.241,37
570,-6.756,-0.234,1.500,-0.000,-0.217,0.362,37
571,-6.754,-0.228,1.499,-0.000,-0.102,0.168,37
572,-6.753,-0.222,1.499,-0.000,0.027,-0.056,37
573,-6.752,-0.217,1.498,-0.000,0.116,-0.211,37
574,-6.751,-0.211,1.497,-0.000,0.147,-0.265,37
575,-6.749,-0.204,1.497,-0.000,0.126,-0.228,37
576,-6.747,-0.196,1.497,-0.000,0.073,-0.137,37
577,-6.744,-0.188,1.496,-0.000,0.011,-0.038,37
578,-6.742,-0.179,1.496,-0.000,-0.043,0.032,37
579,-6.739,-0.171,1.496,-0.000,-0.072,0.061,37
580,-6.737,-0.163,1.495,-0.000,-0.178,0.260,37
581,-6.735,-0.156,1.495,-0.000,-0.227,0.367,37
582,-6.734,-0.149,1.495,-0.000,-0.096,0.149,37
583,-6.734,-0.144,1.494,-0.000,-0.067,0.115,37
584,-6.734,-0.139,1.494,-0.000,-0.048,0.094,37
585,-6.733,-0.134,1.494,0.000,0.082,-0.134,37
586,-6.733,-0.128,1.494,0.000,0.173,-0.288,37
587,-6.732,-0.122,1.494,0.000,0.194,-0.317,37
588,-6.730,-0.115,1.494,0.000,0.157,-0.245,37
589,-6.728,-0.106,1.494,0.000,0.090,-0.119,37
590,-6.726,-0.098,1.494,0.000,0.021,0.008,37
591,-6.723,-0.089,1.494,0.000,-0.030,0.098,37
592,-6.721,-0.081,1.493,0.000,-0.051,0.133,37
593,-6.718,-0.073,1.493,0.000,-0.048,0.118,37
594,-6.716,-0.065,1.493,0.000,-0.028,0.072,37
595,-6.714,-0.058,1.493,0.000,-0.002,0.018,37
596,-6.712,-0.050,1.493,0.000,0.019,-0.027,37
597,-6.710,-0.043,1.493,0.000,0.031,-0.051,37
598,-6.708,-0.035,1.493,0.000,0.031,-0.056,37
599,-6.705,-0.028,1.493,0.000,0.023,-0.046,37
600,-6.703,-0.020,1.493,0.000,0.009,-0.032,37
601,-6.700,-0.012,1.493,0.000,-0.003,-0.016,37
602,-6.698,-0.004,1.493,0.000,-0.011,-0.003,37
603,-6.695,0.005,1.493,0.000,-0.012,0.008,37
604,-6.693,0.013,1.493,0.000,-0.006,0.019,37
605,-6.691,0.021,1.493,0.000,0.002,0.027,37
606,-6.688,0.029,1.493,0.000,0.011,0.031,37
607,-6.686,0.037,1.493,0.000,0.017,0.032,37
608,-6.683,0.045,1.494,0.000,0.011,0.022,37
609,-6.681,0.053,1.494,0.000,0.007,0.013,37
610,-6.678,0.060,1.494,0.000,0.012,0.010,37
611,-6.675,0.068,1.494,0.000,0.015,0.004,37
612,-6.673,0.076,1.494,0.000,0.012,-0.007,37
613,-6.670,0.084,1.494,0.000,0.011,-0.013,37
614,-6.667,0.091,1.494,0.000,0.009,-0.012,37
615,-6.664,0.099,1.494,0.000,0.005,-0.009,37
616,-6.662,0.107,1.494,0.000,0.000,-0.003,37
617,-6.659,0.115,1.494,0.000,-0.001,0.008,37
618,-6.656,0.123,1.494,0.000,0.000,0.021,37
619,-6.653,0.131,1.494,0.000,0.007,0.033,37
620,-6.650,0.139,1.494,0.000,0.017,0.041,37
621,-6.647,0.147,1.494,0.000,0.023,0.040,37
622,-6.644,0.154,1.494,0.000,0.023,0.027,37
623,-6.641,0.162,1.494,0.000,0.016,0.006,37
624,-6.638,0.169,1.494,0.000,0.012,0.004,37
625,-6.635,0.177,1.494,0.000,0.008,-0.000,37
626,-6.631,0.184,1.494,0.000,-0.001,-0.011,37
627,-6.628,0.192,1.494,0.000,-0.016,-0.026,37
628,-6.625,0.199,1.494,0.000,-0.026,-0.031,37
629,-6.622,0.207,1.494,0.000,-0.023,-0.018,37
630,-6.619,0.215,1.494,0.000,-0.006,0.013,37
631,-6.616,0.222,1.494,0.000,0.017,0.047,37
632,-6.612,0.230,1.494,0.000,0.035,0.069,37
633,-6.609,0.238,1.494,0.000,0.042,0.071,37
634,-6.606,0.245,1.494,0.000,0.035,0.051,37
635,-6.602,0.252,1.494,0.000,0.018,0.015,37
636,-6.599,0.259,1.494,0.000,-0.001,-0.022,37
637,-6.595,0.266,1.494,0.000,-0.016,-0.049,37
638,-6.592,0.273,1.494,0.000,-0.019,-0.052,37
639,-6.588,0.281,1.494,0.000,-0.018,-0.042,37
640,-6.585,0.288,1.494,0.000,-0.010,-0.017,37
641,-6.581,0.296,1.494,0.000,0.002,0.014,37
642,-6.578,0.304,1.494,0.000,0.013,0.041,37
643,-6.574,0.311,1.493,0.000,0.020,0.056,37
644,-6.571,0.318,1.493,0.000,0.021,0.053,37
645,-6.567,0.326,1.493,0.000,0.016,0.034,37
646,-6.564,0.333,1.493,0.000,0.007,0.006,37
647,-6.560,0.340,1.493,0.000,-0.003,-0.024,37
648,-6.556,0.347,1.493,0.000,-0.010,-0.046,37
649,-6.553,0.354,1.493,0.000,-0.012,-0.053,37
650,-6.549,0.362,1.493,0.000,-0.009,-0.046,37
651,-6.545,0.369,1.493,0.000,-0.004,-0.026,37
652,-6.542,0.377,1.493,0.000,0.004,0.005,37
653,-6.538,0.385,1.493,0.000,0.012,0.034,37
654,-6.534,0.393,1.493,0.000,0.019,0.058,37
655,-6.531,0.400,1.493,0.000,0.023,0.067,37
656,-6.527,0.408,1.493,0.000,0.020,0.056,37
657,-6.523,0.415,1.493,0.000,0.013,0.031,37
658,-6.519,0.422,1.493,0.000,0.004,-0.003,37
659,-6.515,0.429,1.493,0.000,-0.005,-0.033,37
660,-6.511,0.436,1.493,0.000,-0.005,-0.042,37
661,-6.507,0.443,1.493,0.000,-0.002,-0.038,37
662,-6.503,0.451,1.493,0.000,0.002,-0.021,37
663,-6.499,0.458,1.493,0.000,0.004,-0.001,37
664,-6.495,0.466,1.493,0.000,0.008,0.025,37
665,-6.491,0.473,1.493,0.000,0.012,0.047,37
666,-6.487,0.481,1.493,0.000,0.016,0.062,37
667,-6.483,0.488,1.493,0.000,0.017,0.062,37
668,-6.479,0.495,1.493,0.000,0.015,0.047,37
669,-6.474,0.502,1.493,0.000,0.010,0.022,37
670,-6.470,0.509,1.493,0.000,0.003,-0.005,37
671,-6.466,0.515,1.493,0.000,-0.002,-0.029,37
672,-6.461,0.522,1.493,0.000,-0.004,-0.039,37
673,-6.457,0.529,1.493,0.000,-0.004,-0.039,37
674,-6.453,0.536,1.493,0.000,-0.002,-0.029,37
675,-6.449,0.544,1.493,0.000,-0.125,0.127,37
676,-6.445,0.550,1.493,0.000,-0.202,0.235,37
677,-6.441,0.557,1.493,0.000,-0.083,0.119,37
678,-6.438,0.562,1.493,0.000,0.050,-0.017,37
679,-6.435,0.568,1.493,0.000,0.138,-0.109,37
680,-6.432,0.574,1.493,0.000,0.165,-0.141,37
681,-6.428,0.581,1.493,0.000,0.028,0.009,37
682,-6.423,0.587,1.493,0.000,-0.102,0.146,37
683,-6.419,0.593,1.493,0.000,-0.175,0.212,37
684,-6.416,0.599,1.493,0.000,-0.071,0.067,37
685,-6.413,0.604,1.493,0.000,0.047,-0.080,37
686,-6.410,0.610,1.493,0.000,0.127,-0.165,37
687,-6.406,0.616,1.493,0.000,0.153,-0.177,37
688,-6.402,0.622,1.493,0.000,0.131,-0.132,37
689,-6.397,0.629,1.493,0.000,0.080,-0.060,37
690,-6.392,0.637,1.493,0.000,0.024,0.011,37
691,-6.387,0.644,1.493,0.000,-0.021,0.055,37
692,-6.382,0.651,1.493,0.000,-0.167,0.194,37
693,-6.378,0.658,1.493,0.000,-0.249,0.263,37
694,-6.374,0.663,1.493,0.000,-0.259,0.237,37
695,-6.371,0.668,1.493,0.000,-0.198,0.155,37
696,-6.369,0.672,1.493,0.000,-0.098,0.058,37
697,-6.367,0.677,1.493,0.000,0.004,-0.022,37
698,-6.366,0.681,1.493,0.000,0.077,-0.064,37
699,-6.364,0.685,1.492,0.000,0.109,-0.065,37
700,-6.361,0.690,1.492,0.000,0.102,-0.038,37
701,-6.359,0.694,1.492,0.000,0.184,-0.118,37
702,-6.355,0.700,1.492,0.000,0.216,-0.160,37
703,-6.351,0.705,1.493,0.000,0.187,-0.147,37
704,-6.347,0.711,1.493,0.000,0.119,-0.098,37
705,-6.342,0.718,1.493,0.000,0.042,-0.037,37
706,-6.336,0.725,1.493,0.000,-0.019,0.014,37
707,-6.331,0.731,1.493,0.000,-0.052,0.042,37
708,-6.326,0.738,1.493,0.000,-0.055,0.047,37
709,-6.321,0.744,1.493,0.000,-0.037,0.034,37
710,-6.316,0.751,1.493,0.000,-0.009,0.013,37
711,-6.311,0.757,1.493,0.000,0.016,-0.006,37
712,-6.307,0.763,1.493,0.000,-0.083,0.096,37
713,-6.302,0.769,1.493,0.000,-0.154,0.168,37
714,-6.298,0.775,1.493,0.000,-0.169,0.180,37
715,-6.294,0.780,1.493,0.000,-0.020,0.036,37
716,-6.291,0.784,1.493,0.000,0.115,-0.095,37
717,-6.287,0.789,1.493,0.000,0.185,-0.161,37
718,-6.283,0.795,1.493,0.000,0.186,-0.159,37
719,-6.278,0.801,1.493,0.000,0.134,-0.108,37
720,-6.272,0.808,1.493,0.000,0.060,-0.038,37
721,-6.266,0.814,1.493,0.000,-0.008,0.025,37
722,-6.261,0.821,1.493,0.000,-0.051,0.063,37
723,-6.255,0.827,1.493,0.000,-0.064,0.071,37
724,-6.250,0.833,1.493,0.000,-0.159,0.157,37
725,-6.245,0.839,1.493,0.000,-0.202,0.196,37
726,-6.241,0.844,1.493,0.000,-0.346,0.379,37
727,-6.238,0.848,1.493,0.000,-0.392,0.453,37
728,-6.236,0.850,1.493,0.000,-0.329,0.396,37
729,-6.235,0.851,1.493,0.000,-0.202,0.257,37
730,-6.235,0.851,1.493,0.000,0.213,-0.189,37
731,-6.235,0.852,1.493,0.000,0.503,-0.497,37
732,-6.232,0.854,1.493,0.000,0.579,-0.577,37
733,-6.228,0.858,1.493,0.000,0.473,-0.464,37
734,-6.223,0.863,1.493,0.000,0.264,-0.247,37
735,-6.216,0.870,1.494,0.000,0.044,-0.022,37
736,-6.209,0.877,1.494,0.000,-0.121,0.139,37
737,-6.202,0.883,1.494,0.000,-0.195,0.205,37
738,-6.196,0.889,1.494,0.000,-0.184,0.184,37
739,-6.191,0.894,1.494,0.000,-0.116,0.107,37
740,-6.186,0.898,1.494,0.000,-0.028,0.016,37
741,-6.181,0.903,1.494,0.000,0.046,-0.056,37
742,-6.176,0.908,1.494,0.000,0.087,-0.091,37
743,-6.171,0.913,1.494,0.000,0.091,-0.087,37
744,-6.165,0.918,1.495,0.000,0.067,-0.057,37
745,-6.159,0.924,1.495,0.000,0.031,-0.016,37
746,-6.153,0.930,1.495,0.000,-0.005,0.019,37
747,-6.147,0.935,1.495,0.000,-0.028,0.040,37
748,-6.141,0.941,1.495,0.000,-0.035,0.045,37
749,-6.136,0.946,1.495,0.000,-0.029,0.036,37
750,-6.130,0.951,1.495,0.000,-0.016,0.019,37
751,-6.124,0.957,1.495,0.000,-0.001,0.004,37
752,-6.118,0.962,1.495,0.000,0.011,-0.006,37
753,-6.113,0.967,1.495,0.000,0.016,-0.009,37
754,-6.107,0.972,1.495,0.000,0.015,-0.007,37
755,-6.101,0.978,1.495,0.000,0.010,0.001,37
756,-6.095,0.983,1.495,0.000,0.004,0.008,37
757,-6.089,0.988,1.495,0.000,-0.002,0.012,37
758,-6.083,0.993,1.495,0.000,-0.004,0.017,37
759,-6.077,0.999,1.495,0.000,-0.005,0.017,37
760,-6.072,1.004,1.495,0.000,-0.003,0.015,37
761,-6.066,1.009,1.495,0.000,-0.000,0.012,37
762,-6.060,1.014,1.496,0.000,0.002,0.010,37
763,-6.054,1.019,1.496,0.000,0.003,0.008,37
764,-6.048,1.024,1.496,0.000,0.004,0.007,37
765,-6.042,1.029,1.496,0.000,0.003,0.009,37
766,-6.036,1.034,1.496,0.000,0.002,0.009,37
767,-6.030,1.039,1.496,0.000,0.001,0.010,37
768,-6.024,1.044,1.496,0.000,0.000,0.011,37
769,-6.018,1.049,1.496,0.000,-0.000,0.012,37
770,-6.012,1.054,1.496,0.000,-0.000,0.011,37
771,-6.005,1.059,1.496,0.000,0.000,0.012,37
772,-5.999,1.064,1.496,0.000,0.001,0.012,37
773,-5.993,1.068,1.496,0.000,0.001,0.012,37
774,-5.987,1.073,1.496,0.000,0.002,0.012,37
775,-5.981,1.078,1.496,0.000,0.002,0.012,37
776,-5.975,1.083,1.496,0.000,0.002,0.015,37
777,-5.969,1.087,1.496,0.000,0.002,0.016,37
778,-5.963,1.092,1.496,0.000,0.001,0.016,37
779,-5.956,1.097,1.496,0.000,0.001,0.014,37
780,-5.950,1.101,1.496,0.000,0.001,0.013,37
781,-5.944,1.106,1.496,0.000,0.000,0.011,37
782,-5.938,1.110,1.496,0.000,0.000,0.010,37
783,-5.931,1.115,1.496,0.000,0.001,0.010,37
784,-5.925,1.119,1.496,0.000,0.001,0.011,37
785,-5.919,1.123,1.496,0.000,0.001,0.012,37
786,-5.912,1.128,1.496,0.000,0.002,0.014,37
787,-5.906,1.132,1.496,0.000,0.002,0.015,37
788,-5.900,1.136,1.496,0.000,0.000,0.011,37
789,-5.893,1.140,1.496,0.000,-0.001,0.007,37
790,-5.887,1.145,1.496,0.000,-0.002,0.005,37
791,-5.881,1.149,1.496,0.000,-0.001,0.006,37
792,-5.874,1.153,1.496,0.000,-0.001,0.008,37
793,-5.868,1.157,1.496,0.000,0.000,0.010,37
794,-5.862,1.161,1.496,0.000,0.001,0.013,37
795,-5.855,1.166,1.496,0.000,0.002,0.016,37
796,-5.849,1.170,1.496,0.000,0.002,0.016,37
797,-5.842,1.174,1.496,0.000,0.002,0.016,37
798,-5.836,1.178,1.496,0.000,0.001,0.014,37
799,-5.829,1.182,1.496,0.000,0.000,0.012,37
800,-5.823,1.186,1.496,0.000,0.000,0.011,37
801,-5.816,1.189,1.496,0.000,-0.000,0.011,37
802,-5.810,1.193,1.496,0.000,-0.000,0.011,37
803,-5.803,1.197,1.496,0.000,-0.000,0.010,37
804,-5.797,1.201,1.496,0.000,-0.000,0.010,37
805,-5.790,1.205,1.496,0.000,-0.000,0.010,37
806,-5.784,1.208,1.496,0.000,-0.000,0.010,37
807,-5.777,1.212,1.496,0.000,-0.000,0.011,37
808,-5.771,1.216,1.496,0.000,-0.000,0.011,37
809,-5.764,1.219,1.496,0.000,-0.000,0.011,37
810,-5.757,1.223,1.496,0.000,-0.000,0.011,37
811,-5.751,1.227,1.496,0.000,-0.000,0.011,37
812,-5.744,1.230,1.496,0.000,-0.001,0.010,37
813,-5.737,1.234,1.496,0.000,-0.001,0.010,37
814,-5.731,1.237,1.496,0.000,-0.001,0.009,37
815,-5.724,1.241,1.496,0.000,-0.001,0.010,37
816,-5.717,1.244,1.496,0.000,-0.001,0.008,37
817,-5.711,1.247,1.496,0.000,-0.001,0.009,37
818,-5.704,1.251,1.496,0.000,-0.001,0.007,37
819,-5.697,1.254,1.496,0.000,-0.001,0.007,37
820,-5.691,1.258,1.496,0.000,-0.001,0.008,37
821,-5.684,1.261,1.496,0.000,-0.001,0.009,37
822,-5.677,1.264,1.496,0.000,-0.001,0.010,37
823,-5.671,1.267,1.495,0.000,-0.000,0.011,37
824,-5.664,1.271,1.495,0.000,0.000,0.012,37
825,-5.657,1.274,1.495,0.000,0.000,0.012,37
826,-5.650,1.277,1.495,0.000,0.000,0.012,37
827,-5.644,1.280,1.495,0.000,0.000,0.012,37
828,-5.637,1.283,1.495,0.000,0.000,0.012,37
829,-5.630,1.286,1.495,0.000,0.000,0.012,37
830,-5.623,1.289,1.495,0.000,0.000,0.013,37
831,-5.616,1.292,1.495,0.000,0.000,0.012,37
832,-5.609,1.295,1.495,0.000,0.000,0.012,37
833,-5.603,1.298,1.495,0.000,0.000,0.012,37
834,-5.596,1.301,1.495,0.000,-0.000,0.010,37
835,-5.589,1.304,1.495,0.000,-0.001,0.009,37
836,-5.582,1.307,1.495,0.000,-0.001,0.008,37
837,-5.575,1.310,1.495,0.000,-0.001,0.007,37
838,-5.568,1.312,1.495,0.000,-0.001,0.009,37
839,-5.561,1.315,1.495,0.000,-0.001,0.010,37
840,-5.554,1.318,1.495,0.000,-0.001,0.010,37
841,-5.547,1.321,1.495,0.000,-0.001,0.010,37
842,-5.540,1.323,1.495,0.000,-0.001,0.009,37
843,-5.533,1.326,1.495,0.000,-0.001,0.008,37
844,-5.526,1.329,1.495,0.000,-0.002,0.006,37
845,-5.519,1.331,1.495,0.000,-0.002,0.006,37
846,-5.512,1.334,1.495,0.000,-0.002,0.006,37
847,-5.505,1.336,1.495,0.000,-0.002,0.005,37
848,-5.498,1.339,1.495,0.000,-0.002,0.005,37
849,-5.491,1.342,1.495,0.000,-0.002,0.005,37
850,-5.484,1.344,1.494,0.000,-0.002,0.006,37
851,-5.477,1.347,1.494,0.000,-0.002,0.006,37
852,-5.470,1.349,1.494,0.000,-0.002,0.005,37
853,-5.463,1.352,1.494,0.000,-0.003,0.004,37
854,-5.456,1.354,1.494,0.000,-0.003,0.004,37
855,-5.449,1.357,1.494,0.000,-0.003,0.004,37
856,-5.442,1.359,1.494,0.000,-0.003,0.004,37
857,-5.435,1.361,1.494,0.000,-0.003,0.003,37
858,-5.428,1.364,1.494,0.000,-0.003,0.004,37
859,-5.421,1.366,1.494,0.000,-0.003,0.004,37
860,-5.414,1.369,1.494,0.000,-0.003,0.003,37
861,-5.407,1.371,1.494,0.000,-0.003,0.003,37
862,-5.400,1.374,1.494,0.000,-0.003,0.004,37
863,-5.393,1.376,1.494,0.000,-0.003,0.004,37
864,-5.386,1.378,1.494,0.000,-0.002,0.005,37
865,-5.379,1.381,1.494,0.000,-0.002,0.006,37
866,-5.372,1.383,1.494,0.000,-0.002,0.007,37
867,-5.365,1.386,1.494,0.000,-0.002,0.007,37
868,-5.358,1.388,1.494,0.000,-0.002,0.007,37
869,-5.351,1.390,1.493,0.000,-0.002,0.007,37
870,-5.343,1.392,1.493,0.000,-0.002,0.006,37
871,-5.336,1.395,1.493,0.000,-0.002,0.006,37
872,-5.329,1.397,1.493,0.000,-0.003,0.004,37
873,-5.322,1.399,1.493,0.000,-0.003,0.004,37
874,-5.315,1.402,1.493,0.000,-0.003,0.004,37
875,-5.308,1.404,1.493,0.000,-0.003,0.005,37
876,-5.301,1.406,1.493,0.000,-0.003,0.005,37
877,-5.294,1.408,1.493,0.000,-0.003,0.005,37
878,-5.287,1.410,1.493,0.000,-0.003,0.004,37
879,-5.279,1.413,1.493,0.000,-0.003,0.003,37
880,-5.272,1.415,1.493,0.000,-0.004,0.001,37
881,-5.265,1.417,1.493,0.000,-0.004,0.001,37
882,-5.258,1.419,1.493,0.000,-0.004,0.000,37
883,-5.251,1.421,1.493,0.000,-0.004,0.001,37
884,-5.244,1.423,1.493,0.000,-0.003,0.002,37
885,-5.237,1.426,1.493,0.000,-0.003,0.003,37
886,-5.229,1.428,1.493,0.000,-0.003,0.003,37
887,-5.222,1.430,1.493,0.000,-0.003,0.003,37
888,-5.215,1.432,1.493,0.000,-0.004,0.002,37
889,-5.208,1.434,1.493,0.000,-0.004,0.001,37
890,-5.201,1.436,1.493,0.000,-0.004,-0.000,37
891,-5.194,1.439,1.493,0.000,-0.004,-0.000,37
892,-5.187,1.441,1.493,0.000,-0.004,-0.001,37
893,-5.179,1.443,1.493,0.000,-0.004,-0.002,37
894,-5.172,1.445,1.493,0.000,-0.004,-0.002,37
895,-5.165,1.447,1.493,0.000,-0.004,-0.001,37
896,-5.158,1.449,1.493,0.000,-0.004,-0.001,37
897,-5.151,1.452,1.493,0.000,-0.003,0.003,37
898,-5.144,1.454,1.493,0.000,-0.003,0.005,37
899,-5.137,1.456,1.493,0.000,-0.002,0.006,37
900,-5.130,1.458,1.493,0.000,-0.003,0.004,37
901,-5.122,1.460,1.493,0.000,-0.003,0.002,37
902,-5.115,1.462,1.493,0.000,-0.011,0.005,37
903,-5.108,1.465,1.493,0.000,-0.016,0.006,37
904,-5.101,1.467,1.493,0.000,-0.017,0.005,37
905,-5.094,1.469,1.493,0.000,-0.014,0.004,37
906,-5.087,1.471,1.493,0.000,-0.010,0.002,37
907,-5.080,1.473,1.493,0.000,-0.005,0.001,37
908,-5.073,1.475,1.493,0.000,-0.001,-0.000,37
909,-5.066,1.477,1.493,0.000,0.000,-0.000,37
910,-5.059,1.479,1.493,0.000,0.000,0.000,37
911,-5.052,1.481,1.493,0.000,0.001,0.002,37
912,-5.045,1.484,1.493,0.000,0.001,0.004,37
913,-5.038,1.486,1.493,0.000,-0.001,0.005,37
914,-5.031,1.488,1.494,0.000,-0.003,0.004,37
915,-5.024,1.490,1.494,0.000,-0.005,0.003,37
916,-5.017,1.492,1.494,0.000,-0.005,0.001,37
917,-5.010,1.494,1.494,0.000,-0.005,0.001,37
918,-5.003,1.496,1.494,0.000,-0.004,0.001,37
919,-4.996,1.498,1.494,0.000,-0.003,0.002,37
920,-4.989,1.500,1.494,0.000,-0.002,0.002,37
921,-4.982,1.502,1.494,0.000,-0.002,0.002,37
922,-4.975,1.504,1.494,0.000,-0.006,-0.000,37
923,-4.967,1.506,1.494,0.000,-0.000,0.004,37
924,-4.960,1.508,1.494,0.000,-0.001,0.004,37
925,-4.953,1.511,1.494,0.000,-0.003,0.002,37
926,-4.946,1.513,1.495,0.000,-0.007,-0.001,37
927,-4.939,1.515,1.495,0.000,-0.010,-0.004,37
928,-4.932,1.517,1.495,0.000,-0.012,-0.005,37
929,-4.925,1.519,1.495,0.000,-0.013,-0.006,37
930,-4.918,1.521,1.495,0.000,-0.012,-0.006,37
931,-4.911,1.523,1.495,0.000,-0.024,-0.015,37
932,-4.904,1.525,1.495,0.000,-0.031,-0.020,37
933,-4.898,1.527,1.495,0.000,-0.033,-0.021,37
934,-4.891,1.530,1.495,0.000,-0.028,-0.018,37
935,-4.884,1.532,1.495,0.000,-0.014,-0.007,37
936,-4.878,1.535,1.495,0.000,-0.001,0.003,37
937,-4.871,1.537,1.495,0.000,0.006,0.009,37
938,-4.864,1.540,1.495,0.000,0.008,0.010,37
939,-4.858,1.542,1.495,0.000,0.004,0.007,37
940,-4.851,1.544,1.495,0.000,-0.003,0.002,37
941,-4.845,1.547,1.495,0.000,-0.010,-0.003,37
942,-4.838,1.549,1.495,0.000,-0.013,-0.006,37
943,-4.831,1.551,1.495,0.000,-0.007,-0.002,37
944,-4.825,1.554,1.495,0.000,-0.002,0.002,37
945,-4.818,1.556,1.495,0.000,0.000,0.004,37
946,-4.811,1.559,1.496,0.000,-0.000,0.004,37
947,-4.805,1.561,1.496,0.000,-0.003,0.002,37
948,-4.798,1.563,1.496,0.000,-0.006,-0.001,37
949,-4.791,1.566,1.496,0.000,-0.008,-0.002,37
950,-4.785,1.568,1.496,0.000,-0.009,-0.003,37
951,-4.778,1.571,1.496,0.000,-0.009,-0.003,37
952,-4.772,1.573,1.496,0.000,-0.008,-0.002,37
953,-4.765,1.575,1.496,0.000,-0.006,-0.001,37
954,-4.759,1.578,1.496,0.000,-0.005,-0.000,37
955,-4.752,1.580,1.496,0.000,-0.003,0.001,37
956,-4.745,1.583,1.496,0.000,-0.002,0.002,37
957,-4.739,1.585,1.496,0.000,-0.002,0.002,37
958,-4.732,1.588,1.496,0.000,-0.001,0.003,37
959,-4.726,1.590,1.496,0.000,-0.004,0.001,37
960,-4.719,1.593,1.496,0.000,-0.005,0.000,37
961,-4.713,1.595,1.496,0.000,-0.004,0.002,37
962,-4.706,1.598,1.496,0.000,-0.003,0.003,37
963,-4.700,1.600,1.496,0.000,-0.003,0.002,37
964,-4.693,1.602,1.496,0.000,-0.004,0.001,37
965,-4.686,1.605,1.496,0.000,-0.005,-0.003,37
966,-4.680,1.607,1.496,0.000,-0.007,-0.008,37
967,-4.673,1.610,1.496,0.000,-0.007,-0.012,37
968,-4.667,1.612,1.496,0.000,-0.006,-0.012,37
969,-4.660,1.615,1.496,0.000,-0.005,-0.009,37
970,-4.654,1.618,1.496,0.000,-0.004,-0.005,37
971,-4.647,1.620,1.496,0.000,-0.002,-0.000,37
972,-4.641,1.623,1.496,0.000,-0.001,0.004,37
973,-4.634,1.625,1.496,0.000,-0.001,0.005,37
974,-4.628,1.628,1.496,0.000,-0.001,0.005,37
975,-4.621,1.631,1.496,0.000,-0.002,0.003,37
976,-4.614,1.633,1.496,0.000,-0.002,0.002,37
977,-4.608,1.636,1.496,0.000,-0.003,0.000,37
978,-4.601,1.639,1.496,0.000,-0.002,0.000,37
979,-4.595,1.641,1.496,0.000,-0.002,0.001,37
980,-4.588,1.644,1.496,0.000,-0.002,0.001,37
981,-4.582,1.646,1.496,0.000,-0.002,0.002,37
982,-4.575,1.649,1.496,0.000,-0.003,0.001,37
983,-4.568,1.652,1.496,0.000,-0.004,-0.001,37
984,-4.562,1.654,1.496,0.000,-0.004,-0.002,37
985,-4.555,1.657,1.496,0.000,-0.004,-0.002,37
986,-4.549,1.660,1.496,0.000,-0.003,-0.001,37
987,-4.542,1.662,1.496,0.000,-0.002,0.002,37
988,-4.536,1.665,1.496,0.000,-0.001,0.005,37
989,-4.529,1.667,1.495,0.000,-0.000,0.007,37
990,-4.522,1.670,1.495,0.000,-0.000,0.007,37
991,-4.516,1.673,1.495,0.000,-0.000,0.008,37
992,-4.509,1.675,1.495,0.000,-0.000,0.008,37
993,-4.502,1.678,1.495,0.000,0.000,0.009,37
994,-4.496,1.680,1.495,0.000,-0.000,0.008,37
995,-4.489,1.683,1.495,0.000,-0.001,0.007,37
996,-4.482,1.685,1.495,0.000,-0.001,0.005,37
997,-4.476,1.688,1.495,0.000,-0.002,0.004,37
998,-4.469,1.690,1.495,0.000,-0.002,0.004,37
999,-4.462,1.693,1.495,0.000,-0.002,0.004,37
1000,-4.456,1.695,1.495,0.000,-0.002,0.005,37
1001,-4.449,1.698,1.495,0.000,-0.001,0.006,37
1002,-4.442,1.700,1.495,0.000,0.000,0.008,37
1003,-4.436,1.702,1.495,0.000,0.004,0.011,37
1004,-4.429,1.705,1.495,0.000,0.003,0.010,37
1005,-4.422,1.707,1.495,0.000,-0.000,0.006,37
1006,-4.415,1.710,1.494,0.000,-0.004,0.001,37
1007,-4.408,1.712,1.494,0.000,-0.007,-0.002,37
1008,-4.402,1.714,1.494,0.000,-0.009,-0.004,37
1009,-4.395,1.716,1.494,0.000,-0.008,-0.004,37
1010,-4.388,1.719,1.494,0.000,-0.007,-0.002,37
1011,-4.381,1.721,1.494,0.000,-0.004,0.001,37
1012,-4.375,1.724,1.494,0.000,-0.003,0.002,37
1013,-4.368,1.726,1.494,0.000,-0.003,0.002,37
1014,-4.361,1.728,1.494,0.000,-0.005,0.000,37
1015,-4.355,1.731,1.494,0.000,-0.006,-0.002,37
1016,-4.348,1.733,1.494,0.000,-0.007,-0.003,37
1017,-4.341,1.736,1.494,0.000,-0.008,0.001,37
1018,-4.334,1.738,1.494,0.000,-0.009,0.011,37
1019,-4.328,1.740,1.494,0.000,-0.011,0.023,37
1020,-4.321,1.743,1.494,0.000,-0.012,0.035,37
1021,-4.314,1.745,1.494,0.000,-0.013,0.042,37
1022,-4.308,1.747,1.494,0.000,-0.012,0.045,37
1023,-4.301,1.749,1.493,0.000,-0.011,0.042,37
1024,-4.295,1.750,1.493,0.000,-0.010,0.035,37
1025,-4.288,1.752,1.493,0.000,-0.009,0.030,37
1026,-4.282,1.754,1.493,0.000,-0.009,0.025,37
1027,-4.275,1.755,1.493,0.000,-0.009,0.024,37
1028,-4.269,1.756,1.493,0.000,-0.007,0.025,37
1029,-4.263,1.758,1.493,0.000,-0.006,0.026,37
1030,-4.256,1.759,1.493,0.000,-0.006,0.026,37
1031,-4.250,1.760,1.493,0.000,-0.005,0.024,37
1032,-4.243,1.761,1.493,0.000,-0.006,0.019,37
1033,-4.237,1.762,1.493,0.000,-0.007,0.013,37
1034,-4.231,1.763,1.493,0.000,-0.008,0.007,37
1035,-4.224,1.764,1.493,0.000,-0.009,0.001,37
1036,-4.218,1.765,1.493,0.000,-0.009,-0.001,37
1037,-4.211,1.766,1.493,0.000,-0.010,-0.002,37
1038,-4.205,1.767,1.493,0.000,-0.009,-0.002,37
1039,-4.199,1.768,1.493,0.000,-0.008,-0.002,37
1040,-4.193,1.768,1.492,0.000,-0.007,-0.001,37
1041,-4.186,1.769,1.492,0.000,-0.006,-0.001,37
1042,-4.180,1.770,1.492,0.000,-0.005,-0.000,37
1043,-4.174,1.771,1.492,0.000,-0.003,-0.000,37
1044,-4.168,1.772,1.492,0.000,-0.003,-0.000,37
1045,-4.161,1.773,1.492,0.000,-0.003,0.000,37
1046,-4.155,1.774,1.492,0.000,-0.004,-0.003,37
1047,-4.149,1.775,1.492,0.000,-0.005,-0.007,37
1048,-4.143,1.776,1.492,0.000,-0.006,-0.010,37
1049,-4.136,1.777,1.492,0.000,-0.009,-0.020,37
1050,-4.130,1.778,1.492,0.000,-0.012,-0.032,37
1051,-4.124,1.779,1.492,0.000,-0.014,-0.039,37
1052,-4.118,1.781,1.492,0.000,-0.015,-0.041,37
1053,-4.112,1.782,1.492,0.000,-0.014,-0.036,37
1054,-4.106,1.784,1.492,0.000,-0.010,-0.025,37
1055,-4.100,1.785,1.492,0.000,-0.006,-0.012,37
1056,-4.094,1.787,1.492,0.000,-0.002,-0.003,37
1057,-4.088,1.789,1.492,0.000,0.002,0.005,37
1058,-4.082,1.791,1.492,0.000,0.004,0.007,37
1059,-4.076,1.792,1.492,0.000,0.004,0.008,37
1060,-4.069,1.794,1.492,0.000,0.004,0.006,37
1061,-4.063,1.796,1.491,0.000,0.004,0.010,37
1062,-4.057,1.797,1.491,0.000,0.004,0.012,37
1063,-4.051,1.799,1.491,0.000,0.003,0.013,37
1064,-4.045,1.801,1.491,0.000,0.002,0.010,37
1065,-4.039,1.802,1.491,0.000,-0.001,0.001,37
1066,-4.032,1.804,1.491,0.000,-0.003,-0.012,37
1067,-4.026,1.805,1.491,0.000,-0.004,-0.019,37
1068,-4.020,1.807,1.491,0.000,-0.005,-0.020,37
1069,-4.014,1.809,1.491,0.000,-0.003,-0.014,37
1070,-4.008,1.810,1.491,0.000,-0.001,0.001,37
1071,-4.001,1.812,1.491,0.000,0.000,0.014,37
1072,-3.995,1.814,1.491,0.000,0.001,0.024,37
1073,-3.989,1.816,1.491,0.000,0.002,0.029,37
1074,-3.983,1.817,1.491,0.000,0.002,0.031,37
1075,-3.976,1.819,1.491,0.000,0.002,0.028,37
1076,-3.970,1.820,1.491,0.000,0.002,0.024,37
1077,-3.964,1.821,1.491,0.000,0.001,0.019,37
1078,-3.957,1.822,1.491,0.000,0.000,0.012,37
1079,-3.951,1.824,1.491,0.000,0.000,0.009,37
1080,-3.945,1.825,1.491,0.000,-0.000,0.006,37
1081,-3.938,1.826,1.491,0.000,-0.001,0.005,37
1082,-3.932,1.827,1.491,0.000,-0.001,0.003,37
1083,-3.925,1.828,1.491,0.000,-0.001,0.007,37
1084,-3.919,1.829,1.491,0.000,-0.000,0.011,37
1085,-3.913,1.830,1.491,0.000,0.000,0.010,37
1086,-3.906,1.831,1.491,0.000,-0.000,0.004,37
1087,-3.900,1.832,1.491,0.000,-0.001,-0.001,37
1088,-3.893,1.833,1.491,0.000,-0.001,-0.005,37
1089,-3.887,1.834,1.491,0.000,-0.000,-0.005,37
1090,-3.880,1.835,1.491,0.000,0.001,-0.001,37
1091,-3.874,1.836,1.491,0.000,0.004,0.011,37
1092,-3.867,1.837,1.491,0.000,0.005,0.018,37
1093,-3.861,1.838,1.491,0.000,0.007,0.028,37
1094,-3.854,1.839,1.491,0.000,0.008,0.036,37
1095,-3.848,1.840,1.491,0.000,0.006,0.029,37
1096,-3.841,1.841,1.491,0.000,0.004,0.020,37
1097,-3.834,1.841,1.491,0.000,0.001,0.009,37
1098,-3.828,1.842,1.491,0.000,0.002,0.006,37
1099,-3.821,1.842,1.491,0.000,0.003,0.009,37
1100,-3.814,1.843,1.491,0.000,0.005,0.011,37
1101,-3.807,1.843,1.491,0.000,0.006,0.013,37
1102,-3.801,1.844,1.491,0.000,0.006,0.011,37
1103,-3.794,1.844,1.491,0.000,0.004,0.004,37
1104,-3.787,1.844,1.491,0.000,0.001,-0.005,37
1105,-3.780,1.845,1.491,0.000,-0.002,-0.015,37
1106,-3.773,1.845,1.491,0.000,-0.005,-0.022,37
1107,-3.766,1.846,1.491,0.000,-0.007,-0.029,37
1108,-3.760,1.846,1.491,0.000,-0.009,-0.033,37
1109,-3.753,1.847,1.491,0.000,-0.008,-0.033,37
1110,-3.746,1.848,1.491,0.000,-0.006,-0.025,37
1111,-3.739,1.849,1.491,0.000,-0.001,-0.013,37
1112,-3.732,1.850,1.491,0.000,0.002,-0.003,37
1113,-3.725,1.851,1.491,0.000,0.005,0.001,37
1114,-3.719,1.851,1.491,0.000,0.005,0.002,37
1115,-3.712,1.852,1.491,0.000,0.004,-0.002,37
1116,-3.705,1.853,1.491,0.000,0.002,-0.009,37
1117,-3.698,1.854,1.491,0.000,-0.004,-0.025,37
1118,-3.691,1.856,1.491,0.000,-0.007,-0.034,37
1119,-3.684,1.857,1.491,0.000,-0.007,-0.030,37
1120,-3.677,1.858,1.491,0.000,-0.003,-0.014,37
1121,-3.670,1.859,1.491,0.000,0.001,-0.001,37
1122,-3.663,1.861,1.491,0.000,0.003,0.009,37
1123,-3.656,1.862,1.491,0.000,0.000,0.011,37
1124,-3.649,1.864,1.491,0.000,-0.007,0.006,37
1125,-3.642,1.865,1.491,0.000,-0.012,0.002,37
1126,-3.635,1.866,1.491,0.000,-0.015,-0.005,37
1127,-3.628,1.867,1.491,0.000,-0.016,-0.004,37
1128,-3.622,1.869,1.491,0.000,-0.014,-0.001,37
1129,-3.615,1.870,1.491,0.000,-0.012,0.001,37
1130,-3.608,1.872,1.491,0.000,-0.010,0.003,37
1131,-3.601,1.873,1.491,0.000,-0.011,-0.002,37
1132,-3.594,1.874,1.491,0.000,-0.013,-0.005,37
1133,-3.588,1.876,1.491,0.000,-0.016,-0.011,37
1134,-3.581,1.877,1.491,0.000,-0.017,-0.011,37
1135,-3.574,1.878,1.491,0.000,-0.017,-0.010,37
1136,-3.568,1.880,1.491,0.000,-0.014,-0.005,37
1137,-3.561,1.881,1.491,0.000,-0.012,0.001,37
1138,-3.555,1.883,1.491,0.000,-0.010,0.008,37
1139,-3.548,1.884,1.491,0.000,-0.009,0.014,37
1140,-3.542,1.886,1.491,0.000,-0.012,0.021,37
1141,-3.535,1.887,1.491,0.000,-0.017,0.026,37
1142,-3.529,1.888,1.491,0.000,-0.022,0.030,37
1143,-3.523,1.890,1.491,0.000,-0.026,0.029,37
1144,-3.516,1.891,1.491,0.000,-0.027,0.028,37
1145,-3.510,1.892,1.491,0.000,-0.026,0.021,37
1146,-3.504,1.893,1.491,0.000,-0.022,0.014,37
1147,-3.498,1.894,1.490,0.000,-0.017,0.005,37
1148,-3.492,1.894,1.490,0.000,-0.011,-0.004,37
1149,-3.486,1.895,1.490,0.000,-0.007,-0.010,37
1150,-3.480,1.896,1.490,0.000,-0.004,-0.012,37
1151,-3.474,1.897,1.490,0.000,-0.003,-0.013,37
1152,-3.468,1.898,1.490,0.000,-0.002,-0.015,37
1153,-3.462,1.899,1.490,0.000,-0.002,-0.014,37
1154,-3.456,1.900,1.490,0.000,-0.004,-0.012,37
1155,-3.451,1.901,1.490,0.000,-0.006,-0.006,37
1156,-3.445,1.903,1.490,0.000,-0.009,-0.002,37
1157,-3.439,1.904,1.490,0.000,-0.011,0.002,37
1158,-3.433,1.905,1.490,0.000,-0.012,0.001,37
1159,-3.427,1.906,1.490,0.000,-0.012,0.001,37
1160,-3.421,1.907,1.490,0.000,-0.010,-0.002,37
1161,-3.415,1.908,1.490,0.000,-0.008,-0.003,37
1162,-3.410,1.910,1.490,0.000,-0.005,-0.003,37
1163,-3.404,1.911,1.490,0.000,-0.002,-0.001,37
1164,-3.398,1.912,1.490,0.000,-0.000,-0.001,37
1165,-3.392,1.913,1.490,0.000,0.002,-0.002,37
1166,-3.386,1.914,1.490,0.000,0.002,-0.003,37
1167,-3.381,1.916,1.490,0.000,0.001,-0.004,37
1168,-3.375,1.917,1.490,0.000,-0.001,-0.004,37
1169,-3.369,1.918,1.490,0.000,-0.004,-0.005,37
1170,-3.363,1.919,1.490,0.000,-0.006,-0.005,37
1171,-3.357,1.921,1.490,0.000,-0.006,-0.003,37
1172,-3.351,1.922,1.490,0.000,-0.006,0.001,37
1173,-3.346,1.923,1.490,0.000,-0.008,0.005,37
1174,-3.340,1.925,1.490,0.000,-0.009,0.007,37
1175,-3.334,1.926,1.490,0.000,-0.010,0.008,37
1176,-3.328,1.927,1.490,0.000,-0.010,0.009,37
1177,-3.323,1.928,1.490,0.000,-0.011,0.006,37
1178,-3.317,1.930,1.490,0.000,-0.012,0.004,37
1179,-3.311,1.931,1.490,0.000,-0.014,0.000,37
1180,-3.306,1.932,1.490,0.000,-0.015,-0.001,37
1181,-3.300,1.933,1.490,0.000,-0.014,0.000,37
1182,-3.295,1.934,1.490,0.000,-0.014,0.002,37
1183,-3.289,1.936,1.490,0.000,-0.014,0.004,37
1184,-3.284,1.937,1.490,0.000,-0.013,0.007,37
1185,-3.278,1.938,1.490,0.000,-0.012,0.009,37
1186,-3.273,1.939,1.490,0.000,-0.010,0.010,37
1187,-3.267,1.940,1.490,0.000,-0.010,0.010,37
1188,-3.262,1.941,1.490,0.000,-0.010,0.009,37
1189,-3.257,1.942,1.496,0.000,-0.010,0.008,37
1190,-3.251,1.943,1.497,0.000,-0.012,0.006,37
1191,-3.246,1.944,1.499,0.000,-0.013,0.005,37
1192,-3.241,1.945,1.500,0.000,-0.013,0.006,37
1193,-3.236,1.946,1.501,0.000,-0.012,0.007,37
1194,-3.230,1.947,1.501,0.000,-0.011,0.008,37
1195,-3.225,1.948,1.502,0.000,-0.011,0.006,37
1196,-3.220,1.949,1.503,0.000,-0.012,0.005,37
1197,-3.215,1.950,1.503,0.000,-0.013,0.001,37
1198,-3.210,1.951,1.504,0.000,-0.014,-0.000,37
1199,-3.205,1.952,1.505,0.000,-0.013,0.001,37
1200,-3.200,1.953,1.505,0.000,-0.012,-0.000,37
1201,-3.195,1.953,1.505,0.000,-0.012,0.002,37
1202,-3.190,1.954,1.506,0.000,-0.010,0.004,37
1203,-3.185,1.955,1.506,0.000,-0.009,0.004,37
1204,-3.180,1.956,1.506,0.000,-0.008,0.008,37
1205,-3.176,1.957,1.507,0.000,-0.007,0.007,37
1206,-3.171,1.958,1.507,0.000,-0.006,0.009,37
1207,-3.166,1.958,1.507,0.000,-0.006,0.009,37
1208,-3.161,1.959,1.507,0.000,-0.008,0.006,37
1209,-3.156,1.960,1.508,0.000,-0.011,0.002,37
1210,-3.152,1.961,1.508,0.000,-0.013,-0.001,37
1211,-3.147,1.961,1.508,0.000,-0.015,-0.004,37
1212,-3.142,1.962,1.508,0.000,-0.014,-0.002,37
1213,-3.137,1.963,1.508,0.000,-0.012,-0.001,37
1214,-3.133,1.964,1.508,0.000,-0.010,0.002,37
1215,-3.128,1.964,1.508,0.000,-0.008,0.005,37
1216,-3.124,1.965,1.509,0.000,-0.006,0.007,37
1217,-3.119,1.966,1.509,0.000,-0.006,0.006,37
1218,-3.115,1.966,1.509,0.000,-0.007,0.006,37
1219,-3.110,1.967,1.509,0.000,-0.008,0.003,37
1220,-3.106,1.968,1.509,0.000,-0.009,0.002,37
1221,-3.101,1.968,1.509,0.000,-0.010,0.001,37
1222,-3.097,1.969,1.509,0.000,-0.009,0.000,37
1223,-3.092,1.970,1.509,0.000,-0.008,-0.002,37
1224,-3.088,1.970,1.509,0.000,-0.007,-0.003,37
1225,-3.083,1.971,1.509,0.000,-0.005,-0.004,37
1226,-3.079,1.972,1.509,0.000,-0.004,-0.003,37
1227,-3.075,1.972,1.509,0.000,-0.022,0.004,37
1228,-3.070,1.973,1.509,0.000,-0.033,0.009,37
1229,-3.066,1.974,1.509,0.000,-0.035,0.010,37
1230,-3.062,1.974,1.509,0.000,-0.028,0.009,37
1231,-3.058,1.975,1.509,0.000,-0.018,0.006,37
1232,-3.054,1.975,1.509,0.000,-0.007,0.002,37
1233,-3.050,1.976,1.509,0.000,0.001,-0.001,37
1234,-3.046,1.977,1.509,0.000,0.004,-0.002,37
1235,-3.042,1.977,1.509,0.000,0.003,-0.003,37
1236,-3.038,1.978,1.509,0.000,-0.000,-0.001,37
1237,-3.034,1.978,1.509,0.000,-0.004,0.000,37
1238,-3.030,1.979,1.509,0.000,-0.007,0.003,37
1239,-3.026,1.980,1.509,0.000,-0.009,0.004,37
1240,-3.023,1.980,1.509,0.000,-0.009,0.005,37
1241,-3.019,1.981,1.509,0.000,-0.007,0.007,37
1242,-3.015,1.981,1.509,0.000,-0.005,0.007,37
1243,-3.011,1.982,1.509,0.000,-0.003,0.006,37
1244,-3.007,1.982,1.509,0.000,-0.002,0.004,37
1245,-3.003,1.983,1.509,0.000,-0.002,0.005,37
1246,-2.999,1.983,1.509,0.000,-0.003,0.005,37
1247,-2.995,1.984,1.509,0.000,-0.004,0.006,37
1248,-2.991,1.984,1.509,0.000,-0.005,0.005,37
1249,-2.988,1.984,1.509,0.000,-0.005,0.003,37
1250,-2.984,1.985,1.509,0.000,-0.005,0.003,37
1251,-2.980,1.985,1.509,0.000,-0.004,0.001,37
1252,-2.976,1.986,1.509,0.000,-0.004,0.002,37
1253,-2.972,1.986,1.509,0.000,-0.004,0.004,37
1254,-2.968,1.986,1.509,0.000,-0.004,0.007,37
1255,-2.965,1.987,1.509,0.000,-0.005,0.010,37
1256,-2.961,1.987,1.509,0.000,-0.006,0.011,37
1257,-2.957,1.987,1.509,0.000,-0.006,0.010,37
1258,-2.953,1.988,1.509,0.000,-0.006,0.008,37
1259,-2.950,1.988,1.509,0.000,-0.005,0.005,37
1260,-2.946,1.988,1.509,0.000,-0.004,0.001,37
1261,-2.942,1.988,1.509,0.000,-0.003,-0.003,37
1262,-2.938,1.988,1.509,0.000,-0.002,-0.005,37
1263,-2.935,1.989,1.509,0.000,-0.002,-0.004,37
1264,-2.931,1.989,1.509,0.000,-0.003,-0.003,37
1265,-2.927,1.989,1.509,0.000,-0.003,-0.001,37
1266,-2.923,1.989,1.509,0.000,-0.003,0.000,37
1267,-2.920,1.990,1.509,0.000,-0.003,0.003,37
1268,-2.916,1.990,1.509,0.000,-0.003,0.004,37
1269,-2.912,1.990,1.509,0.000,-0.003,0.003,37
1270,-2.908,1.990,1.509,0.000,-0.002,0.001,37
1271,-2.905,1.990,1.509,0.000,-0.002,0.000,37
1272,-2.901,1.991,1.509,0.000,-0.002,-0.001,37
1273,-2.897,1.991,1.509,0.000,-0.002,-0.001,37
1274,-2.894,1.991,1.509,0.000,-0.002,0.000,37
1275,-2.890,1.991,1.509,0.000,-0.002,0.001,37
1276,-2.886,1.991,1.509,0.000,-0.002,0.002,37
1277,-2.882,1.992,1.509,0.000,-0.003,0.003,37
1278,-2.879,1.992,1.509,0.000,-0.003,0.003,37
1279,-2.875,1.992,1.509,0.000,-0.003,0.002,37
1280,-2.871,1.992,1.509,0.000,-0.003,0.001,37
1281,-2.868,1.992,1.509,0.000,-0.003,-0.000,37
1282,-2.864,1.993,1.509,0.000,-0.003,0.001,37
1283,-2.860,1.993,1.509,0.000,-0.002,0.001,37
1284,-2.856,1.993,1.509,0.000,-0.002,0.001,37
1285,-2.853,1.993,1.509,0.000,-0.003,0.001,37
1286,-2.849,1.993,1.509,0.000,-0.003,0.000,37
1287,-2.845,1.993,1.509,0.000,-0.003,0.000,37
1288,-2.842,1.994,1.509,0.000,-0.003,0.002,37
1289,-2.838,1.994,1.509,0.000,-0.004,0.000,37
1290,-2.834,1.994,1.509,0.000,-0.004,0.001,37
1291,-2.831,1.994,1.509,0.000,-0.004,0.002,37
1292,-2.827,1.994,1.509,0.000,-0.004,0.001,37
1293,-2.823,1.994,1.509,0.000,-0.003,0.002,37
1294,-2.820,1.995,1.509,0.000,-0.003,0.003,37
1295,-2.816,1.995,1.509,0.000,-0.003,0.002,37
1296,-2.812,1.995,1.509,0.000,-0.003,0.002,37
1297,-2.809,1.995,1.509,0.000,-0.003,0.001,37
1298,-2.805,1.995,1.509,0.000,-0.003,0.000,37
1299,-2.801,1.995,1.509,0.000,-0.003,0.000,37
1300,-2.798,1.995,1.509,0.000,-0.004,0.000,37
1301,-2.794,1.995,1.509,0.000,-0.004,0.001,37
1302,-2.791,1.995,1.509,0.000,-0.003,-0.000,37
1303,-2.787,1.996,1.509,0.000,-0.003,0.000,37
1304,-2.783,1.996,1.509,0.000,-0.003,0.001,37
1305,-2.780,1.996,1.509,0.000,-0.003,0.002,37
1306,-2.776,1.996,1.509,0.000,-0.003,0.001,37
1307,-2.773,1.996,1.509,0.000,-0.003,0.001,37
1308,-2.769,1.996,1.509,0.000,-0.003,0.001,37
1309,-2.765,1.996,1.509,0.000,-0.003,0.001,37
1310,-2.762,1.996,1.509,0.000,-0.003,0.001,37
1311,-2.758,1.996,1.509,0.000,-0.003,0.001,37
1312,-2.755,1.996,1.509,0.000,-0.002,0.001,37
1313,-2.751,1.997,1.509,0.000,-0.002,0.001,37
1314,-2.748,1.997,1.509,0.000,-0.002,0.001,37
1315,-2.744,1.997,1.509,0.000,-0.002,0.000,37
1316,-2.740,1.997,1.509,0.000,-0.003,0.000,37
1317,-2.737,1.997,1.509,0.000,-0.003,-0.000,37
1318,-2.733,1.997,1.509,0.000,-0.003,-0.001,37
1319,-2.730,1.997,1.509,0.000,-0.004,-0.001,37
1320,-2.726,1.997,1.509,0.000,-0.004,0.000,37
1321,-2.723,1.997,1.509,0.000,-0.003,0.000,37
1322,-2.719,1.997,1.509,0.000,-0.003,0.000,37
1323,-2.716,1.997,1.509,0.000,-0.003,0.000,37
1324,-2.712,1.997,1.509,0.000,-0.003,0.001,37
1325,-2.708,1.997,1.509,0.000,-0.003,-0.000,37
1326,-2.705,1.997,1.509,0.000,-0.003,0.001,37
1327,-2.701,1.997,1.509,0.000,-0.003,0.000,37
1328,-2.698,1.998,1.509,0.000,-0.003,-0.000,37
1329,-2.694,1.998,1.509,0.000,-0.003,-0.000,37
1330,-2.691,1.998,1.509,0.000,-0.003,-0.000,37
1331,-2.687,1.998,1.509,0.000,-0.003,-0.000,37
1332,-2.684,1.998,1.509,0.000,-0.003,-0.000,37
1333,-2.680,1.998,1.509,0.000,-0.003,0.000,37
1334,-2.677,1.998,1.509,0.000,-0.003,0.001,37
1335,-2.673,1.998,1.509,0.000,-0.003,0.001,37
1336,-2.670,1.998,1.509,0.000,-0.003,0.001,37
1337,-2.666,1.998,1.509,0.000,-0.003,0.000,37
1338,-2.663,1.998,1.509,0.000,-0.003,0.000,37
1339,-2.660,1.998,1.509,0.000,-0.003,0.000,37
1340,-2.656,1.998,1.509,0.000,-0.003,-0.000,37
1341,-2.653,1.998,1.509,0.000,-0.003,0.000,37
1342,-2.649,1.998,1.509,0.000,-0.003,0.000,37
1343,-2.646,1.998,1.509,0.000,-0.003,0.000,37
1344,-2.642,1.999,1.509,0.000,-0.003,0.000,37
1345,-2.639,1.999,1.509,0.000,-0.003,0.000,37
1346,-2.635,1.999,1.509,0.000,-0.003,0.001,37
1347,-2.632,1.999,1.509,0.000,-0.003,0.001,37
1348,-2.628,1.999,1.509,0.000,-0.003,0.001,37
1349,-2.625,1.999,1.509,0.000,-0.003,0.001,37
1350,-2.622,1.999,1.509,0.000,-0.003,0.001,37
1351,-2.618,1.999,1.509,0.000,-0.003,0.001,37
1352,-2.615,1.999,1.509,0.000,-0.003,0.001,37
1353,-2.611,1.999,1.509,0.000,-0.003,0.001,37
1354,-2.608,1.999,1.509,0.000,-0.003,0.001,37
1355,-2.604,1.999,1.509,0.000,-0.003,0.001,37
1356,-2.601,1.999,1.509,0.000,-0.003,0.001,37
1357,-2.598,1.999,1.509,0.000,-0.003,0.001,37
1358,-2.594,1.999,1.509,0.000,-0.003,0.001,37
1359,-2.591,1.999,1.509,0.000,-0.003,0.001,37
1360,-2.587,1.999,1.509,0.000,-0.003,0.001,37
1361,-2.584,1.999,1.509,0.000,-0.009,0.001,37
1362,-2.581,1.999,1.509,0.000,-0.013,0.002,37
1363,-2.577,1.999,1.509,0.000,-0.013,0.002,37
1364,-2.574,1.999,1.509,0.000,-0.010,0.001,37
1365,-2.571,1.999,1.509,0.000,-0.006,0.001,37
1366,-2.568,1.999,1.509,0.000,-0.002,0.000,37
1367,-2.564,1.999,1.509,0.000,0.000,-0.000,37
1368,-2.561,1.999,1.509,0.000,0.001,-0.000,37
1369,-2.558,1.999,1.509,0.000,0.001,-0.000,37
1370,-2.555,1.999,1.509,0.000,-0.000,-0.000,37
1371,-2.551,1.999,1.509,0.000,-0.002,0.000,37
1372,-2.548,1.999,1.509,0.000,-0.003,0.000,37
1373,-2.545,1.999,1.509,0.000,-0.003,0.000,37
1374,-2.541,1.999,1.509,0.000,-0.003,0.000,37
1375,-2.538,1.999,1.509,0.000,-0.003,0.000,37
1376,-2.535,1.999,1.509,0.000,-0.002,-0.000,37
1377,-2.532,1.999,1.509,0.000,-0.002,-0.000,37
1378,-2.528,1.999,1.509,0.000,-0.001,-0.000,37
1379,-2.525,1.999,1.509,0.000,-0.001,-0.000,37
1380,-2.522,1.999,1.509,0.000,-0.001,-0.000,37
1381,-2.519,1.999,1.509,0.000,-0.002,0.000,37
1382,-2.515,1.999,1.509,0.000,-0.002,0.000,37
1383,-2.512,1.999,1.509,0.000,-0.002,0.000,37
1384,-2.509,1.999,1.509,0.000,-0.002,0.000,37
1385,-2.506,1.999,1.509,0.000,-0.002,0.000,37
1386,-2.502,1.999,1.509,0.000,-0.002,0.000,37
1387,-2.499,1.999,1.509,0.000,-0.002,-0.000,37
1388,-2.496,1.999,1.509,0.000,-0.002,-0.000,37
1389,-2.492,1.999,1.509,0.000,-0.002,-0.000,37
1390,-2.489,1.999,1.509,0.000,-0.002,-0.000,37
1391,-2.486,1.999,1.509,0.000,-0.002,-0.000,37
1392,-2.483,1.999,1.509,0.000,-0.002,-0.000,37
1393,-2.479,1.999,1.509,0.000,-0.002,-0.000,37
1394,-2.476,1.999,1.509,0.000,-0.002,-0.000,37
1395,-2.473,1.999,1.509,0.000,-0.002,-0.000,37
1396,-2.470,1.999,1.509,0.000,-0.002,-0.000,37
1397,-2.466,1.999,1.509,0.000,-0.002,-0.000,37
1398,-2.463,1.999,1.509,0.000,-0.002,-0.000,37
1399,-2.460,1.999,1.509,0.000,-0.002,-0.000,37
1400,-2.457,1.999,1.509,0.000,-0.002,-0.000,37
1401,-2.453,1.999,1.509,0.000,-0.002,-0.000,37
1402,-2.450,1.999,1.509,0.000,-0.002,-0.000,37
1403,-2.447,1.999,1.509,0.000,-0.002,-0.000,37
1404,-2.444,1.999,1.509,0.000,-0.002,-0.000,37
1405,-2.440,1.999,1.509,0.000,-0.002,-0.000,37
1406,-2.437,1.999,1.509,0.000,-0.002,-0.000,37
1407,-2.434,1.999,1.509,0.000,-0.002,-0.000,37
1408,-2.430,1.999,1.509,0.000,-0.002,-0.000,37
1409,-2.427,1.999,1.509,0.000,-0.002,-0.000,37
1410,-2.424,1.999,1.509,0.000,-0.002,-0.000,37
1411,-2.421,1.999,1.509,0.000,-0.002,-0.000,37
1412,-2.417,1.999,1.509,0.000,0.005,-0.001,37
1413,-2.414,1.999,1.509,0.000,0.009,-0.001,37
1414,-2.411,1.999,1.509,0.000,0.009,-0.001,37
1415,-2.407,1.999,1.509,0.000,0.007,-0.001,37
1416,-2.404,1.999,1.509,0.000,-0.004,0.000,37
1417,-2.401,1.999,1.509,0.000,-0.012,0.001,37
1418,-2.397,1.999,1.509,0.000,-0.015,0.001,37
1419,-2.394,1.999,1.509,0.000,-0.013,0.001,37
1420,-2.391,1.999,1.509,0.000,-0.009,0.001,37
1421,-2.388,1.999,1.509,0.000,-0.004,0.000,37
1422,-2.384,1.999,1.509,0.000,0.000,-0.000,37
1423,-2.381,1.999,1.509,0.000,0.003,-0.000,37
1424,-2.378,2.000,1.509,0.000,0.003,-0.001,37
1425,-2.375,2.000,1.509,0.000,0.001,-0.000,37
1426,-2.371,2.000,1.509,0.000,-0.001,-0.000,37
1427,-2.368,2.000,1.509,0.000,-0.002,-0.000,37
1428,-2.365,2.000,1.509,0.000,-0.004,0.000,37
1429,-2.361,2.000,1.509,0.000,-0.004,0.000,37
1430,-2.358,2.000,1.509,0.000,-0.003,0.000,37
1431,-2.355,2.000,1.509,0.000,-0.003,0.000,37
1432,-2.352,2.000,1.509,0.000,-0.002,0.000,37
1433,-2.348,2.000,1.509,0.000,-0.001,0.000,37
1434,-2.345,2.000,1.509,0.000,-0.001,-0.000,37
1435,-2.342,2.000,1.509,0.000,-0.001,-0.000,37
1436,-2.339,2.000,1.509,0.000,-0.001,-0.000,37
1437,-2.335,2.000,1.509,0.000,-0.002,-0.000,37
1438,-2.332,2.000,1.509,0.000,-0.002,0.000,37
1439,-2.329,2.000,1.509,0.000,-0.002,0.000,37
1440,-2.326,2.000,1.509,0.000,-0.002,0.000,37
1441,-2.322,2.000,1.509,0.000,-0.002,0.000,37
1442,-2.319,2.000,1.509,0.000,-0.002,0.000,37
1443,-2.316,2.000,1.509,0.000,-0.002,0.000,37
1444,-2.313,2.000,1.509,0.000,-0.002,0.000,37
1445,-2.309,2.000,1.509,0.000,-0.002,0.000,37
1446,-2.306,2.000,1.509,0.000,-0.002,0.000,37
1447,-2.303,2.000,1.509,0.000,-0.002,0.000,37
1448,-2.300,2.000,1.509,0.000,-0.002,0.000,37
1449,-2.296,2.000,1.509,0.000,-0.002,0.000,37
1450,-2.293,2.000,1.509,0.000,-0.002,0.000,37
1451,-2.290,2.000,1.509,0.000,-0.002,0.000,37
1452,-2.286,2.000,1.509,0.000,-0.002,0.000,37
1453,-2.283,2.000,1.509,0.000,-0.002,0.000,37
1454,-2.280,2.000,1.509,0.000,-0.002,0.000,37
1455,-2.277,2.000,1.509,0.000,-0.002,0.000,37
1456,-2.273,2.000,1.509,0.000,-0.002,0.000,37
1457,-2.270,2.000,1.509,0.000,-0.002,0.000,37
1458,-2.267,2.000,1.509,0.000,-0.002,0.000,37
1459,-2.264,2.000,1.509,0.000,-0.002,0.000,37
1460,-2.260,2.000,1.509,0.000,-0.002,0.000,37
1461,-2.257,2.000,1.509,0.000,-0.002,0.000,37
1462,-2.254,2.000,1.509,0.000,-0.002,0.000,37
1463,-2.251,2.000,1.509,0.000,-0.002,0.000,37
1464,-2.247,2.000,1.509,0.000,-0.002,0.000,37
1465,-2.244,2.000,1.509,0.000,-0.002,0.000,37
1466,-2.241,2.000,1.509,0.000,-0.002,0.000,37
1467,-2.238,2.000,1.509,0.000,-0.002,0.000,37
1468,-2.234,2.000,1.509,0.000,-0.002,0.000,37
1469,-2.231,2.000,1.509,0.000,-0.002,0.000,37
1470,-2.228,2.000,1.509,0.000,-0.002,0.000,37
1471,-2.224,2.000,1.510,0.000,-0.002,0.000,37
1472,-2.221,2.000,1.510,0.000,-0.002,0.000,37
1473,-2.218,2.000,1.510,0.000,-0.002,0.000,37
1474,-2.215,2.000,1.510,0.000,-0.002,0.000,37
1475,-2.211,2.000,1.510,0.000,-0.002,0.000,37
1476,-2.208,2.000,1.510,0.000,-0.002,0.000,37
1477,-2.205,2.000,1.510,0.000,-0.002,0.000,37
1478,-2.202,2.000,1.510,0.000,-0.002,0.000,37
1479,-2.198,2.000,1.510,0.000,-0.002,0.000,37
1480,-2.195,2.000,1.510,0.000,-0.002,0.000,37
1481,-2.192,2.000,1.510,0.000,-0.002,0.000,37
1482,-2.189,2.000,1.510,0.000,-0.002,0.000,37
1483,-2.185,2.000,1.510,0.000,-0.002,0.000,37
1484,-2.182,2.000,1.510,0.000,-0.002,0.000,37
1485,-2.179,2.000,1.510,0.000,-0.002,0.000,37
1486,-2.176,2.000,1.510,0.000,-0.002,0.000,37
1487,-2.172,2.000,1.510,0.000,-0.002,0.000,37
1488,-2.169,2.000,1.510,0.000,-0.002,0.000,37
1489,-2.166,2.000,1.510,0.000,-0.002,0.000,37
1490,-2.163,2.000,1.510,0.000,-0.002,0.000,37
1491,-2.159,2.000,1.510,0.000,-0.002,0.000,37
1492,-2.156,2.000,1.510,0.000,-0.002,0.000,37
1493,-2.153,2.000,1.510,0.000,-0.002,0.000,37
1494,-2.149,2.000,1.510,0.000,-0.002,0.000,37
1495,-2.146,2.000,1.510,0.000,-0.002,0.000,37
1496,-2.143,2.000,1.510,0.000,-0.002,-0.000,37
1497,-2.140,2.000,1.510,0.000,-0.002,-0.000,37
1498,-2.136,2.000,1.510,0.000,-0.002,-0.000,37
1499,-2.133,2.000,1.510,0.000,-0.002,-0.000,37
1500,-2.130,2.000,1.510,0.000,-0.002,-0.000,37
1501,-2.127,2.000,1.510,0.000,-0.002,-0.000,37
1502,-2.123,2.000,1.510,0.000,-0.002,-0.000,37
1503,-2.120,2.000,1.510,0.000,-0.002,-0.000,37
1504,-2.117,2.000,1.510,0.000,-0.002,-0.000,37
1505,-2.114,2.000,1.510,0.000,-0.002,-0.000,37
1506,-2.110,2.000,1.510,0.000,-0.002,-0.000,37
1507,-2.107,2.000,1.510,0.000,-0.002,-0.000,37
1508,-2.104,2.000,1.510,0.000,-0.002,-0.000,37
1509,-2.101,2.000,1.510,0.000,-0.002,-0.000,37
1510,-2.097,2.000,1.510,0.000,-0.002,-0.000,37
1511,-2.094,2.000,1.510,0.000,-0.002,-0.000,37
1512,-2.091,2.000,1.510,0.000,-0.002,-0.000,37
1513,-2.087,2.000,1.510,0.000,-0.002,-0.000,37
1514,-2.084,2.000,1.510,0.000,-0.002,-0.000,37
1515,-2.081,2.000,1.510,0.000,-0.002,-0.000,37
1516,-2.078,2.000,1.510,0.000,-0.002,-0.000,37
1517,-2.074,2.000,1.510,0.000,-0.002,-0.000,37
1518,-2.071,2.000,1.504,0.000,-0.002,-0.000,37
1519,-2.068,2.000,1.502,0.000,-0.002,-0.000,37
1520,-2.065,2.000,1.501,0.000,-0.002,-0.000,37
1521,-2.061,2.000,1.500,0.000,-0.002,-0.000,37
1522,-2.058,2.000,1.499,0.000,-0.002,-0.000,37
1523,-2.055,2.000,1.499,0.000,-0.002,-0.000,37
1524,-2.052,2.000,1.498,0.000,-0.002,-0.000,37
1525,-2.048,2.000,1.497,0.000,-0.002,-0.000,37
1526,-2.045,2.000,1.496,0.000,-0.002,-0.000,37
1527,-2.042,2.000,1.496,0.000,-0.002,-0.000,37
1528,-2.039,2.000,1.495,0.000,-0.002,-0.000,37
1529,-2.035,2.000,1.495,0.000,-0.002,-0.000,37
1530,-2.032,2.000,1.494,0.000,-0.002,-0.000,37
1531,-2.029,2.000,1.494,0.000,-0.002,-0.000,37
1532,-2.026,2.000,1.494,0.000,-0.002,-0.000,37
1533,-2.022,2.000,1.493,0.000,-0.002,-0.000,37
1534,-2.019,2.000,1.493,0.000,-0.002,-0.000,37
1535,-2.016,2.000,1.493,0.000,-0.002,-0.000,37
1536,-2.012,2.000,1.492,0.000,-0.002,-0.000,37
1537,-2.009,2.000,1.492,0.000,-0.002,-0.000,37
1538,-2.006,2.000,1.492,0.000,-0.002,-0.000,37
1539,-2.003,2.000,1.492,0.000,-0.002,-0.000,37
1540,-1.999,2.000,1.492,0.000,-0.002,-0.000,37
1541,-1.996,2.000,1.492,0.000,-0.002,-0.000,37
1542,-1.993,2.000,1.491,0.000,-0.002,-0.000,37
1543,-1.990,2.000,1.491,0.000,-0.002,-0.000,37
1544,-1.986,2.000,1.491,0.000,-0.002,-0.000,37
1545,-1.983,2.000,1.491,0.000,-0.002,-0.000,37
1546,-1.980,2.000,1.491,0.000,-0.002,-0.000,37
1547,-1.977,2.000,1.491,0.000,-0.002,-0.000,37
1548,-1.973,2.000,1.491,0.000,-0.002,-0.000,37
1549,-1.970,2.000,1.491,0.000,-0.002,-0.000,37
1550,-1.967,2.000,1.491,0.000,-0.002,-0.000,37
1551,-1.964,2.000,1.491,0.000,-0.002,-0.000,37
1552,-1.960,2.000,1.491,0.000,-0.002,-0.000,37
1553,-1.957,2.000,1.491,0.000,-0.002,-0.000,37
1554,-1.954,2.000,1.490,0.000,-0.002,-0.000,37
1555,-1.950,2.000,1.490,0.000,-0.002,-0.000,37
1556,-1.947,2.000,1.490,0.000,-0.002,-0.000,37
1557,-1.944,2.000,1.490,0.000,-0.002,-0.000,37
1558,-1.941,2.000,1.490,0.000,-0.002,-0.000,37
1559,-1.937,2.000,1.490,0.000,-0.002,-0.000,37
1560,-1.934,2.000,1.490,0.000,-0.002,-0.000,37
1561,-1.931,2.000,1.490,0.000,-0.002,0.000,37
1562,-1.928,2.000,1.490,0.000,-0.002,-0.000,37
1563,-1.924,2.000,1.490,0.000,-0.002,0.000,37
1564,-1.921,2.000,1.490,0.000,-0.002,0.000,37
1565,-1.918,2.000,1.490,0.000,-0.002,0.000,37
1566,-1.915,2.000,1.490,0.000,-0.002,0.000,37
1567,-1.911,2.000,1.490,0.000,-0.002,0.000,37
1568,-1.908,2.000,1.490,0.000,-0.002,0.000,37
1569,-1.905,2.000,1.490,0.000,-0.002,0.000,37
1570,-1.902,2.000,1.490,0.000,-0.002,0.000,37
1571,-1.898,2.000,1.490,0.000,-0.002,0.000,37
1572,-1.895,2.000,1.490,0.000,-0.002,0.000,37
1573,-1.892,2.000,1.490,0.000,-0.002,0.000,37
1574,-1.889,2.000,1.490,0.000,-0.002,0.000,37
1575,-1.885,2.000,1.490,0.000,-0.002,0.000,37
1576,-1.882,2.000,1.490,0.000,-0.002,0.000,37
1577,-1.879,2.000,1.490,0.000,-0.002,0.000,37
1578,-1.875,2.000,1.490,0.000,-0.002,0.000,37
1579,-1.872,2.000,1.490,0.000,-0.002,0.000,37
1580,-1.869,2.000,1.490,0.000,-0.002,0.000,37
1581,-1.866,2.000,1.490,0.000,-0.002,0.000,37
1582,-1.862,2.000,1.490,0.000,-0.002,0.000,37
1583,-1.859,2.000,1.490,0.000,-0.002,0.000,37
1584,-1.856,2.000,1.490,0.000,-0.002,0.000,37
1585,-1.853,2.000,1.490,0.000,-0.002,0.000,37
1586,-1.849,2.000,1.490,0.000,-0.002,0.000,37
1587,-1.846,2.000,1.490,0.000,-0.002,0.000,37
1588,-1.843,2.000,1.490,0.000,-0.002,0.000,37
1589,-1.840,2.000,1.490,0.000,-0.002,0.000,37
1590,-1.836,2.000,1.490,0.000,-0.002,0.000,37
1591,-1.833,2.000,1.490,0.000,-0.002,0.000,37
1592,-1.830,2.000,1.490,0.000,-0.002,0.000,37
1593,-1.827,2.000,1.491,0.000,-0.002,0.000,37
1594,-1.823,2.000,1.491,0.000,-0.002,0.000,37
1595,-1.820,2.000,1.491,0.000,-0.002,0.000,37
1596,-1.817,2.000,1.491,0.000,-0.002,0.000,37
1597,-1.813,2.000,1.491,0.000,-0.002,0.000,37
1598,-1.810,2.000,1.491,0.000,-0.002,0.000,37
1599,-1.807,2.000,1.491,0.000,-0.002,0.000,37
1600,-1.804,2.000,1.491,0.000,-0.002,0.000,37
1601,-1.800,2.000,1.491,0.000,-0.002,0.000,37
1602,-1.797,2.000,1.491,0.000,-0.002,0.000,37
1603,-1.794,2.000,1.491,0.000,-0.002,0.000,37
1604,-1.791,2.000,1.491,0.000,-0.002,0.000,37
1605,-1.787,2.000,1.491,0.000,-0.002,0.000,37
1606,-1.784,2.000,1.491,0.000,-0.002,0.000,37
1607,-1.781,2.000,1.491,0.000,-0.002,0.000,37
1608,-1.778,2.000,1.491,0.000,-0.002,0.000,37
1609,-1.774,2.000,1.491,0.000,-0.002,0.000,37
1610,-1.771,2.000,1.491,0.000,-0.002,0.000,37
1611,-1.768,2.000,1.491,0.000,-0.002,0.000,37
1612,-1.765,2.000,1.491,0.000,-0.002,-0.000,37
1613,-1.761,2.000,1.491,0.000,-0.002,-0.000,37
1614,-1.758,2.000,1.491,0.000,-0.002,-0.000,37
1615,-1.755,2.000,1.491,0.000,-0.002,-0.000,37
1616,-1.752,2.000,1.491,0.000,-0.002,-0.000,37
1617,-1.748,2.000,1.491,0.000,-0.002,-0.000,37
1618,-1.745,2.000,1.491,0.000,-0.002,-0.000,37
1619,-1.742,2.000,1.491,0.000,-0.002,-0.000,37
1620,-1.738,2.000,1.491,0.000,-0.002,-0.000,37
1621,-1.735,2.000,1.491,0.000,-0.002,-0.000,37
1622,-1.732,2.000,1.491,0.000,-0.002,-0.000,37
1623,-1.729,2.000,1.491,0.000,-0.002,-0.000,37
1624,-1.725,2.000,1.491,0.000,-0.002,-0.000,37
1625,-1.722,2.000,1.491,0.000,-0.002,-0.000,37
1626,-1.719,2.000,1.491,0.000,-0.002,-0.000,37
1627,-1.716,2.000,1.491,0.000,-0.002,-0.000,37
1628,-1.712,2.000,1.491,0.000,-0.002,-0.000,37
1629,-1.709,2.000,1.491,0.000,-0.002,-0.000,37
1630,-1.706,2.000,1.491,0.000,-0.002,-0.000,37
1631,-1.703,2.000,1.491,0.000,-0.002,-0.000,37
1632,-1.699,2.000,1.491,0.000,-0.002,-0.000,37
1633,-1.696,2.000,1.491,0.000,-0.002,-0.000,37
1634,-1.693,2.000,1.491,0.000,-0.002,-0.000,37
1635,-1.690,2.000,1.491,0.000,-0.002,-0.000,37
1636,-1.686,2.000,1.491,0.000,-0.002,-0.000,37
1637,-1.683,2.000,1.491,0.000,-0.002,-0.000,37
1638,-1.680,2.000,1.491,0.000,-0.002,0.000,37
1639,-1.676,2.000,1.491,0.000,-0.002,-0.000,37
1640,-1.673,2.000,1.491,0.000,-0.002,-0.000,37
1641,-1.670,2.000,1.491,0.000,-0.002,-0.000,37
1642,-1.667,2.000,1.491,0.000,-0.002,-0.000,37
1643,-1.663,2.000,1.491,0.000,-0.002,-0.000,37
1644,-1.660,2.000,1.491,0.000,-0.002,-0.000,37
1645,-1.657,2.000,1.491,0.000,-0.002,-0.000,37
1646,-1.654,2.000,1.491,0.000,-0.002,-0.000,37
1647,-1.650,2.000,1.491,0.000,-0.002,-0.000,37
1648,-1.647,2.000,1.491,0.000,-0.002,-0.000,37
1649,-1.644,2.000,1.491,0.000,-0.002,-0.000,37
1650,-1.641,2.000,1.491,0.000,-0.002,-0.000,37
1651,-1.637,2.000,1.491,0.000,-0.002,-0.000,37
1652,-1.634,2.000,1.491,0.000,-0.002,-0.000,37
1653,-1.631,2.000,1.491,0.000,-0.002,-0.000,37
1654,-1.628,2.000,1.491,0.000,-0.002,-0.000,37
1655,-1.624,2.000,1.491,0.000,-0.002,-0.000,37
1656,-1.621,2.000,1.491,0.000,-0.002,-0.000,37
1657,-1.618,2.000,1.491,0.000,-0.002,-0.000,37
1658,-1.615,2.000,1.492,0.000,-0.002,-0.000,37
1659,-1.611,2.000,1.492,0.000,-0.002,-0.000,37
1660,-1.608,2.000,1.492,0.000,-0.002,-0.000,37
1661,-1.605,2.000,1.492,0.000,-0.002,-0.000,37
1662,-1.601,2.000,1.492,0.000,-0.002,-0.000,37
1663,-1.598,2.000,1.492,0.000,-0.002,-0.000,37
1664,-1.595,2.000,1.492,0.000,-0.002,-0.000,37
1665,-1.592,2.000,1.492,0.000,-0.002,-0.000,37
1666,-1.588,2.000,1.492,0.000,-0.002,-0.000,37
1667,-1.585,2.000,1.492,0.000,-0.002,-0.000,37
1668,-1.582,2.000,1.492,0.000,-0.002,-0.000,37
1669,-1.579,2.000,1.492,0.000,-0.002,-0.000,37
1670,-1.575,2.000,1.492,0.000,-0.002,-0.000,37
1671,-1.572,2.000,1.492,0.000,-0.002,-0.000,37
1672,-1.569,2.000,1.492,0.000,-0.002,-0.000,37
1673,-1.566,2.000,1.492,0.000,-0.002,-0.000,37
1674,-1.562,2.000,1.492,0.000,-0.002,-0.000,37
1675,-1.559,2.000,1.492,0.000,-0.002,-0.000,37
1676,-1.556,2.000,1.492,0.000,-0.002,-0.000,37
1677,-1.553,2.000,1.492,0.000,-0.002,-0.000,37
1678,-1.549,2.000,1.492,0.000,-0.002,-0.000,37
1679,-1.546,2.000,1.492,0.000,-0.002,-0.000,37
1680,-1.543,2.000,1.492,0.000,-0.002,-0.000,37
1681,-1.539,2.000,1.492,0.000,-0.002,-0.000,37
1682,-1.536,2.000,1.492,0.000,-0.002,-0.000,37
1683,-1.533,2.000,1.492,0.000,-0.002,0.000,37
1684,-1.530,2.000,1.492,0.000,-0.002,-0.000,37
1685,-1.526,2.000,1.492,0.000,-0.002,0.000,37
1686,-1.523,2.000,1.492,0.000,-0.002,0.000,37
1687,-1.520,2.000,1.492,0.000,-0.002,0.000,37
1688,-1.517,2.000,1.492,0.000,-0.002,0.000,37
1689,-1.513,2.000,1.492,0.000,-0.002,0.000,37
1690,-1.510,2.000,1.492,0.000,-0.002,0.000,37
1691,-1.507,2.000,1.492,0.000,-0.002,0.000,37
1692,-1.504,2.000,1.492,0.000,-0.002,0.000,37
1693,-1.500,2.000,1.492,0.000,-0.002,0.000,37
1694,-1.497,2.000,1.492,0.000,-0.002,0.000,37
1695,-1.494,2.000,1.492,0.000,-0.002,0.000,37
1696,-1.491,2.000,1.492,0.000,-0.002,0.000,37
1697,-1.487,2.000,1.492,0.000,-0.002,0.000,37
1698,-1.484,2.000,1.492,0.000,-0.002,0.000,37
1699,-1.481,2.000,1.492,0.000,-0.002,0.000,37
1700,-1.478,2.000,1.492,0.000,-0.002,0.000,37
1701,-1.474,2.000,1.492,0.000,-0.002,0.000,37
1702,-1.471,2.000,1.492,0.000,-0.002,0.000,37
1703,-1.468,2.000,1.492,0.000,-0.002,0.000,37
1704,-1.464,2.000,1.492,0.000,-0.002,0.000,37
1705,-1.461,2.000,1.492,0.000,-0.002,0.000,37
1706,-1.458,2.000,1.492,0.000,-0.002,0.000,37
1707,-1.455,2.000,1.492,0.000,-0.002,0.000,37
1708,-1.451,2.000,1.492,0.000,-0.002,0.000,37
1709,-1.448,2.000,1.492,0.000,-0.002,0.000,37
1710,-1.445,2.000,1.492,0.000,-0.002,0.000,37
1711,-1.442,2.000,1.492,0.000,-0.002,0.000,37
1712,-1.438,2.000,1.492,0.000,-0.002,0.000,37
1713,-1.435,2.000,1.493,0.000,-0.002,-0.000,37
1714,-1.432,2.000,1.493,0.000,-0.002,-0.000,37
1715,-1.429,2.000,1.493,0.000,-0.002,0.000,37
1716,-1.425,2.000,1.493,0.000,-0.002,0.000,37
1717,-1.422,2.000,1.493,0.000,-0.002,0.000,37
1718,-1.419,2.000,1.493,0.000,-0.002,0.000,37
1719,-1.416,2.000,1.493,0.000,-0.002,0.000,37
1720,-1.412,2.000,1.493,0.000,-0.002,-0.000,37
1721,-1.409,2.000,1.493,0.000,-0.002,-0.000,37
1722,-1.406,2.000,1.493,0.000,-0.002,-0.000,37
1723,-1.402,2.000,1.493,0.000,-0.002,-0.000,37
1724,-1.399,2.000,1.493,0.000,-0.002,-0.000,37
1725,-1.396,2.000,1.493,0.000,-0.002,0.000,37
1726,-1.393,2.000,1.493,0.000,-0.002,0.000,37
1727,-1.389,2.000,1.493,0.000,-0.002,-0.000,37
1728,-1.386,2.000,1.493,0.000,-0.002,-0.000,37
1729,-1.383,2.000,1.493,0.000,-0.002,-0.000,37
1730,-1.380,2.000,1.493,0.000,-0.002,-0.000,37
1731,-1.376,2.000,1.493,0.000,-0.002,-0.000,37
1732,-1.373,2.000,1.493,0.000,-0.002,-0.000,37
1733,-1.370,2.000,1.493,0.000,-0.002,-0.000,37
1734,-1.367,2.000,1.493,0.000,-0.002,-0.000,37
1735,-1.363,2.000,1.493,0.000,-0.002,-0.000,37
1736,-1.360,2.000,1.493,0.000,-0.002,-0.000,37
1737,-1.357,2.000,1.493,0.000,-0.002,-0.000,37
1738,-1.354,2.000,1.493,0.000,-0.002,-0.000,37
1739,-1.350,2.000,1.493,0.000,-0.002,-0.000,37
1740,-1.347,2.000,1.493,0.000,-0.002,-0.000,37
1741,-1.344,2.000,1.493,0.000,-0.002,-0.000,37
1742,-1.341,2.000,1.493,0.000,-0.002,-0.000,37
1743,-1.337,2.000,1.493,0.000,-0.002,-0.000,37
1744,-1.334,2.000,1.493,0.000,-0.002,-0.000,37
1745,-1.331,2.000,1.493,0.000,-0.002,-0.000,37
1746,-1.327,2.000,1.493,0.000,-0.002,-0.000,37
1747,-1.324,2.000,1.493,0.000,-0.002,-0.000,37
1748,-1.321,2.000,1.493,0.000,-0.002,-0.000,37
1749,-1.318,2.000,1.493,0.000,-0.002,-0.000,37
1750,-1.314,2.000,1.493,0.000,-0.002,-0.000,37
1751,-1.311,2.000,1.493,0.000,-0.002,-0.000,37
1752,-1.308,2.000,1.493,0.000,-0.002,-0.000,37
1753,-1.305,2.000,1.493,0.000,-0.002,-0.000,37
1754,-1.301,2.000,1.493,0.000,-0.002,-0.000,37
1755,-1.298,2.000,1.493,0.000,-0.002,-0.000,37
1756,-1.295,2.000,1.493,0.000,-0.002,0.000,37
1757,-1.292,2.000,1.493,0.000,-0.002,-0.000,37
1758,-1.288,2.000,1.493,0.000,-0.002,-0.000,37
1759,-1.285,2.000,1.493,0.000,-0.002,-0.000,37
1760,-1.282,2.000,1.493,0.000,-0.002,0.000,37
1761,-1.279,2.000,1.493,0.000,-0.002,0.000,37
1762,-1.275,2.000,1.493,0.000,-0.002,-0.000,37
1763,-1.272,2.000,1.493,0.000,-0.002,0.000,37
1764,-1.269,2.000,1.493,0.000,-0.002,0.000,37
1765,-1.265,2.000,1.493,0.000,-0.002,0.000,37
1766,-1.262,2.000,1.493,0.000,-0.002,-0.000,37
1767,-1.259,2.000,1.493,0.000,-0.002,-0.000,37
1768,-1.256,2.000,1.493,0.000,-0.002,-0.000,37
1769,-1.252,2.000,1.493,0.000,-0.002,0.000,37
1770,-1.249,2.000,1.493,0.000,-0.002,-0.000,37
1771,-1.246,2.000,1.493,0.000,-0.002,-0.000,37
1772,-1.243,2.000,1.493,0.000,-0.002,0.000,37
1773,-1.239,2.000,1.493,0.000,-0.002,0.000,37
1774,-1.236,2.000,1.493,0.000,-0.002,-0.000,37
1775,-1.233,2.000,1.493,0.000,-0.002,-0.000,37
1776,-1.230,2.000,1.493,0.000,-0.002,0.000,37
1777,-1.226,2.000,1.493,0.000,-0.002,0.000,37
1778,-1.223,2.000,1.493,0.000,-0.002,0.000,37
1779,-1.220,2.000,1.493,0.000,-0.002,0.000,37
1780,-1.217,2.000,1.493,0.000,-0.002,-0.000,37
1781,-1.213,2.000,1.493,0.000,-0.002,-0.000,37
1782,-1.210,2.000,1.493,0.000,-0.002,-0.000,37
1783,-1.207,2.000,1.493,0.000,-0.002,-0.000,37
1784,-1.204,2.000,1.493,0.000,-0.002,-0.000,37
1785,-1.200,2.000,1.493,0.000,-0.002,-0.000,37
1786,-1.197,2.000,1.493,0.000,-0.002,-0.000,37
1787,-1.194,2.000,1.493,0.000,-0.002,-0.000,37
1788,-1.190,2.000,1.493,0.000,-0.002,-0.000,37
1789,-1.187,2.000,1.493,0.000,-0.002,-0.000,37
1790,-1.184,2.000,1.493,0.000,-0.002,-0.000,37
1791,-1.181,2.000,1.493,0.000,-0.002,0.000,37
1792,-1.177,2.000,1.493,0.000,-0.002,-0.000,37
1793,-1.174,2.000,1.493,0.000,-0.002,0.000,37
1794,-1.171,2.000,1.493,0.000,-0.002,0.000,37
1795,-1.168,2.000,1.493,0.000,-0.002,0.000,37
1796,-1.164,2.000,1.493,0.000,-0.002,-0.000,37
1797,-1.161,2.000,1.493,0.000,-0.002,-0.000,37
1798,-1.158,2.000,1.493,0.000,-0.002,-0.000,37
1799,-1.155,2.000,1.493,0.000,-0.002,-0.000,37
1800,-1.151,2.000,1.493,0.000,-0.002,-0.000,37
1801,-1.148,2.000,1.493,0.000,-0.002,-0.000,37
1802,-1.145,2.000,1.493,0.000,-0.002,0.000,37
1803,-1.142,2.000,1.493,0.000,-0.002,0.000,37
1804,-1.138,2.000,1.493,0.000,-0.002,0.000,37
1805,-1.135,2.000,1.493,0.000,-0.002,0.000,37
1806,-1.132,2.000,1.493,0.000,-0.002,0.000,37
1807,-1.128,2.000,1.493,0.000,-0.002,0.000,37
1808,-1.125,2.000,1.493,0.000,-0.002,0.000,37
1809,-1.122,2.000,1.493,0.000,-0.002,0.000,37
1810,-1.119,2.000,1.493,0.000,-0.002,0.000,37
1811,-1.115,2.000,1.493,0.000,-0.002,0.000,37
1812,-1.112,2.000,1.493,0.000,-0.002,0.000,37
1813,-1.109,2.000,1.493,0.000,-0.002,0.000,37
1814,-1.106,2.000,1.493,0.000,-0.002,0.000,37
1815,-1.102,2.000,1.493,0.000,-0.002,0.000,37
1816,-1.099,2.000,1.493,0.000,-0.002,0.000,37
1817,-1.096,2.000,1.493,0.000,-0.002,0.000,37
1818,-1.093,2.000,1.493,0.000,-0.002,0.000,37
1819,-1.089,2.000,1.493,0.000,-0.002,0.000,37
1820,-1.086,2.000,1.493,0.000,-0.002,-0.000,37
1821,-1.083,2.000,1.493,0.000,-0.002,-0.000,37
1822,-1.080,2.000,1.493,0.000,-0.002,0.000,37
1823,-1.076,2.000,1.493,0.000,-0.002,0.000,37
1824,-1.073,2.000,1.493,0.000,-0.002,0.000,37
1825,-1.070,2.000,1.493,0.000,-0.002,0.000,37
1826,-1.067,2.000,1.493,0.000,-0.002,0.000,37
1827,-1.063,2.000,1.493,0.000,-0.002,0.000,37
1828,-1.060,2.000,1.493,0.000,-0.002,0.000,37
1829,-1.057,2.000,1.493,0.000,-0.002,0.000,37
1830,-1.053,2.000,1.493,0.000,-0.002,0.000,37
1831,-1.050,2.000,1.493,0.000,-0.002,0.000,37
1832,-1.047,2.000,1.493,0.000,-0.002,0.000,37
1833,-1.044,2.000,1.493,0.000,-0.002,0.000,37
1834,-1.040,2.000,1.493,0.000,-0.002,-0.000,37
1835,-1.037,2.000,1.493,0.000,-0.002,-0.000,37
1836,-1.034,2.000,1.493,0.000,-0.002,-0.000,37
1837,-1.031,2.000,1.493,0.000,-0.002,-0.000,37
1838,-1.027,2.000,1.493,0.000,-0.002,-0.000,37
1839,-1.024,2.000,1.493,0.000,-0.002,-0.000,37
1840,-1.021,2.000,1.493,0.000,-0.002,-0.000,37
1841,-1.018,2.000,1.493,0.000,-0.002,-0.000,37
1842,-1.014,2.000,1.493,0.000,-0.002,-0.000,37
1843,-1.011,2.000,1.493,0.000,-0.002,-0.000,37
1844,-1.008,2.000,1.493,0.000,-0.002,-0.000,37
1845,-1.005,2.000,1.493,0.000,-0.002,-0.000,37
1846,-1.001,2.000,1.493,0.000,-0.002,-0.000,37
1847,-0.998,2.000,1.493,0.000,-0.002,-0.000,37
1848,-0.995,2.000,1.493,0.000,-0.002,-0.000,37
1849,-0.991,2.000,1.493,0.000,-0.002,-0.000,37
1850,-0.988,2.000,1.493,0.000,-0.002,-0.000,37
1851,-0.985,2.000,1.493,0.000,-0.002,-0.000,37
1852,-0.982,2.000,1.493,0.000,-0.002,-0.000,37
1853,-0.978,2.000,1.493,0.000,-0.002,-0.000,37
1854,-0.975,2.000,1.493,0.000,-0.002,-0.000,37
1855,-0.972,2.000,1.493,0.000,-0.002,-0.000,37
1856,-0.969,2.000,1.493,0.000,-0.002,-0.000,37
1857,-0.965,2.000,1.493,0.000,-0.002,-0.000,37
1858,-0.962,2.000,1.493,0.000,-0.002,-0.000,37
1859,-0.959,2.000,1.493,0.000,-0.002,-0.000,37
1860,-0.956,2.000,1.493,0.000,-0.002,-0.000,37
1861,-0.952,2.000,1.493,0.000,-0.002,-0.000,37
1862,-0.949,2.000,1.493,0.000,-0.002,-0.000,37
1863,-0.946,2.000,1.493,0.000,-0.002,-0.000,37
1864,-0.943,2.000,1.493,0.000,-0.002,-0.000,37
1865,-0.939,2.000,1.493,0.000,-0.002,-0.000,37
1866,-0.936,2.000,1.493,0.000,-0.002,-0.000,37
1867,-0.933,2.000,1.493,0.000,-0.002,-0.000,37
1868,-0.929,2.000,1.493,0.000,-0.002,-0.000,37
1869,-0.926,2.000,1.493,0.000,-0.002,-0.000,37
1870,-0.923,2.000,1.493,0.000,-0.002,-0.000,37
1871,-0.920,2.000,1.493,0.000,-0.002,-0.000,37
1872,-0.916,2.000,1.493,0.000,-0.002,-0.000,37
1873,-0.913,2.000,1.493,0.000,-0.002,-0.000,37
1874,-0.910,2.000,1.493,0.000,-0.002,-0.000,37
1875,-0.907,2.000,1.493,0.000,-0.002,-0.000,37
1876,-0.903,2.000,1.493,0.000,-0.002,0.000,37
1877,-0.900,2.000,1.493,0.000,-0.002,0.000,37
1878,-0.897,2.000,1.493,0.000,-0.002,0.000,37
1879,-0.894,2.000,1.493,0.000,-0.002,-0.000,37
1880,-0.890,2.000,1.493,0.000,-0.002,-0.000,37
1881,-0.887,2.000,1.493,0.000,-0.002,-0.000,37
1882,-0.884,2.000,1.493,0.000,-0.002,-0.000,37
1883,-0.881,2.000,1.493,0.000,-0.002,-0.000,37
1884,-0.877,2.000,1.493,0.000,-0.002,-0.000,37
1885,-0.874,2.000,1.493,0.000,-0.002,0.000,37
1886,-0.871,2.000,1.493,0.000,-0.002,-0.000,37
1887,-0.868,2.000,1.493,0.000,-0.002,0.000,37
1888,-0.864,2.000,1.493,0.000,-0.002,0.000,37
1889,-0.861,2.000,1.493,0.000,-0.002,0.000,37
1890,-0.858,2.000,1.493,0.000,-0.002,0.000,37
1891,-0.854,2.000,1.493,0.000,-0.002,-0.000,37
1892,-0.851,2.000,1.493,0.000,-0.002,-0.000,37
1893,-0.848,2.000,1.493,0.000,-0.002,-0.000,37
1894,-0.845,2.000,1.493,0.000,-0.002,-0.000,37
1895,-0.841,2.000,1.493,0.000,-0.002,-0.000,37
1896,-0.838,2.000,1.493,0.000,-0.002,-0.000,37
1897,-0.835,2.000,1.493,0.000,-0.002,0.000,37
1898,-0.832,2.000,1.493,0.000,-0.002,0.000,37
1899,-0.828,2.000,1.493,0.000,-0.002,0.000,37
1900,-0.825,2.000,1.493,0.000,-0.002,0.000,37
1901,-0.822,2.000,1.493,0.000,-0.002,-0.000,37
1902,-0.819,2.000,1.493,0.000,-0.002,-0.000,37
1903,-0.815,2.000,1.493,0.000,-0.002,-0.000,37
1904,-0.812,2.000,1.493,0.000,-0.002,-0.000,37
1905,-0.809,2.000,1.493,0.000,-0.002,-0.000,37
1906,-0.806,2.000,1.493,0.000,-0.002,0.000,37
1907,-0.802,2.000,1.493,0.000,-0.002,0.000,37
1908,-0.799,2.000,1.493,0.000,-0.002,0.000,37
1909,-0.796,2.000,1.493,0.000,-0.002,-0.000,37
1910,-0.792,2.000,1.493,0.000,-0.002,-0.000,37
1911,-0.789,2.000,1.493,0.000,-0.002,-0.000,37
1912,-0.786,2.000,1.493,0.000,-0.002,-0.000,37
1913,-0.783,2.000,1.493,0.000,-0.002,-0.000,37
1914,-0.779,2.000,1.493,0.000,-0.002,-0.000,37
1915,-0.776,2.000,1.493,0.000,-0.002,0.000,37
1916,-0.773,2.000,1.493,0.000,-0.002,-0.001,37
1917,-0.770,2.000,1.493,0.000,-0.002,-0.000,37
1918,-0.766,2.000,1.493,0.000,-0.002,-0.001,37
1919,-0.763,2.000,1.493,0.000,-0.002,0.000,37
1920,-0.760,2.000,1.493,0.000,-0.002,-0.001,37
1921,-0.757,2.000,1.493,0.000,-0.002,-0.000,37
1922,-0.753,2.000,1.493,0.000,-0.002,0.000,37
1923,-0.750,2.000,1.493,0.000,-0.002,0.001,37
1924,-0.747,2.000,1.493,0.000,-0.002,0.001,37
1925,-0.744,2.000,1.493,0.000,-0.002,0.001,37
1926,-0.740,2.000,1.493,0.000,-0.002,0.000,37
1927,-0.737,2.000,1.493,0.000,-0.002,-0.000,37
1928,-0.734,2.000,1.493,0.000,-0.002,-0.000,37
1929,-0.731,2.000,1.493,0.000,-0.002,0.000,37
1930,-0.727,2.000,1.493,0.000,-0.002,-0.002,37
1931,-0.724,2.000,1.493,0.000,-0.002,-0.001,37
1932,-0.721,2.000,1.493,0.000,-0.002,-0.001,37
1933,-0.717,2.000,1.493,0.000,-0.002,0.001,37
1934,-0.714,2.000,1.493,0.000,-0.002,0.001,37
1935,-0.711,2.000,1.493,0.000,-0.002,0.002,37
1936,-0.708,2.000,1.493,0.000,-0.002,0.002,37
1937,-0.704,2.000,1.493,0.000,-0.002,0.001,37
1938,-0.701,2.000,1.493,0.000,-0.002,0.000,37
1939,-0.698,2.000,1.493,0.000,-0.002,-0.000,37
1940,-0.695,2.000,1.493,0.000,-0.148,-0.001,37
1941,-0.692,2.000,1.493,0.000,-0.257,-0.001,37
1942,-0.690,2.000,1.493,0.000,-0.278,-0.001,37
1943,-0.689,2.000,1.493,0.000,-0.223,-0.000,37
1944,-0.689,2.000,1.493,0.000,-0.126,-0.000,37
1945,-0.689,2.000,1.493,0.000,-0.027,0.000,37
1946,-0.689,2.000,1.493,0.000,0.045,0.000,37
1947,-0.690,2.000,1.493,0.000,0.077,0.000,37
1948,-0.690,2.000,1.493,0.000,0.071,0.000,37
1949,-0.689,2.000,1.493,0.000,0.041,0.000,37
1950,-0.689,2.000,1.493,0.000,0.004,-0.000,37
1951,-0.689,2.000,1.493,0.000,-0.027,-0.000,37
1952,-0.688,2.000,1.493,0.000,-0.042,-0.000,37
1953,-0.688,2.000,1.493,0.000,-0.042,-0.000,37
1954,-0.688,2.000,1.493,0.000,-0.030,-0.000,37
1955,-0.688,2.000,1.493,0.000,-0.013,-0.000,37
1956,-0.688,2.000,1.493,0.000,0.002,-0.000,37
1957,-0.688,2.000,1.493,0.000,0.012,-0.000,37
1958,-0.688,2.000,1.493,0.000,0.015,-0.000,37
1959,-0.688,2.000,1.493,0.000,0.012,-0.000,37
1960,-0.688,2.000,1.493,0.000,0.006,-0.000,37
1961,-0.688,2.000,1.493,0.000,-0.001,-0.000,37
1962,-0.688,2.000,1.493,0.000,-0.005,-0.000,37
1963,-0.688,2.000,1.493,0.000,-0.007,-0.000,37
1964,-0.688,2.000,1.493,0.000,-0.006,-0.000,37
1965,-0.688,2.000,1.493,0.000,-0.004,-0.000,37
1966,-0.688,2.000,1.493,0.000,-0.001,0.000,37
1967,-0.688,2.000,1.493,0.000,0.001,0.000,37
1968,-0.688,2.000,1.493,0.000,0.003,0.000,37
1969,-0.688,2.000,1.493,0.000,0.003,0.000,37
1970,-0.688,2.000,1.493,0.000,0.002,0.000,37
1971,-0.688,2.000,1.493,0.000,0.001,0.000,37
1972,-0.688,2.000,1.493,0.000,-0.000,0.000,37
1973,-0.688,2.000,1.493,0.000,-0.001,0.000,37
1974,-0.688,2.000,1.493,0.000,-0.001,0.000,37
1975,-0.688,2.000,1.493,0.000,-0.001,0.000,37
1976,-0.688,2.000,1.493,0.000,-0.001,0.000,37
1977,-0.688,2.000,1.493,0.000,-0.000,0.000,37
1978,-0.688,2.000,1.493,0.000,0.000,0.000,37
1979,-0.688,2.000,1.493,0.000,0.000,0.000,37
1980,-0.688,2.000,1.493,0.000,0.000,0.000,37
1981,-0.688,2.000,1.493,0.000,0.142,0.033,67
1982,-0.687,2.000,1.493,0.000,0.093,0.218,67
1983,-0.687,1.999,1.493,0.000,0.011,0.326,67
1984,-0.686,1.997,1.493,0.000,-0.056,0.323,67
1985,-0.685,1.994,1.493,0.000,-0.087,0.221,67
1986,-0.685,1.991,1.493,0.000,-0.228,0.063,67
1987,-0.685,1.987,1.493,0.000,-0.310,-0.070,67
1988,-0.687,1.983,1.493,0.000,-0.137,-0.293,67
1989,-0.688,1.980,1.493,0.000,0.052,-0.399,67
1990,-0.690,1.978,1.493,0.000,0.177,-0.367,67
1991,-0.691,1.978,1.493,0.000,0.217,-0.243,67
1992,-0.692,1.978,1.493,0.000,0.182,-0.090,67
1993,-0.692,1.979,1.493,0.000,0.103,0.039,67
1994,-0.691,1.980,1.493,0.000,0.017,0.112,67
1995,-0.691,1.980,1.493,0.000,-0.049,0.123,67
1996,-0.690,1.980,1.493,0.000,-0.080,0.088,67
1997,-0.690,1.980,1.493,0.000,-0.076,0.030,67
1998,-0.690,1.980,1.493,0.000,-0.049,-0.023,67
1999,-0.690,1.979,1.493,0.000,0.027,0.083,67
2000,-0.691,1.979,1.493,0.000,0.086,0.180,67
2001,-0.691,1.977,1.493,0.000,0.105,0.213,67
2002,-0.690,1.975,1.493,0.000,0.085,0.184,67
2003,-0.689,1.973,1.493,0.000,0.043,0.116,67
2004,-0.688,1.970,1.493,0.000,-0.002,0.038,67
2005,-0.688,1.967,1.493,0.000,-0.036,-0.025,67
2006,-0.687,1.964,1.493,0.000,-0.051,-0.060,67
2007,-0.686,1.961,1.493,0.000,-0.048,-0.065,67
2008,-0.686,1.958,1.493,0.000,-0.035,-0.047,67
2009,-0.685,1.955,1.493,0.000,-0.019,-0.018,67
2010,-0.685,1.953,1.493,0.000,0.045,-0.004,67
2011,-0.685,1.950,1.493,0.000,0.084,0.009,67
2012,-0.684,1.948,1.493,0.000,0.043,0.029,67
2013,-0.683,1.945,1.493,0.000,-0.012,0.039,67
2014,-0.682,1.943,1.493,0.000,-0.048,0.034,67
2015,-0.682,1.940,1.493,0.000,-0.057,0.019,67
2016,-0.681,1.937,1.493,0.000,0.004,-0.015,67
2017,-0.681,1.934,1.493,0.000,0.063,-0.042,67
2018,-0.680,1.931,1.493,0.000,0.048,-0.038,67
2019,-0.679,1.929,1.493,0.000,0.015,-0.020,67
2020,-0.678,1.926,1.493,0.000,-0.012,-0.002,67
2021,-0.677,1.923,1.493,0.000,-0.026,0.007,67
2022,-0.676,1.921,1.493,0.000,-0.025,0.002,67
2023,-0.676,1.918,1.493,0.000,-0.012,-0.011,67
2024,-0.675,1.916,1.493,0.000,0.002,-0.022,67
2025,-0.674,1.913,1.493,0.000,0.012,-0.028,67
2026,-0.674,1.911,1.493,0.000,0.062,-0.048,67
2027,-0.673,1.909,1.493,0.000,0.096,-0.058,67
2028,-0.671,1.907,1.493,0.000,0.099,-0.050,67
2029,-0.670,1.905,1.493,0.000,0.077,-0.033,67
2030,-0.668,1.903,1.493,0.000,0.043,-0.013,67
2031,-0.666,1.901,1.493,0.000,0.010,0.002,67
2032,-0.664,1.899,1.493,0.000,-0.012,0.013,67
2033,-0.662,1.898,1.493,0.000,-0.021,0.013,67
2034,-0.660,1.896,1.493,0.000,-0.017,0.011,67
2035,-0.658,1.894,1.493,0.000,-0.007,0.002,67
2036,-0.656,1.892,1.493,0.000,0.005,-0.003,67
2037,-0.654,1.890,1.493,0.000,0.014,-0.008,67
2038,-0.652,1.888,1.493,0.000,0.018,-0.010,67
2039,-0.650,1.887,1.493,0.000,0.016,-0.008,67
2040,-0.648,1.885,1.493,0.000,0.010,-0.007,67
2041,-0.646,1.883,1.493,0.000,0.002,-0.005,67
2042,-0.644,1.881,1.493,0.000,-0.004,-0.003,67
2043,-0.642,1.879,1.493,0.000,-0.008,-0.003,67
2044,-0.640,1.878,1.493,0.000,-0.009,-0.002,67
2045,-0.637,1.876,1.493,0.000,-0.007,-0.003,67
2046,-0.635,1.874,1.493,0.000,-0.004,-0.004,67
2047,-0.633,1.872,1.493,0.000,-0.001,0.000,67
2048,-0.631,1.871,1.493,0.000,-0.001,0.007,67
2049,-0.629,1.869,1.493,0.000,0.001,0.010,67
2050,-0.627,1.867,1.493,0.000,0.002,0.012,67
2051,-0.625,1.865,1.493,0.000,0.002,0.011,67
2052,-0.623,1.863,1.493,0.000,-0.001,0.009,67
2053,-0.621,1.862,1.493,0.000,-0.004,0.010,67
2054,-0.619,1.860,1.493,0.000,-0.008,0.012,67
2055,-0.617,1.858,1.493,0.000,-0.010,0.011,67
2056,-0.615,1.856,1.493,0.000,-0.012,0.013,67
2057,-0.613,1.854,1.493,0.000,-0.010,0.010,67
2058,-0.611,1.851,1.493,0.000,-0.009,0.005,67
2059,-0.609,1.849,1.493,0.000,-0.007,0.000,67
2060,-0.607,1.847,1.492,0.000,-0.004,-0.004,67
2061,-0.605,1.845,1.492,0.000,0.002,-0.004,67
2062,-0.603,1.843,1.492,0.000,0.007,-0.000,67
2063,-0.601,1.841,1.492,0.000,0.009,0.004,67
2064,-0.600,1.839,1.492,0.000,0.008,0.008,67
2065,-0.598,1.836,1.492,0.000,0.004,0.013,67
2066,-0.596,1.834,1.492,0.000,-0.001,0.014,67
2067,-0.594,1.832,1.492,0.000,-0.004,0.017,67
2068,-0.592,1.829,1.492,0.000,-0.004,0.016,67
2069,-0.590,1.827,1.492,0.000,-0.001,0.014,67
2070,-0.588,1.825,1.493,0.000,0.004,0.005,67
2071,-0.586,1.822,1.493,0.000,0.008,-0.004,67
2072,-0.584,1.820,1.493,0.000,0.010,-0.009,67
2073,-0.581,1.817,1.493,0.000,0.009,-0.011,67
2074,-0.579,1.815,1.493,0.000,0.005,-0.009,67
2075,-0.577,1.812,1.493,0.000,0.018,-0.025,67
2076,-0.575,1.810,1.493,0.000,0.023,-0.028,67
2077,-0.573,1.808,1.493,0.000,0.016,-0.016,67
2078,-0.570,1.806,1.493,0.000,-0.002,0.007,67
2079,-0.568,1.803,1.493,0.000,-0.016,0.022,67
2080,-0.566,1.801,1.493,0.000,-0.025,0.028,67
2081,-0.564,1.799,1.493,0.000,-0.024,0.027,67
2082,-0.561,1.796,1.493,0.000,-0.040,0.033,67
2083,-0.559,1.794,1.493,0.000,-0.045,0.030,67
2084,-0.558,1.791,1.493,0.000,-0.042,0.025,67
2085,-0.556,1.788,1.493,0.000,-0.134,0.025,67
2086,-0.555,1.785,1.493,0.000,-0.198,0.021,67
2087,-0.554,1.783,1.493,0.000,-0.203,0.015,67
2088,-0.554,1.780,1.493,0.000,-0.157,0.007,67
2089,-0.555,1.776,1.493,0.000,-0.084,0.000,67
2090,-0.556,1.773,1.493,0.000,-0.013,-0.010,67
2091,-0.557,1.770,1.493,0.000,0.038,-0.008,67
2092,-0.558,1.767,1.493,0.000,0.060,-0.004,67
2093,-0.558,1.764,1.493,0.000,0.055,0.006,67
2094,-0.559,1.761,1.493,0.000,0.032,0.010,67
2095,-0.559,1.758,1.493,0.000,-0.000,0.015,67
2096,-0.560,1.755,1.493,0.000,0.010,0.016,67
2097,-0.560,1.752,1.493,0.000,0.026,0.011,67
2098,-0.560,1.749,1.493,0.000,0.033,0.008,67
2099,-0.560,1.746,1.493,0.000,0.030,0.002,67
2100,-0.560,1.742,1.493,0.000,0.022,-0.002,67
2101,-0.560,1.739,1.493,0.000,0.012,-0.006,67
2102,-0.560,1.736,1.493,0.000,0.002,-0.006,67
2103,-0.560,1.733,1.493,0.000,-0.005,-0.004,67
2104,-0.560,1.729,1.493,0.000,-0.007,-0.002,67
2105,-0.560,1.726,1.493,0.000,-0.005,0.001,67
2106,-0.560,1.723,1.493,0.000,-0.001,0.002,67
2107,-0.560,1.720,1.493,0.000,0.002,0.001,67
2108,-0.560,1.716,1.493,0.000,0.004,-0.000,67
2109,-0.560,1.713,1.493,0.000,0.004,-0.001,67
2110,-0.560,1.710,1.493,0.000,0.003,-0.002,67
2111,-0.560,1.707,1.494,0.000,0.001,-0.003,67
2112,-0.560,1.703,1.494,0.000,-0.003,-0.003,67
2113,-0.560,1.700,1.494,0.000,-0.005,-0.004,67
2114,-0.560,1.697,1.494,0.000,-0.005,-0.011,67
2115,-0.560,1.694,1.494,0.000,-0.003,-0.023,67
2116,-0.560,1.690,1.494,0.000,0.002,-0.032,67
2117,-0.560,1.687,1.493,0.000,0.006,-0.040,67
2118,-0.560,1.684,1.493,0.000,0.007,-0.043,67
2119,-0.560,1.682,1.493,0.000,0.006,-0.039,67
2120,-0.560,1.679,1.493,0.000,0.123,-0.095,67
2121,-0.559,1.677,1.493,0.000,0.219,-0.147,67
2122,-0.558,1.675,1.493,0.000,0.238,-0.149,67
2123,-0.556,1.674,1.493,0.000,0.190,-0.112,67
2124,-0.553,1.673,1.493,0.000,0.108,-0.055,67
2125,-0.550,1.672,1.493,0.000,0.024,-0.007,67
2126,-0.547,1.671,1.493,0.000,-0.036,0.016,67
2127,-0.544,1.670,1.493,0.000,-0.060,0.011,67
2128,-0.541,1.670,1.493,0.000,-0.047,-0.028,67
2129,-0.538,1.669,1.493,0.000,-0.013,-0.080,67
2130,-0.536,1.668,1.493,0.000,-0.124,0.018,67
2131,-0.533,1.668,1.493,0.000,-0.216,0.123,67
2132,-0.532,1.667,1.493,0.000,-0.239,0.177,67
2133,-0.531,1.666,1.493,0.000,-0.044,0.043,67
2134,-0.530,1.664,1.493,0.000,0.152,-0.111,67
2135,-0.529,1.663,1.493,0.000,0.258,-0.197,67
2136,-0.527,1.662,1.493,0.000,0.121,-0.081,67
2137,-0.525,1.661,1.493,0.000,-0.064,0.064,67
2138,-0.523,1.661,1.493,0.000,-0.203,0.164,67
2139,-0.521,1.660,1.493,0.000,-0.258,0.194,67
2140,-0.521,1.658,1.493,0.000,-0.232,0.161,67
2141,-0.521,1.656,1.493,0.000,-0.148,0.091,67
2142,-0.521,1.653,1.493,0.000,0.104,-0.081,67
2143,-0.522,1.651,1.493,0.000,0.299,-0.212,67
2144,-0.521,1.649,1.493,0.000,0.361,-0.252,67
2145,-0.519,1.648,1.493,0.000,0.302,-0.209,67
2146,-0.517,1.648,1.493,0.000,0.173,-0.122,67
2147,-0.513,1.648,1.493,0.000,0.027,-0.018,67
2148,-0.510,1.649,1.493,0.000,-0.079,0.053,67
2149,-0.506,1.649,1.493,0.000,-0.134,0.100,67
2150,-0.503,1.649,1.493,0.000,-0.131,0.102,67
2151,-0.501,1.648,1.493,0.000,-0.096,0.085,67
2152,-0.498,1.647,1.493,0.000,-0.037,0.039,67
2153,-0.496,1.647,1.493,0.000,0.016,-0.003,67
2154,-0.494,1.646,1.493,0.000,0.044,-0.029,67
2155,-0.492,1.645,1.493,0.000,0.054,-0.040,67
2156,-0.490,1.644,1.493,0.000,0.032,-0.025,67
2157,-0.487,1.643,1.493,0.000,0.002,-0.005,67
2158,-0.484,1.643,1.493,0.000,-0.042,0.024,82
2159,-0.482,1.642,1.493,0.000,-0.395,0.237,82
2160,-0.481,1.641,1.494,0.000,-0.617,0.370,82
2161,-0.482,1.638,1.494,0.000,-0.627,0.374,82
2162,-0.485,1.634,1.494,0.000,-0.474,0.273,82
2163,-0.490,1.629,1.495,0.000,-0.243,0.126,82
2164,-0.495,1.624,1.495,0.000,-0.027,-0.014,82
2165,-0.501,1.618,1.495,0.000,0.117,-0.106,82
2166,-0.506,1.613,1.496,0.000,0.163,-0.141,82
2167,-0.511,1.609,1.496,0.000,0.123,-0.127,82
2168,-0.516,1.605,1.496,0.000,0.034,-0.084,82
2169,-0.520,1.601,1.497,0.000,-0.069,-0.040,82
2170,-0.525,1.597,1.497,0.000,-0.143,-0.004,82
2171,-0.530,1.593,1.497,0.000,-0.158,0.023,82
2172,-0.536,1.589,1.497,0.000,-0.110,0.047,77
2173,-0.542,1.585,1.498,0.000,-0.011,0.079,82
2174,-0.548,1.581,1.498,0.000,0.058,0.076,82
2175,-0.554,1.577,1.498,0.000,0.101,0.063,82
2176,-0.559,1.572,1.498,0.000,0.361,-0.203,77
2177,-0.563,1.568,1.498,0.000,0.500,-0.388,77
2178,-0.566,1.565,1.499,0.000,0.476,-0.426,77
2179,-0.567,1.564,1.499,0.000,0.336,-0.342,82
2180,-0.567,1.563,1.499,0.000,0.150,-0.192,77
2181,-0.567,1.564,1.499,0.000,-0.015,-0.037,77
2182,-0.566,1.565,1.499,0.000,-0.117,0.076,77
2183,-0.566,1.565,1.499,0.000,-0.307,0.458,77
2184,-0.567,1.564,1.499,0.000,-0.382,0.665,77
2185,-0.569,1.561,1.500,0.000,-0.330,0.641,77
2186,-0.572,1.555,1.500,0.000,-0.200,0.451,77
2187,-0.576,1.548,1.501,0.000,-0.052,0.194,77
2188,-0.580,1.540,1.501,0.000,0.228,-0.367,77
2189,-0.583,1.534,1.501,0.000,0.395,-0.726,77
2190,-0.585,1.529,1.502,0.000,0.407,-0.788,77
2191,-0.586,1.528,1.502,0.000,0.302,-0.610,77
2192,-0.586,1.528,1.502,0.000,0.142,-0.312,72
2193,-0.585,1.530,1.502,0.000,-0.009,-0.014,72
2194,-0.584,1.531,1.502,0.000,-0.216,0.585,72
2195,-0.584,1.531,1.503,0.000,-0.314,0.947,72
2196,-0.585,1.528,1.503,0.000,-0.291,0.978,72
2197,-0.586,1.521,1.504,0.000,-0.213,0.734,72
2198,-0.589,1.512,1.505,0.000,-0.076,0.376,72
2199,-0.592,1.502,1.505,0.000,0.047,0.031,72
2200,-0.595,1.491,1.506,0.000,0.117,-0.219,72
2201,-0.597,1.481,1.507,0.001,0.126,-0.326,72
2202,-0.599,1.472,1.507,0.001,0.091,-0.301,72
2203,-0.601,1.463,1.507,0.001,0.035,-0.189,72
2204,-0.602,1.456,1.508,0.001,-0.017,-0.049,72
2205,-0.604,1.449,1.508,0.001,-0.048,0.070,72
2206,-0.606,1.441,1.508,0.001,-0.054,0.136,72
2207,-0.608,1.433,1.509,0.001,-0.040,0.145,72
2208,-0.610,1.425,1.509,0.001,-0.018,0.107,72
2209,-0.612,1.416,1.510,0.001,0.004,0.047,72
2210,-0.614,1.407,1.510,0.001,0.019,-0.010,72
2211,-0.616,1.398,1.504,0.001,0.025,-0.050,72
2212,-0.618,1.389,1.503,0.001,0.019,-0.068,72
2213,-0.620,1.381,1.502,0.001,0.006,-0.064,72
2214,-0.622,1.372,1.502,0.001,-0.008,-0.048,72
2215,-0.624,1.364,1.501,0.001,-0.017,-0.024,72
2216,-0.626,1.356,1.500,0.001,-0.020,-0.003,72
2217,-0.628,1.348,1.500,0.001,-0.017,0.008,72
2218,-0.630,1.339,1.499,0.001,-0.011,0.010,72
2219,-0.632,1.331,1.499,0.001,-0.003,0.003,72
2220,-0.635,1.323,1.499,0.001,0.003,-0.007,72
2221,-0.637,1.314,1.498,0.001,0.006,-0.017,72
2222,-0.639,1.306,1.498,0.001,0.005,-0.023,72
2223,-0.641,1.298,1.498,0.001,0.001,-0.026,72
2224,-0.643,1.290,1.498,0.001,-0.003,-0.025,72
2225,-0.646,1.282,1.498,0.001,-0.006,-0.022,72
2226,-0.648,1.274,1.498,0.001,-0.140,-0.090,72
2227,-0.650,1.266,1.498,0.001,-0.126,-0.070,72
2228,-0.654,1.258,1.498,0.001,-0.059,-0.027,72
2229,-0.657,1.251,1.498,0.001,0.010,0.009,72
2230,-0.660,1.244,1.498,0.001,0.057,0.030,72
2231,-0.663,1.236,1.498,0.001,0.072,0.031,72
2232,-0.666,1.228,1.498,0.001,0.060,0.019,72
2233,-0.669,1.221,1.498,0.001,0.034,-0.000,72
2234,-0.672,1.213,1.498,0.001,0.006,-0.019,72
2235,-0.674,1.205,1.498,0.001,-0.016,-0.029,72
2236,-0.677,1.197,1.499,0.001,-0.026,-0.033,72
2237,-0.679,1.190,1.499,0.001,-0.068,-0.063,72
2238,-0.682,1.183,1.499,0.001,0.032,-0.112,72
2239,-0.685,1.176,1.499,0.001,0.061,-0.063,72
2240,-0.688,1.169,1.499,0.001,0.049,-0.002,72
2241,-0.690,1.162,1.499,0.001,-0.018,0.033,72
2242,-0.693,1.155,1.499,0.001,-0.031,0.053,72
2243,-0.696,1.148,1.499,0.001,-0.027,0.050,72
2244,-0.698,1.141,1.499,0.001,-0.015,0.029,72
2245,-0.701,1.133,1.500,0.001,-0.000,0.003,72
2246,-0.704,1.126,1.500,0.001,0.013,-0.020,72
2247,-0.707,1.119,1.500,0.001,0.020,-0.032,72
2248,-0.709,1.111,1.500,0.001,0.021,-0.034,72
2249,-0.712,1.104,1.500,0.001,0.018,-0.027,72
2250,-0.715,1.097,1.500,0.001,0.012,-0.015,72
2251,-0.717,1.090,1.500,0.001,0.005,-0.004,72
2252,-0.720,1.083,1.500,0.001,-0.000,0.003,72
2253,-0.722,1.076,1.500,0.001,-0.003,0.006,72
2254,-0.725,1.069,1.500,0.001,-0.003,0.004,72
2255,-0.727,1.062,1.501,0.001,-0.001,-0.001,72
2256,-0.730,1.055,1.501,0.001,0.001,-0.007,72
2257,-0.733,1.048,1.501,0.001,0.004,-0.012,72
2258,-0.735,1.041,1.501,0.001,0.020,-0.012,72
2259,-0.738,1.034,1.501,0.001,0.017,-0.010,72
2260,-0.740,1.027,1.501,0.001,0.007,-0.007,72
2261,-0.743,1.020,1.501,0.001,-0.003,-0.004,72
2262,-0.745,1.013,1.501,0.001,-0.009,-0.002,72
2263,-0.748,1.006,1.501,0.001,-0.012,-0.004,72
2264,-0.750,0.999,1.501,0.001,-0.034,-0.021,72
2265,-0.753,0.992,1.501,0.001,-0.021,-0.015,72
2266,-0.755,0.985,1.502,0.001,-0.004,-0.006,72
2267,-0.758,0.978,1.502,0.001,0.009,0.002,72
2268,-0.761,0.971,1.502,0.001,0.017,0.006,72
2269,-0.764,0.964,1.502,0.001,0.019,0.006,72
2270,-0.766,0.957,1.502,0.001,0.015,0.004,72
2271,-0.769,0.950,1.502,0.001,0.007,-0.001,72
2272,-0.771,0.943,1.502,0.001,-0.001,-0.005,72
2273,-0.774,0.936,1.502,0.001,-0.005,-0.007,72
2274,-0.776,0.929,1.502,0.001,-0.007,-0.008,72
2275,-0.779,0.922,1.502,0.001,-0.005,-0.008,72
2276,-0.782,0.915,1.502,0.001,-0.003,-0.006,72
2277,-0.784,0.908,1.502,0.001,0.001,-0.004,72
2278,-0.787,0.901,1.502,0.001,0.004,-0.003,72
2279,-0.789,0.894,1.502,0.001,0.005,-0.002,72
2280,-0.792,0.887,1.502,0.001,0.004,-0.003,72
2281,-0.795,0.880,1.502,0.001,0.002,-0.003,72
2282,-0.797,0.873,1.503,0.001,0.001,-0.004,72
2283,-0.800,0.866,1.503,0.001,0.001,-0.004,72
2284,-0.803,0.859,1.503,0.001,0.000,-0.004,72
2285,-0.805,0.852,1.503,0.001,0.001,-0.004,72
2286,-0.808,0.845,1.503,0.001,0.000,-0.005,72
2287,-0.810,0.838,1.503,0.001,-0.000,-0.006,72
2288,-0.813,0.831,1.503,0.001,-0.000,-0.006,72
2289,-0.816,0.824,1.503,0.001,0.000,-0.006,72
2290,-0.818,0.817,1.503,0.001,0.001,-0.005,72
2291,-0.821,0.810,1.503,0.001,0.002,-0.005,72
2292,-0.823,0.803,1.503,0.001,0.100,-0.031,72
2293,-0.826,0.796,1.503,0.001,0.018,-0.042,72
2294,-0.828,0.789,1.503,0.001,-0.024,-0.024,72
2295,-0.830,0.783,1.503,0.001,-0.039,0.001,72
2296,-0.833,0.776,1.502,0.001,-0.038,0.020,72
2297,-0.835,0.769,1.502,0.001,-0.026,0.028,72
2298,-0.838,0.762,1.502,0.001,-0.009,0.024,72
2299,-0.841,0.755,1.502,0.001,0.008,0.014,72
2300,-0.844,0.748,1.502,0.001,-0.007,-0.017,72
2301,-0.846,0.741,1.502,0.001,0.004,-0.020,72
2302,-0.849,0.734,1.502,0.001,0.014,-0.014,72
2303,-0.852,0.728,1.503,0.001,0.016,-0.007,72
2304,-0.854,0.721,1.503,0.001,0.012,0.000,72
2305,-0.857,0.714,1.503,0.001,0.004,0.004,72
2306,-0.859,0.707,1.503,0.001,-0.005,0.004,72
2307,-0.862,0.700,1.502,0.001,-0.014,0.001,72
2308,-0.865,0.693,1.502,0.001,-0.046,-0.024,72
2309,-0.868,0.686,1.502,0.001,-0.038,-0.023,72
2310,-0.870,0.679,1.502,0.001,-0.020,-0.015,72
2311,-0.873,0.673,1.502,0.001,-0.001,-0.007,72
2312,-0.877,0.666,1.502,0.001,-0.001,-0.004,72
2313,-0.880,0.659,1.502,0.001,-0.018,-0.007,72
2314,-0.883,0.652,1.502,0.001,-0.036,-0.013,72
2315,-0.886,0.646,1.502,0.001,-0.046,-0.018,72
2316,-0.889,0.639,1.502,0.001,-0.044,-0.019,72
2317,-0.893,0.632,1.502,0.001,-0.035,-0.018,72
2318,-0.897,0.626,1.502,0.001,-0.021,-0.014,72
2319,-0.900,0.619,1.502,0.001,-0.010,-0.009,72
2320,-0.904,0.613,1.502,0.001,-0.004,-0.007,72
2321,-0.908,0.606,1.502,0.001,-0.004,-0.006,72
2322,-0.912,0.600,1.502,0.001,-0.008,-0.008,72
2323,-0.916,0.593,1.502,0.001,-0.012,-0.009,72
2324,-0.920,0.587,1.502,0.001,-0.015,-0.012,72
2325,-0.924,0.580,1.502,0.001,-0.017,-0.013,72
2326,-0.928,0.574,1.501,0.001,-0.015,-0.014,72
2327,-0.932,0.568,1.501,0.001,-0.013,-0.014,72
2328,-0.936,0.561,1.501,0.001,-0.008,-0.012,72
2329,-0.940,0.555,1.501,0.001,-0.002,-0.008,72
2330,-0.944,0.549,1.501,0.001,0.003,-0.005,72
2331,-0.949,0.542,1.501,0.001,0.009,-0.000,72
2332,-0.953,0.536,1.501,0.001,0.015,0.004,72
2333,-0.957,0.530,1.501,0.001,0.020,0.007,72
2334,-0.961,0.523,1.501,0.001,0.075,0.016,72
2335,-0.965,0.517,1.501,0.001,0.126,0.020,72
2336,-0.968,0.511,1.501,0.001,0.152,0.016,72
2337,-0.971,0.504,1.501,0.001,0.107,-0.135,72
2338,-0.974,0.498,1.500,0.001,0.041,-0.248,72
2339,-0.976,0.493,1.500,0.001,-0.021,-0.281,72
2340,-0.979,0.488,1.500,0.001,-0.058,-0.234,72
2341,-0.982,0.485,1.500,0.001,-0.064,-0.139,72
2342,-0.984,0.482,1.500,0.001,-0.049,-0.036,72
2343,-0.987,0.479,1.500,0.001,-0.023,0.042,72
2344,-0.991,0.476,1.500,0.001,0.003,0.079,72
2345,-0.994,0.472,1.500,0.001,0.021,0.077,72
2346,-0.997,0.469,1.500,0.001,0.028,0.047,72
2347,-1.000,0.465,1.500,0.001,0.026,0.006,72
2348,-1.003,0.461,1.500,0.001,0.017,-0.027,72
2349,-1.006,0.458,1.500,0.001,0.006,-0.046,72
2350,-1.009,0.454,1.500,0.001,-0.003,-0.048,72
2351,-1.011,0.451,1.499,0.001,-0.007,-0.036,72
2352,-1.014,0.447,1.499,0.001,-0.006,-0.015,72
2353,-1.017,0.444,1.499,0.001,-0.002,0.005,72
2354,-1.020,0.441,1.499,0.001,0.004,0.019,72
2355,-1.023,0.438,1.499,0.001,0.008,0.022,72
2356,-1.026,0.434,1.499,0.001,0.011,0.020,72
2357,-1.029,0.431,1.499,0.001,0.011,0.013,72
2358,-1.032,0.427,1.499,0.001,0.010,0.002,72
2359,-1.034,0.424,1.499,0.001,0.008,-0.005,72
2360,-1.037,0.420,1.499,0.001,0.006,-0.010,72
2361,-1.040,0.417,1.499,0.001,0.005,-0.009,72
2362,-1.043,0.413,1.499,0.001,0.005,-0.006,72
2363,-1.045,0.410,1.498,0.001,0.004,-0.003,72
2364,-1.048,0.406,1.498,0.001,0.004,0.001,72
2365,-1.051,0.403,1.498,0.001,0.003,0.001,72
2366,-1.054,0.399,1.498,0.001,0.003,-0.000,72
2367,-1.056,0.396,1.498,0.001,0.004,0.001,72
2368,-1.059,0.392,1.498,0.001,0.007,0.003,72
2369,-1.062,0.389,1.498,0.001,0.009,0.005,72
2370,-1.064,0.385,1.498,0.001,0.010,0.006,72
2371,-1.067,0.382,1.498,0.001,0.010,0.004,72
2372,-1.070,0.378,1.498,0.001,0.009,0.002,72
2373,-1.072,0.374,1.498,0.001,0.008,0.001,72
2374,-1.075,0.371,1.498,0.001,0.006,0.001,72
2375,-1.077,0.367,1.498,0.001,0.005,0.001,72
2376,-1.080,0.364,1.498,0.001,0.004,-0.001,72
2377,-1.082,0.360,1.498,0.001,0.004,-0.000,72
2378,-1.085,0.356,1.497,0.001,0.004,-0.002,72
2379,-1.087,0.353,1.497,0.001,0.004,-0.002,72
2380,-1.090,0.349,1.497,0.001,0.006,0.001,72
2381,-1.092,0.345,1.497,0.001,0.006,0.003,72
2382,-1.095,0.342,1.497,0.001,0.007,0.004,72
2383,-1.097,0.338,1.497,0.001,0.006,0.003,72
2384,-1.099,0.334,1.497,0.001,0.006,0.003,72
2385,-1.102,0.331,1.497,0.001,0.005,0.002,72
2386,-1.104,0.327,1.497,0.001,0.004,-0.000,72
2387,-1.107,0.323,1.497,0.001,0.003,-0.001,72
2388,-1.109,0.319,1.497,0.001,0.002,-0.004,72
2389,-1.111,0.316,1.497,0.001,0.001,-0.005,72
2390,-1.114,0.312,1.497,0.001,0.001,-0.005,72
2391,-1.116,0.308,1.497,0.001,0.002,-0.004,72
2392,-1.118,0.305,1.497,0.001,0.003,-0.003,72
2393,-1.121,0.301,1.497,0.001,0.005,-0.000,72
2394,-1.123,0.297,1.497,0.001,0.007,0.001,72
2395,-1.125,0.293,1.497,0.001,0.008,0.002,72
2396,-1.128,0.290,1.497,0.001,0.008,0.002,72
2397,-1.130,0.286,1.497,0.001,0.007,0.001,72
2398,-1.132,0.282,1.497,0.001,0.005,0.000,72
2399,-1.135,0.278,1.497,0.001,0.003,-0.002,72
2400,-1.137,0.275,1.497,0.001,0.002,-0.003,72
2401,-1.139,0.271,1.497,0.001,0.001,-0.004,72
2402,-1.141,0.267,1.497,0.001,-0.068,-0.064,72
2403,-1.144,0.264,1.497,0.001,-0.113,-0.104,72
2404,-1.147,0.260,1.497,0.001,-0.120,-0.108,77
2405,-1.150,0.258,1.497,0.001,-0.061,-0.046,77
2406,-1.153,0.255,1.497,0.001,0.000,0.016,77
2407,-1.157,0.252,1.496,0.001,0.047,0.058,77
2408,-1.160,0.249,1.496,0.001,0.069,0.076,77
2409,-1.163,0.246,1.496,0.001,0.066,0.066,77
2410,-1.166,0.243,1.496,0.001,0.045,0.039,77
2411,-1.169,0.239,1.496,0.001,0.015,0.005,77
2412,-1.172,0.236,1.496,0.001,-0.010,-0.022,77
2413,-1.175,0.232,1.496,0.001,-0.025,-0.037,77
2414,-1.177,0.229,1.496,0.001,-0.028,-0.038,77
2415,-1.180,0.225,1.496,0.001,-0.021,-0.028,77
2416,-1.183,0.222,1.496,0.001,-0.010,-0.014,77
2417,-1.186,0.219,1.496,0.001,0.002,-0.000,77
2418,-1.189,0.216,1.496,0.001,0.011,0.008,77
2419,-1.193,0.213,1.496,0.001,0.015,0.011,77
2420,-1.196,0.209,1.496,0.001,0.013,0.008,77
2421,-1.198,0.206,1.496,0.001,0.007,-0.002,77
2422,-1.201,0.203,1.496,0.001,-0.000,-0.008,77
2423,-1.204,0.200,1.496,0.001,-0.007,-0.014,77
2424,-1.207,0.197,1.496,0.001,-0.010,-0.016,77
2425,-1.210,0.193,1.496,0.001,-0.010,-0.013,77
2426,-1.213,0.190,1.496,0.001,-0.007,-0.008,77
2427,-1.216,0.187,1.496,0.001,-0.004,-0.004,77
2428,-1.219,0.184,1.496,0.001,-0.000,0.001,77
2429,-1.223,0.181,1.496,0.001,0.002,0.003,77
2430,-1.226,0.178,1.496,0.001,0.004,0.005,77
2431,-1.229,0.175,1.496,0.001,0.003,0.003,77
2432,-1.232,0.172,1.496,0.001,0.003,0.002,77
2433,-1.235,0.169,1.496,0.001,0.002,-0.000,77
2434,-1.238,0.165,1.496,0.001,0.002,-0.002,77
2435,-1.241,0.162,1.496,0.001,0.002,-0.002,77
2436,-1.244,0.159,1.496,0.001,0.001,-0.002,77
2437,-1.247,0.156,1.496,0.001,0.002,0.000,77
2438,-1.250,0.153,1.496,0.001,0.003,0.002,77
2439,-1.253,0.150,1.497,0.001,0.003,0.003,77
2440,-1.256,0.147,1.497,0.001,0.002,0.003,77
2441,-1.259,0.143,1.497,0.001,0.001,0.001,77
2442,-1.263,0.140,1.497,0.001,-0.001,-0.003,77
2443,-1.266,0.137,1.497,0.001,-0.003,-0.006,77
2444,-1.269,0.134,1.497,0.001,-0.005,-0.010,77
2445,-1.272,0.131,1.497,0.001,-0.006,-0.011,77
2446,-1.275,0.127,1.497,0.001,-0.003,-0.007,77
2447,-1.278,0.124,1.497,0.001,-0.001,-0.004,77
2448,-1.281,0.121,1.497,0.001,0.001,-0.001,77
2449,-1.284,0.118,1.497,0.001,0.002,0.000,77
2450,-1.288,0.115,1.497,0.001,0.002,0.000,77
2451,-1.291,0.112,1.497,0.001,0.001,-0.003,77
2452,-1.294,0.109,1.498,0.001,0.000,-0.003,77
2453,-1.297,0.106,1.498,0.001,0.001,-0.001,77
2454,-1.300,0.103,1.498,0.001,0.002,-0.000,77
2455,-1.303,0.099,1.498,0.001,0.003,0.000,77
2456,-1.307,0.096,1.498,0.001,0.003,0.003,77
2457,-1.310,0.093,1.498,0.001,0.004,0.002,77
2458,-1.313,0.090,1.498,0.001,0.003,-0.000,77
2459,-1.316,0.087,1.498,0.001,0.004,0.000,77
2460,-1.319,0.084,1.498,0.001,0.006,0.003,77
2461,-1.322,0.080,1.498,0.001,0.006,0.005,77
2462,-1.325,0.077,1.499,0.001,0.006,0.004,77
2463,-1.328,0.074,1.499,0.001,0.003,0.000,77
2464,-1.332,0.071,1.499,0.001,0.001,-0.003,77
2465,-1.335,0.068,1.499,0.001,-0.001,-0.006,77
2466,-1.338,0.064,1.499,0.001,-0.001,-0.007,77
2467,-1.341,0.061,1.499,0.001,0.001,-0.004,77
2468,-1.344,0.058,1.499,0.001,0.005,0.002,77
2469,-1.347,0.055,1.499,0.001,0.006,0.005,77
2470,-1.350,0.052,1.499,0.001,0.005,0.004,77
2471,-1.353,0.048,1.500,0.001,0.003,0.002,77
2472,-1.356,0.045,1.500,0.001,0.001,-0.002,77
2473,-1.359,0.042,1.500,0.001,-0.001,-0.006,77
2474,-1.362,0.039,1.500,0.001,-0.001,-0.006,77
2475,-1.366,0.035,1.500,0.001,0.001,-0.003,77
2476,-1.369,0.032,1.500,0.001,0.003,-0.000,77
2477,-1.372,0.029,1.500,0.001,0.004,0.000,77
2478,-1.375,0.026,1.500,0.001,0.004,0.000,77
2479,-1.378,0.023,1.501,0.001,0.003,-0.000,77
2480,-1.381,0.019,1.501,0.001,0.002,-0.001,77
2481,-1.384,0.016,1.501,0.001,0.002,-0.002,77
2482,-1.387,0.013,1.501,0.001,0.002,-0.002,77
2483,-1.390,0.010,1.501,0.001,0.006,0.003,77
2484,-1.393,0.006,1.501,0.001,0.011,0.011,77
2485,-1.396,0.003,1.501,0.001,0.011,0.011,77
2486,-1.399,-0.000,1.501,0.001,0.007,0.005,77
2487,-1.402,-0.004,1.501,0.001,0.002,-0.004,77
2488,-1.405,-0.007,1.502,0.001,-0.002,-0.010,77
2489,-1.408,-0.010,1.502,0.001,-0.004,-0.012,77
2490,-1.411,-0.014,1.502,0.001,-0.003,-0.010,77
2491,-1.414,-0.017,1.502,0.001,-0.000,-0.006,77
2492,-1.417,-0.020,1.502,0.001,0.002,-0.001,77
2493,-1.420,-0.024,1.502,0.001,0.004,0.002,77
2494,-1.423,-0.027,1.502,0.001,0.006,0.008,77
2495,-1.426,-0.030,1.502,0.001,0.009,0.012,77
2496,-1.429,-0.033,1.502,0.001,0.006,0.009,77
2497,-1.432,-0.037,1.503,0.001,0.001,0.001,77
2498,-1.435,-0.040,1.503,0.001,-0.004,-0.008,77
2499,-1.438,-0.044,1.503,0.001,-0.007,-0.014,77
2500,-1.441,-0.047,1.503,0.001,-0.008,-0.015,77
2501,-1.444,-0.050,1.503,0.001,-0.005,-0.011,77
2502,-1.447,-0.054,1.503,0.001,-0.002,-0.004,77
2503,-1.450,-0.057,1.503,0.001,0.002,0.004,77
2504,-1.453,-0.060,1.503,0.001,0.004,0.007,77
2505,-1.456,-0.063,1.503,0.001,0.007,0.012,77
2506,-1.459,-0.067,1.503,0.001,0.010,0.015,77
2507,-1.462,-0.070,1.504,0.001,0.007,0.010,77
2508,-1.465,-0.074,1.504,0.001,0.001,0.000,77
2509,-1.468,-0.077,1.504,0.001,-0.004,-0.009,77
2510,-1.471,-0.081,1.504,0.001,-0.008,-0.014,77
2511,-1.474,-0.084,1.504,0.001,-0.008,-0.013,77
2512,-1.478,-0.087,1.504,0.001,-0.005,-0.008,77
2513,-1.481,-0.091,1.504,0.001,-0.001,-0.005,77
2514,-1.484,-0.094,1.504,0.001,0.002,-0.003,77
2515,-1.487,-0.097,1.504,0.001,0.003,-0.003,77
2516,-1.490,-0.101,1.504,0.001,0.006,-0.001,77
2517,-1.493,-0.104,1.504,0.001,0.008,0.003,77
2518,-1.496,-0.107,1.504,0.001,0.006,0.002,77
2519,-1.499,-0.111,1.504,0.001,0.001,-0.006,77
2520,-1.502,-0.114,1.505,0.001,-0.005,-0.013,77
2521,-1.505,-0.117,1.505,0.001,-0.007,-0.016,77
2522,-1.508,-0.121,1.505,0.001,-0.007,-0.013,77
2523,-1.512,-0.124,1.505,0.001,-0.003,-0.006,77
2524,-1.515,-0.127,1.505,0.001,0.001,0.001,77
2525,-1.518,-0.130,1.505,0.001,0.004,0.007,77
2526,-1.521,-0.133,1.505,0.001,0.006,0.007,77
2527,-1.524,-0.137,1.505,0.001,0.007,0.005,77
2528,-1.527,-0.140,1.505,0.001,0.010,0.010,77
2529,-1.530,-0.143,1.505,0.001,0.013,0.017,77
2530,-1.533,-0.147,1.505,0.001,0.010,0.016,77
2531,-1.537,-0.150,1.505,0.001,0.003,0.007,77
2532,-1.540,-0.153,1.505,0.001,-0.004,-0.004,77
2533,-1.543,-0.157,1.505,0.001,-0.009,-0.012,77
2534,-1.546,-0.160,1.505,0.001,-0.010,-0.014,77
2535,-1.549,-0.164,1.505,0.001,-0.008,-0.011,77
2536,-1.552,-0.167,1.505,0.001,-0.004,-0.006,77
2537,-1.555,-0.171,1.505,0.001,0.000,-0.001,77
2538,-1.558,-0.174,1.506,0.001,0.003,0.002,77
2539,-1.561,-0.177,1.506,0.001,0.007,0.007,77
2540,-1.565,-0.181,1.506,0.001,0.010,0.011,77
2541,-1.568,-0.184,1.506,0.001,0.007,0.006,77
2542,-1.571,-0.188,1.506,0.001,0.001,-0.006,77
2543,-1.574,-0.191,1.506,0.001,-0.004,-0.017,77
2544,-1.577,-0.194,1.506,0.001,-0.008,-0.024,77
2545,-1.580,-0.198,1.506,0.001,-0.008,-0.025,77
2546,-1.583,-0.201,1.506,0.001,-0.006,-0.021,77
2547,-1.587,-0.204,1.506,0.001,-0.002,-0.013,77
2548,-1.590,-0.207,1.506,0.001,0.002,-0.005,77
2549,-1.593,-0.210,1.506,0.001,0.005,0.003,77
2550,-1.596,-0.214,1.506,0.001,0.006,0.008,77
2551,-1.599,-0.217,1.506,0.001,0.006,0.007,77
2552,-1.603,-0.220,1.506,0.001,0.008,0.008,77
2553,-1.606,-0.223,1.506,0.001,0.011,0.012,77
2554,-1.609,-0.226,1.506,0.001,0.009,0.008,77
2555,-1.612,-0.230,1.506,0.001,0.003,-0.003,77
2556,-1.615,-0.233,1.506,0.001,-0.006,-0.014,77
2557,-1.618,-0.236,1.506,0.001,-0.049,-0.063,77
2558,-1.622,-0.239,1.506,0.001,-0.035,-0.044,77
2559,-1.625,-0.242,1.506,0.001,-0.006,-0.007,77
2560,-1.628,-0.245,1.506,0.001,0.020,0.024,77
2561,-1.632,-0.248,1.506,0.001,0.037,0.040,77
2562,-1.635,-0.251,1.506,0.001,0.036,0.038,77
2563,-1.638,-0.255,1.506,0.001,0.028,0.031,77
2564,-1.641,-0.258,1.506,0.001,0.017,0.020,77
2565,-1.644,-0.261,1.506,0.001,0.003,0.004,77
2566,-1.647,-0.265,1.506,0.001,-0.010,-0.014,77
2567,-1.650,-0.268,1.506,0.001,-0.016,-0.025,77
2568,-1.654,-0.272,1.507,0.001,-0.017,-0.027,77
2569,-1.657,-0.275,1.507,0.001,-0.012,-0.022,77
2570,-1.660,-0.278,1.507,0.001,-0.004,-0.011,77
2571,-1.663,-0.281,1.507,0.001,0.004,-0.001,77
2572,-1.666,-0.284,1.507,0.001,0.009,0.007,77
2573,-1.670,-0.288,1.507,0.001,0.010,0.011,77
2574,-1.673,-0.291,1.507,0.001,0.009,0.011,77
2575,-1.676,-0.294,1.507,0.001,0.009,0.012,77
2576,-1.679,-0.297,1.507,0.001,0.009,0.013,77
2577,-1.682,-0.301,1.507,0.001,0.005,0.007,77
2578,-1.685,-0.304,1.507,0.001,-0.000,-0.003,77
2579,-1.688,-0.308,1.507,0.001,-0.004,-0.012,77
2580,-1.692,-0.311,1.507,0.001,-0.006,-0.017,77
2581,-1.695,-0.314,1.507,0.001,-0.005,-0.016,77
2582,-1.698,-0.318,1.507,0.001,-0.003,-0.010,77
2583,-1.701,-0.321,1.507,0.001,0.001,0.000,77
2584,-1.704,-0.324,1.507,0.001,0.004,0.006,77
2585,-1.708,-0.327,1.507,0.001,0.006,0.010,77
2586,-1.711,-0.331,1.507,0.001,0.008,0.013,77
2587,-1.714,-0.334,1.507,0.001,0.010,0.013,77
2588,-1.717,-0.337,1.507,0.001,0.009,0.010,77
2589,-1.720,-0.341,1.507,0.001,0.006,0.002,77
2590,-1.723,-0.344,1.507,0.001,0.001,-0.008,77
2591,-1.726,-0.348,1.507,0.001,-0.004,-0.018,77
2592,-1.729,-0.351,1.507,0.001,-0.007,-0.022,77
2593,-1.732,-0.355,1.507,0.001,-0.006,-0.020,77
2594,-1.736,-0.358,1.507,0.001,-0.004,-0.014,77
2595,-1.739,-0.361,1.507,0.001,0.001,-0.004,77
2596,-1.742,-0.364,1.507,0.001,0.007,0.009,77
2597,-1.745,-0.368,1.507,0.001,0.008,0.013,77
2598,-1.748,-0.371,1.507,0.001,0.008,0.011,77
2599,-1.751,-0.374,1.507,0.001,0.005,0.006,77
2600,-1.755,-0.378,1.507,0.001,0.001,-0.003,77
2601,-1.758,-0.381,1.507,0.001,-0.002,-0.009,77
2602,-1.761,-0.384,1.507,0.001,-0.004,-0.016,77
2603,-1.764,-0.388,1.507,0.001,-0.004,-0.017,77
2604,-1.767,-0.391,1.507,0.001,-0.002,-0.012,77
2605,-1.770,-0.394,1.507,0.001,0.004,0.001,77
2606,-1.773,-0.397,1.507,0.001,0.010,0.014,77
2607,-1.777,-0.401,1.507,0.001,0.011,0.018,77
2608,-1.780,-0.404,1.507,0.001,0.007,0.010,77
2609,-1.783,-0.407,1.507,0.001,0.001,-0.001,77
2610,-1.786,-0.411,1.507,0.001,-0.004,-0.011,77
2611,-1.789,-0.414,1.507,0.001,-0.003,-0.011,77
2612,-1.792,-0.417,1.507,0.001,0.002,-0.005,77
2613,-1.795,-0.421,1.507,0.001,0.004,-0.001,77
2614,-1.798,-0.424,1.507,0.001,0.003,-0.003,77
2615,-1.802,-0.427,1.507,0.001,0.000,-0.007,77
2616,-1.805,-0.431,1.507,0.001,-0.002,-0.010,77
2617,-1.808,-0.434,1.507,0.001,-0.003,-0.009,77
2618,-1.811,-0.437,1.507,0.001,0.001,-0.002,77
2619,-1.814,-0.440,1.507,0.001,0.006,0.008,77
2620,-1.817,-0.444,1.507,0.001,0.007,0.009,77
2621,-1.820,-0.447,1.507,0.001,0.005,0.005,77
2622,-1.824,-0.450,1.507,0.001,0.000,-0.005,77
2623,-1.827,-0.454,1.507,0.001,-0.002,-0.009,77
2624,-1.830,-0.457,1.507,0.001,-0.000,-0.006,77
2625,-1.833,-0.460,1.507,0.001,0.004,-0.001,77
2626,-1.836,-0.464,1.507,0.001,0.006,0.005,77
2627,-1.839,-0.467,1.507,0.001,0.004,0.000,77
2628,-1.842,-0.470,1.507,0.001,0.000,-0.005,77
2629,-1.845,-0.473,1.507,0.001,-0.002,-0.010,77
2630,-1.849,-0.477,1.507,0.001,-0.003,-0.011,77
2631,-1.852,-0.480,1.507,0.001,0.001,-0.002,77
2632,-1.855,-0.483,1.507,0.001,0.007,0.008,77
2633,-1.858,-0.487,1.507,0.001,0.009,0.013,77
2634,-1.861,-0.490,1.507,0.001,0.006,0.009,77
2635,-1.864,-0.493,1.507,0.001,0.002,0.002,77
2636,-1.867,-0.497,1.507,0.001,-0.002,-0.006,77
2637,-1.870,-0.500,1.507,0.001,-0.004,-0.011,77
2638,-1.873,-0.503,1.507,0.001,-0.000,-0.006,77
2639,-1.877,-0.507,1.507,0.001,0.005,0.003,77
2640,-1.880,-0.510,1.507,0.001,0.007,0.006,77
2641,-1.883,-0.513,1.507,0.001,0.005,0.002,77
2642,-1.886,-0.517,1.507,0.001,0.001,-0.004,77
2643,-1.889,-0.520,1.507,0.001,-0.045,-0.058,77
2644,-1.892,-0.523,1.507,0.001,-0.071,-0.085,72
2645,-1.896,-0.526,1.507,0.001,0.014,-0.002,72
2646,-1.899,-0.529,1.507,0.001,0.087,0.073,72
2647,-1.902,-0.532,1.507,0.001,0.117,0.102,72
2648,-1.905,-0.536,1.507,0.001,0.104,0.085,72
2649,-1.907,-0.539,1.506,0.001,0.066,0.043,72
2650,-1.910,-0.543,1.506,0.001,0.022,0.000,72
2651,-1.912,-0.547,1.506,0.001,-0.011,-0.025,72
2652,-1.914,-0.551,1.506,0.001,-0.026,-0.030,72
2653,-1.916,-0.555,1.506,0.001,-0.028,-0.025,72
2654,-1.919,-0.559,1.506,0.001,-0.020,-0.016,72
2655,-1.921,-0.562,1.506,0.001,-0.007,-0.003,72
2656,-1.923,-0.566,1.506,0.001,0.010,0.014,72
2657,-1.926,-0.570,1.506,0.001,0.024,0.030,72
2658,-1.928,-0.574,1.506,0.001,0.031,0.037,72
2659,-1.930,-0.578,1.506,0.001,0.026,0.027,72
2660,-1.933,-0.582,1.506,0.001,0.013,0.007,72
2661,-1.935,-0.586,1.506,0.001,-0.002,-0.016,72
2662,-1.937,-0.590,1.506,0.001,-0.012,-0.029,72
2663,-1.939,-0.594,1.506,0.001,-0.012,-0.026,72
2664,-1.941,-0.598,1.506,0.001,-0.003,-0.010,72
2665,-1.943,-0.601,1.506,0.001,0.007,0.009,72
2666,-1.946,-0.605,1.506,0.001,0.011,0.016,72
2667,-1.948,-0.609,1.506,0.001,0.009,0.010,72
2668,-1.950,-0.613,1.506,0.001,0.003,-0.002,72
2669,-1.952,-0.617,1.506,0.001,-0.002,-0.013,72
2670,-1.954,-0.621,1.506,0.001,-0.002,-0.012,72
2671,-1.956,-0.625,1.506,0.001,0.003,-0.002,72
2672,-1.959,-0.629,1.506,0.001,0.008,0.009,72
2673,-1.961,-0.633,1.506,0.001,0.009,0.010,72
2674,-1.963,-0.637,1.506,0.001,0.004,0.001,72
2675,-1.965,-0.641,1.506,0.001,-0.085,-0.085,72
2676,-1.967,-0.645,1.506,0.001,-0.140,-0.135,72
2677,-1.970,-0.648,1.506,0.001,-0.058,-0.056,72
2678,-1.973,-0.651,1.506,0.001,-0.008,0.009,72
2679,-1.976,-0.654,1.506,0.001,0.064,0.070,72
2680,-1.979,-0.658,1.506,0.001,0.104,0.096,72
2681,-1.982,-0.661,1.506,0.001,0.103,0.083,72
2682,-1.984,-0.665,1.506,0.001,0.070,0.043,72
2683,-1.986,-0.669,1.506,0.001,0.025,-0.003,72
2684,-1.988,-0.673,1.506,0.001,-0.013,-0.035,72
2685,-1.990,-0.677,1.506,0.001,-0.032,-0.043,72
2686,-1.992,-0.681,1.506,0.001,-0.031,-0.030,72
2687,-1.994,-0.685,1.506,0.001,-0.018,-0.008,72
2688,-1.996,-0.689,1.506,0.001,-0.004,0.007,72
2689,-1.998,-0.693,1.506,0.001,0.005,0.009,72
2690,-2.001,-0.697,1.506,0.001,0.011,0.008,72
2691,-2.003,-0.700,1.506,0.001,0.014,0.008,72
2692,-2.005,-0.704,1.506,0.001,0.013,0.005,72
2693,-2.007,-0.708,1.506,0.001,0.008,-0.002,72
2694,-2.009,-0.712,1.506,0.001,-0.000,-0.012,72
2695,-2.011,-0.716,1.506,0.001,-0.007,-0.019,72
2696,-2.013,-0.720,1.506,0.001,-0.009,-0.020,72
2697,-2.015,-0.724,1.506,0.001,-0.008,-0.017,72
2698,-2.018,-0.728,1.506,0.001,-0.007,-0.013,72
2699,-2.020,-0.731,1.506,0.001,-0.003,-0.008,72
2700,-2.022,-0.735,1.506,0.001,0.001,-0.001,72
2701,-2.024,-0.739,1.506,0.001,0.005,0.007,72
2702,-2.026,-0.742,1.506,0.001,0.009,0.013,72
2703,-2.029,-0.746,1.506,0.001,0.010,0.015,72
2704,-2.031,-0.750,1.506,0.001,0.010,0.013,72
2705,-2.033,-0.754,1.506,0.001,0.005,0.004,72
2706,-2.035,-0.758,1.506,0.001,-0.004,-0.013,72
2707,-2.037,-0.761,1.506,0.001,-0.012,-0.028,72
2708,-2.039,-0.765,1.506,0.001,-0.014,-0.032,72
2709,-2.041,-0.769,1.506,0.001,-0.011,-0.024,72
2710,-2.044,-0.772,1.506,0.001,-0.003,-0.010,72
2711,-2.046,-0.776,1.506,0.001,0.006,0.008,72
2712,-2.048,-0.780,1.506,0.001,0.012,0.019,72
2713,-2.050,-0.783,1.506,0.001,0.014,0.023,72
2714,-2.053,-0.787,1.506,0.001,0.013,0.020,72
2715,-2.055,-0.791,1.506,0.001,0.009,0.014,72
2716,-2.057,-0.795,1.506,0.001,0.005,0.006,72
2717,-2.059,-0.799,1.506,0.001,0.002,-0.001,72
2718,-2.061,-0.803,1.506,0.001,-0.001,-0.008,72
2719,-2.063,-0.806,1.506,0.001,-0.003,-0.010,72
2720,-2.065,-0.810,1.506,0.001,-0.002,-0.009,72
2721,-2.067,-0.814,1.506,0.001,0.001,-0.004,72
2722,-2.069,-0.818,1.506,0.001,0.003,0.001,72
2723,-2.072,-0.822,1.506,0.001,0.005,0.005,72
2724,-2.074,-0.826,1.506,0.001,0.006,0.006,72
2725,-2.076,-0.830,1.506,0.001,0.006,0.006,72
2726,-2.078,-0.834,1.506,0.001,0.005,0.005,72
2727,-2.080,-0.837,1.506,0.001,0.004,0.003,72
2728,-2.082,-0.841,1.506,0.001,0.003,0.001,72
2729,-2.084,-0.845,1.506,0.001,0.002,-0.001,72
2730,-2.086,-0.849,1.506,0.001,0.002,-0.002,72
2731,-2.088,-0.853,1.506,0.001,0.002,-0.003,72
2732,-2.090,-0.857,1.506,0.001,0.002,-0.004,72
2733,-2.092,-0.861,1.506,0.001,0.002,-0.004,72
2734,-2.094,-0.865,1.506,0.001,0.003,-0.003,72
2735,-2.096,-0.869,1.506,0.001,0.003,-0.002,72
2736,-2.098,-0.873,1.506,0.001,0.003,-0.000,72
2737,-2.100,-0.877,1.506,0.001,0.002,-0.001,72
2738,-2.102,-0.881,1.506,0.001,0.001,-0.002,72
2739,-2.104,-0.885,1.506,0.001,0.000,-0.002,72
2740,-2.106,-0.889,1.506,0.001,-0.000,-0.004,72
2741,-2.108,-0.893,1.506,0.001,-0.000,-0.005,72
2742,-2.110,-0.897,1.506,0.001,0.000,-0.005,72
2743,-2.112,-0.901,1.506,0.001,0.001,-0.005,72
2744,-2.114,-0.905,1.506,0.001,0.001,-0.005,72
2745,-2.116,-0.909,1.506,0.001,0.001,-0.005,72
2746,-2.118,-0.913,1.506,0.001,0.001,-0.004,72
2747,-2.120,-0.917,1.506,0.001,0.001,-0.003,72
2748,-2.122,-0.921,1.506,0.001,0.001,-0.002,72
2749,-2.124,-0.925,1.506,0.001,0.001,-0.002,72
2750,-2.126,-0.929,1.506,0.001,0.001,-0.002,72
2751,-2.128,-0.932,1.506,0.001,0.000,-0.002,72
2752,-2.130,-0.936,1.506,0.001,0.000,-0.002,72
2753,-2.132,-0.940,1.506,0.001,0.001,-0.003,72
2754,-2.134,-0.944,1.506,0.001,0.001,-0.003,72
2755,-2.136,-0.948,1.506,0.001,0.001,-0.002,72
2756,-2.138,-0.952,1.506,0.001,0.002,-0.002,72
2757,-2.140,-0.956,1.506,0.001,0.002,-0.002,72
2758,-2.143,-0.960,1.506,0.001,0.001,-0.002,72
2759,-2.145,-0.964,1.506,0.001,0.001,-0.002,72
2760,-2.147,-0.968,1.506,0.001,0.001,-0.002,72
2761,-2.149,-0.972,1.506,0.001,0.001,-0.002,72
2762,-2.151,-0.975,1.506,0.001,0.001,-0.002,72
2763,-2.153,-0.979,1.506,0.001,0.002,-0.001,72
2764,-2.155,-0.983,1.506,0.001,0.002,-0.001,72
2765,-2.157,-0.987,1.506,0.001,0.000,-0.005,72
2766,-2.159,-0.991,1.506,0.001,-0.005,-0.016,72
2767,-2.161,-0.995,1.506,0.001,-0.010,-0.024,72
2768,-2.163,-0.999,1.506,0.001,-0.009,-0.022,72
2769,-2.165,-1.002,1.506,0.001,-0.004,-0.012,72
2770,-2.167,-1.006,1.506,0.001,0.003,0.002,72
2771,-2.169,-1.010,1.506,0.001,0.005,0.006,72
2772,-2.171,-1.014,1.506,0.001,0.003,0.001,72
2773,-2.173,-1.017,1.506,0.001,-0.001,-0.008,72
2774,-2.175,-1.021,1.506,0.001,-0.002,-0.009,72
2775,-2.178,-1.025,1.506,0.001,-0.002,-0.008,72
2776,-2.180,-1.028,1.506,0.001,-0.001,-0.004,72
2777,-2.182,-1.032,1.506,0.001,0.003,0.003,72
2778,-2.184,-1.036,1.506,0.001,0.008,0.012,72
2779,-2.186,-1.039,1.506,0.001,0.012,0.018,72
2780,-2.188,-1.043,1.506,0.001,0.012,0.019,72
2781,-2.190,-1.047,1.506,0.001,0.010,0.014,72
2782,-2.192,-1.051,1.506,0.001,0.006,0.007,72
2783,-2.194,-1.055,1.506,0.001,0.001,-0.001,72
2784,-2.196,-1.059,1.506,0.001,-0.002,-0.006,72
2785,-2.198,-1.063,1.506,0.001,-0.003,-0.008,72
2786,-2.200,-1.067,1.506,0.001,-0.002,-0.008,72
2787,-2.202,-1.071,1.506,0.001,-0.000,-0.005,72
2788,-2.204,-1.075,1.506,0.001,0.002,-0.002,72
2789,-2.206,-1.078,1.506,0.001,0.003,0.001,72
2790,-2.208,-1.082,1.506,0.001,0.004,0.002,72
2791,-2.210,-1.086,1.506,0.001,0.005,0.002,72
2792,-2.212,-1.090,1.506,0.001,0.004,0.001,72
2793,-2.214,-1.094,1.506,0.001,0.003,-0.001,72
2794,-2.216,-1.098,1.506,0.001,0.001,-0.002,72
2795,-2.218,-1.102,1.505,0.001,-0.000,-0.003,72
2796,-2.220,-1.106,1.505,0.001,-0.001,-0.004,72
2797,-2.222,-1.110,1.505,0.001,-0.001,-0.004,72
2798,-2.224,-1.114,1.505,0.001,-0.000,-0.003,72
2799,-2.226,-1.118,1.505,0.001,0.001,-0.002,72
2800,-2.228,-1.122,1.505,0.001,0.002,-0.002,72
2801,-2.230,-1.126,1.505,0.001,0.002,-0.001,72
2802,-2.232,-1.130,1.505,0.001,0.002,-0.001,72
2803,-2.234,-1.133,1.505,0.001,0.002,-0.002,72
2804,-2.236,-1.137,1.505,0.001,0.001,-0.002,72
2805,-2.238,-1.141,1.505,0.001,0.000,-0.003,72
2806,-2.240,-1.145,1.505,0.001,-0.001,-0.003,72
2807,-2.242,-1.149,1.505,0.001,-0.001,-0.003,72
2808,-2.244,-1.153,1.505,0.001,-0.002,-0.004,72
2809,-2.246,-1.157,1.506,0.001,-0.002,-0.004,72
2810,-2.248,-1.161,1.506,0.001,-0.002,-0.004,72
2811,-2.250,-1.165,1.506,0.001,-0.001,-0.003,72
2812,-2.252,-1.169,1.506,0.001,-0.000,-0.003,72
2813,-2.254,-1.173,1.506,0.001,0.001,-0.002,72
2814,-2.256,-1.177,1.506,0.001,0.001,-0.002,72
2815,-2.258,-1.180,1.506,0.001,0.001,-0.002,72
2816,-2.260,-1.184,1.506,0.001,0.001,-0.003,72
2817,-2.262,-1.188,1.506,0.001,0.000,-0.004,72
2818,-2.264,-1.192,1.506,0.001,-0.000,-0.005,72
2819,-2.266,-1.196,1.506,0.001,0.001,-0.003,72
2820,-2.268,-1.200,1.506,0.001,0.001,-0.001,72
2821,-2.270,-1.204,1.506,0.001,0.001,-0.001,72
2822,-2.272,-1.208,1.506,0.001,-0.001,-0.006,72
2823,-2.274,-1.212,1.506,0.001,-0.000,-0.005,72
2824,-2.277,-1.215,1.506,0.001,0.001,-0.004,72
2825,-2.279,-1.219,1.506,0.001,0.002,-0.001,72
2826,-2.281,-1.223,1.506,0.001,0.003,0.002,72
2827,-2.283,-1.227,1.506,0.001,0.003,0.002,72
2828,-2.285,-1.231,1.506,0.001,0.002,0.000,72
2829,-2.287,-1.235,1.506,0.001,0.000,-0.003,72
2830,-2.289,-1.239,1.506,0.001,-0.001,-0.006,72
2831,-2.291,-1.243,1.506,0.001,-0.003,-0.012,72
2832,-2.293,-1.246,1.506,0.001,-0.004,-0.014,72
2833,-2.295,-1.250,1.506,0.001,-0.002,-0.010,72
2834,-2.297,-1.254,1.506,0.001,0.001,-0.003,72
2835,-2.299,-1.258,1.506,0.001,0.004,0.004,72
2836,-2.301,-1.262,1.506,0.001,0.006,0.009,72
2837,-2.303,-1.265,1.506,0.001,0.006,0.010,72
2838,-2.306,-1.269,1.506,0.001,0.005,0.008,72
2839,-2.308,-1.273,1.506,0.001,0.003,0.003,72
2840,-2.310,-1.277,1.506,0.001,0.001,-0.001,72
2841,-2.312,-1.281,1.506,0.001,0.000,-0.004,72
2842,-2.314,-1.285,1.506,0.001,-0.002,-0.010,72
2843,-2.316,-1.289,1.506,0.001,-0.004,-0.014,72
2844,-2.318,-1.293,1.506,0.001,-0.001,-0.010,72
2845,-2.320,-1.296,1.506,0.001,0.002,-0.003,72
2846,-2.322,-1.300,1.506,0.001,0.005,0.004,72
2847,-2.324,-1.304,1.506,0.001,0.006,0.008,72
2848,-2.326,-1.308,1.506,0.001,0.007,0.008,72
2849,-2.328,-1.312,1.506,0.001,0.006,0.005,72
2850,-2.330,-1.316,1.506,0.001,0.005,0.002,72
2851,-2.332,-1.320,1.506,0.001,0.004,-0.001,72
2852,-2.334,-1.324,1.506,0.001,0.003,-0.003,72
2853,-2.336,-1.328,1.506,0.001,0.003,-0.004,72
2854,-2.338,-1.332,1.506,0.001,0.003,-0.003,72
2855,-2.340,-1.335,1.506,0.001,0.003,-0.002,72
2856,-2.342,-1.339,1.506,0.001,0.004,-0.001,72
2857,-2.344,-1.343,1.506,0.001,0.004,0.000,72
2858,-2.346,-1.347,1.506,0.001,0.003,-0.000,72
2859,-2.348,-1.351,1.506,0.001,0.002,-0.001,72
2860,-2.350,-1.355,1.506,0.001,0.001,-0.002,72
2861,-2.352,-1.359,1.506,0.001,0.001,-0.002,72
2862,-2.354,-1.363,1.506,0.001,0.002,-0.002,72
2863,-2.356,-1.367,1.506,0.001,0.002,-0.002,72
2864,-2.357,-1.371,1.506,0.001,0.002,-0.002,72
2865,-2.359,-1.375,1.506,0.001,0.001,-0.003,72
2866,-2.361,-1.379,1.507,0.001,-0.000,-0.003,72
2867,-2.363,-1.383,1.507,0.001,-0.001,-0.003,72
2868,-2.365,-1.387,1.507,0.001,-0.002,-0.003,72
2869,-2.367,-1.391,1.507,0.001,-0.002,-0.003,72
2870,-2.369,-1.395,1.507,0.001,-0.001,-0.003,72
2871,-2.371,-1.399,1.507,0.001,0.000,-0.002,72
2872,-2.373,-1.403,1.507,0.001,0.001,-0.002,72
2873,-2.375,-1.407,1.507,0.001,0.002,-0.002,72
2874,-2.377,-1.411,1.507,0.001,0.001,-0.003,72
2875,-2.379,-1.414,1.507,0.001,-0.001,-0.009,72
2876,-2.381,-1.418,1.507,0.001,-0.090,-0.093,72
2877,-2.383,-1.422,1.507,0.001,-0.149,-0.148,72
2878,-2.386,-1.425,1.507,0.001,-0.149,-0.144,77
2879,-2.389,-1.428,1.507,0.001,-0.082,-0.070,77
2880,-2.393,-1.430,1.507,0.001,-0.007,0.009,77
2881,-2.396,-1.433,1.507,0.001,0.047,0.060,77
2882,-2.400,-1.435,1.507,0.001,0.069,0.075,77
2883,-2.403,-1.438,1.507,0.001,0.063,0.060,77
2884,-2.406,-1.441,1.507,0.001,0.039,0.030,77
2885,-2.409,-1.444,1.507,0.001,0.009,-0.001,77
2886,-2.412,-1.447,1.507,0.001,-0.016,-0.026,77
2887,-2.415,-1.451,1.507,0.001,-0.029,-0.037,77
2888,-2.418,-1.454,1.507,0.001,-0.030,-0.035,77
2889,-2.421,-1.457,1.507,0.001,-0.023,-0.028,77
2890,-2.425,-1.459,1.507,0.001,-0.011,-0.017,77
2891,-2.428,-1.462,1.507,0.001,0.001,-0.004,77
2892,-2.431,-1.465,1.507,0.001,0.010,0.006,77
2893,-2.434,-1.468,1.507,0.001,0.013,0.009,77
2894,-2.438,-1.470,1.507,0.001,0.011,0.006,77
2895,-2.441,-1.473,1.507,0.001,0.006,-0.000,77
2896,-2.444,-1.476,1.507,0.001,0.001,-0.004,77
2897,-2.447,-1.479,1.507,0.001,-0.001,-0.003,77
2898,-2.450,-1.482,1.507,0.001,-0.002,-0.003,77
2899,-2.454,-1.484,1.507,0.001,-0.002,-0.005,77
2900,-2.457,-1.487,1.507,0.001,-0.002,-0.007,77
2901,-2.460,-1.490,1.507,0.001,0.000,-0.004,77
2902,-2.463,-1.493,1.507,0.001,0.004,0.004,77
2903,-2.467,-1.496,1.508,0.001,0.008,0.012,77
2904,-2.470,-1.498,1.508,0.001,0.010,0.019,77
2905,-2.473,-1.501,1.508,0.001,0.011,0.022,77
2906,-2.476,-1.504,1.508,0.001,0.010,0.023,77
2907,-2.479,-1.507,1.508,0.001,0.011,0.022,77
2908,-2.482,-1.511,1.508,0.001,0.010,0.018,77
2909,-2.485,-1.514,1.508,0.001,0.008,0.011,77
2910,-2.488,-1.517,1.508,0.001,0.004,0.003,77
2911,-2.491,-1.520,1.508,0.001,-0.026,-0.035,77
2912,-2.495,-1.523,1.508,0.001,-0.018,-0.028,77
2913,-2.498,-1.527,1.508,0.001,-0.003,-0.010,77
2914,-2.501,-1.530,1.508,0.001,0.009,0.004,77
2915,-2.504,-1.533,1.508,0.001,0.016,0.011,77
2916,-2.507,-1.536,1.508,0.001,0.016,0.012,77
2917,-2.510,-1.539,1.508,0.001,0.012,0.009,77
2918,-2.513,-1.542,1.508,0.001,0.006,0.003,77
2919,-2.516,-1.545,1.508,0.001,-0.001,-0.004,77
2920,-2.519,-1.549,1.508,0.001,-0.006,-0.012,77
2921,-2.523,-1.552,1.508,0.001,-0.009,-0.020,77
2922,-2.526,-1.555,1.508,0.001,-0.009,-0.023,77
2923,-2.529,-1.558,1.508,0.001,-0.007,-0.021,77
2924,-2.532,-1.561,1.508,0.001,-0.003,-0.015,77
2925,-2.535,-1.564,1.508,0.001,-0.000,-0.010,77
2926,-2.538,-1.567,1.508,0.001,0.001,-0.007,77
2927,-2.541,-1.570,1.508,0.001,0.001,-0.006,77
2928,-2.545,-1.572,1.508,0.001,0.001,-0.006,77
2929,-2.548,-1.575,1.508,0.001,0.000,-0.005,77
2930,-2.551,-1.578,1.508,0.001,0.000,-0.003,77
2931,-2.554,-1.581,1.508,0.001,0.001,-0.000,77
2932,-2.557,-1.584,1.508,0.001,0.001,0.002,77
2933,-2.561,-1.587,1.508,0.001,0.002,0.002,77
2934,-2.564,-1.589,1.508,0.001,0.002,0.003,77
2935,-2.567,-1.592,1.508,0.001,0.002,0.003,77
2936,-2.570,-1.595,1.508,0.001,0.002,0.002,77
2937,-2.574,-1.598,1.508,0.001,0.000,-0.007,77
2938,-2.577,-1.601,1.508,0.001,0.195,0.077,77
2939,-2.579,-1.604,1.508,0.001,0.125,0.045,77
2940,-2.581,-1.607,1.508,0.001,0.005,-0.023,77
2941,-2.584,-1.611,1.508,0.001,-0.087,-0.063,77
2942,-2.586,-1.614,1.508,0.001,-0.131,-0.077,77
2943,-2.589,-1.616,1.508,0.001,-0.124,-0.067,77
2944,-2.592,-1.619,1.508,0.001,-0.084,-0.043,77
2945,-2.596,-1.621,1.508,0.001,-0.031,-0.015,77
2946,-2.599,-1.624,1.508,0.001,0.017,0.013,77
2947,-2.603,-1.626,1.508,0.001,0.046,0.030,77
2948,-2.607,-1.629,1.508,0.001,0.053,0.033,77
2949,-2.610,-1.631,1.508,0.001,0.042,0.025,77
2950,-2.613,-1.634,1.508,0.001,0.021,0.011,77
2951,-2.616,-1.637,1.508,0.001,-0.000,-0.004,77
2952,-2.619,-1.639,1.508,0.001,-0.014,-0.011,77
2953,-2.623,-1.642,1.508,0.001,-0.017,-0.009,77
2954,-2.626,-1.645,1.508,0.001,-0.013,-0.001,77
2955,-2.629,-1.647,1.508,0.001,-0.004,0.007,77
2956,-2.632,-1.650,1.508,0.001,0.004,0.009,77
2957,-2.636,-1.653,1.508,0.001,0.009,0.008,77
2958,-2.639,-1.656,1.508,0.001,0.011,0.006,77
2959,-2.642,-1.658,1.508,0.001,0.010,-0.001,77
2960,-2.645,-1.661,1.508,0.001,0.007,-0.004,77
2961,-2.649,-1.664,1.508,0.001,0.004,-0.005,77
2962,-2.652,-1.667,1.508,0.001,0.003,-0.003,77
2963,-2.655,-1.670,1.508,0.001,0.002,-0.001,77
2964,-2.658,-1.672,1.508,0.001,0.003,0.001,77
2965,-2.661,-1.675,1.508,0.001,0.004,0.001,77
2966,-2.665,-1.678,1.508,0.001,0.004,0.000,77
2967,-2.668,-1.681,1.508,0.001,0.006,0.001,77
2968,-2.671,-1.684,1.508,0.001,0.006,0.001,77
2969,-2.674,-1.686,1.508,0.001,0.005,-0.001,77
2970,-2.677,-1.689,1.508,0.001,0.003,-0.003,77
2971,-2.680,-1.692,1.508,0.001,0.001,-0.006,77
2972,-2.684,-1.695,1.508,0.001,-0.001,-0.007,77
2973,-2.687,-1.698,1.508,0.001,-0.001,-0.005,77
2974,-2.690,-1.700,1.508,0.001,-0.000,-0.002,77
2975,-2.693,-1.703,1.508,0.001,0.002,0.001,77
2976,-2.696,-1.706,1.508,0.001,0.004,0.003,77
2977,-2.699,-1.709,1.508,0.001,0.005,0.004,77
2978,-2.703,-1.712,1.508,0.001,0.005,0.005,77
2979,-2.706,-1.714,1.508,0.001,0.005,0.004,77
2980,-2.709,-1.717,1.508,0.001,0.004,0.002,77
2981,-2.712,-1.720,1.508,0.001,0.004,0.000,77
2982,-2.715,-1.723,1.508,0.001,0.003,-0.001,77
2983,-2.718,-1.726,1.508,0.001,0.003,-0.001,77
2984,-2.721,-1.729,1.508,0.001,0.003,-0.001,77
2985,-2.724,-1.732,1.508,0.001,0.004,0.001,77
2986,-2.727,-1.735,1.508,0.001,0.004,0.003,77
2987,-2.730,-1.737,1.508,0.001,0.005,0.004,77
2988,-2.733,-1.740,1.508,0.001,0.004,0.003,77
2989,-2.737,-1.743,1.508,0.001,-0.027,-0.037,77
2990,-2.740,-1.746,1.508,0.001,-0.018,-0.029,77
2991,-2.743,-1.749,1.508,0.001,-0.001,-0.008,77
2992,-2.746,-1.752,1.508,0.001,0.013,0.007,77
2993,-2.749,-1.754,1.508,0.001,0.021,0.015,77
2994,-2.752,-1.757,1.508,0.001,0.021,0.018,77
2995,-2.755,-1.760,1.508,0.001,0.017,0.015,77
2996,-2.759,-1.763,1.508,0.001,0.009,0.008,77
2997,-2.761,-1.766,1.508,0.001,0.002,-0.002,77
2998,-2.764,-1.769,1.508,0.001,-0.003,-0.008,77
2999,-2.767,-1.772,1.508,0.001,-0.005,-0.012,77
3000,-2.770,-1.775,1.508,0.001,-0.004,-0.009,77
3001,-2.773,-1.777,1.508,0.001,-0.000,-0.004,77
3002,-2.777,-1.780,1.508,0.001,0.003,0.002,77
3003,-2.780,-1.783,1.508,0.001,0.006,0.005,77
3004,-2.783,-1.786,1.508,0.001,0.006,0.003,77
3005,-2.786,-1.789,1.508,0.001,0.006,0.002,77
3006,-2.789,-1.792,1.508,0.001,0.005,-0.001,77
3007,-2.792,-1.795,1.508,0.001,0.003,-0.006,77
3008,-2.795,-1.798,1.508,0.001,0.001,-0.009,77
3009,-2.798,-1.801,1.508,0.001,0.000,-0.008,77
3010,-2.800,-1.803,1.508,0.001,0.001,-0.003,77
3011,-2.803,-1.806,1.508,0.001,0.002,-0.000,77
3012,-2.806,-1.809,1.508,0.001,0.002,0.001,77
3013,-2.809,-1.812,1.508,0.001,0.003,0.002,77
3014,-2.812,-1.815,1.508,0.001,0.003,0.004,77
3015,-2.815,-1.818,1.508,0.001,0.003,0.004,77
3016,-2.818,-1.821,1.508,0.001,0.003,0.002,77
3017,-2.821,-1.824,1.508,0.001,0.003,0.003,77
3018,-2.824,-1.827,1.508,0.001,0.002,0.002,77
3019,-2.827,-1.830,1.508,0.001,0.002,0.000,77
3020,-2.830,-1.832,1.508,0.001,0.001,-0.004,77
3021,-2.833,-1.835,1.508,0.001,0.002,-0.005,77
3022,-2.836,-1.838,1.508,0.001,0.002,-0.004,77
3023,-2.839,-1.841,1.508,0.001,0.003,-0.002,77
3024,-2.842,-1.844,1.508,0.001,0.003,0.001,77
3025,-2.845,-1.847,1.508,0.001,0.004,0.004,77
3026,-2.848,-1.850,1.508,0.001,0.004,0.003,77
3027,-2.851,-1.853,1.508,0.001,0.004,0.003,77
3028,-2.854,-1.856,1.508,0.001,0.005,0.003,77
3029,-2.857,-1.859,1.508,0.001,-0.027,-0.036,77
3030,-2.860,-1.862,1.508,0.001,-0.015,-0.022,77
3031,-2.863,-1.865,1.508,0.001,0.048,0.043,77
3032,-2.865,-1.868,1.508,0.001,0.092,0.087,77
3033,-2.868,-1.871,1.508,0.001,0.055,0.049,77
3034,-2.871,-1.874,1.508,0.001,0.005,0.000,77
3035,-2.873,-1.878,1.508,0.001,-0.035,-0.038,77
3036,-2.875,-1.881,1.508,0.001,-0.054,-0.055,77
3037,-2.878,-1.884,1.507,0.001,-0.014,-0.013,77
3038,-2.881,-1.887,1.507,0.001,0.024,0.028,77
3039,-2.884,-1.891,1.507,0.001,0.011,0.017,77
3040,-2.886,-1.894,1.507,0.001,-0.008,-0.003,77
3041,-2.889,-1.897,1.507,0.001,-0.022,-0.019,77
3042,-2.892,-1.900,1.507,0.001,-0.028,-0.026,77
3043,-2.895,-1.904,1.507,0.001,-0.025,-0.025,77
3044,-2.897,-1.907,1.507,0.001,-0.016,-0.017,77
3045,-2.900,-1.910,1.507,0.001,-0.005,-0.006,77
3046,-2.904,-1.913,1.507,0.001,0.004,0.002,77
3047,-2.907,-1.916,1.507,0.001,0.007,0.005,77
3048,-2.910,-1.919,1.507,0.001,0.006,0.003,77
3049,-2.913,-1.922,1.507,0.001,0.002,-0.001,77
3050,-2.916,-1.925,1.507,0.001,0.028,0.025,77
3051,-2.918,-1.928,1.507,0.001,0.018,0.015,77
3052,-2.921,-1.931,1.507,0.001,0.002,-0.000,77
3053,-2.924,-1.934,1.507,0.001,0.018,0.015,77
3054,-2.927,-1.937,1.507,0.001,0.031,0.027,77
3055,-2.930,-1.941,1.507,0.001,-0.027,-0.045,77
3056,-2.932,-1.944,1.507,0.001,-0.013,-0.026,77
3057,-2.935,-1.947,1.507,0.001,0.013,0.006,77
3058,-2.938,-1.950,1.507,0.001,-0.029,-0.041,77
3059,-2.941,-1.953,1.507,0.001,-0.006,-0.008,77
3060,-2.944,-1.956,1.507,0.001,0.025,0.029,77
3061,-2.947,-1.959,1.507,0.001,0.042,0.046,77
3062,-2.949,-1.962,1.507,0.001,0.045,0.046,77
3063,-2.952,-1.966,1.507,0.001,0.035,0.035,77
3064,-2.954,-1.969,1.507,0.001,0.018,0.017,77
3065,-2.957,-1.973,1.507,0.001,0.002,-0.002,77
3066,-2.959,-1.977,1.507,0.001,-0.009,-0.016,77
3067,-2.962,-1.980,1.507,0.001,-0.013,-0.021,77
3068,-2.964,-1.984,1.507,0.001,-0.011,-0.019,77
3069,-2.966,-1.987,1.507,0.001,-0.013,-0.013,77
3070,-2.969,-1.991,1.507,0.001,-0.015,-0.006,77
3071,-2.972,-1.994,1.507,0.001,-0.016,-0.001,77
3072,-2.974,-1.997,1.507,0.001,-0.019,0.001,77
3073,-2.977,-2.001,1.507,0.001,-0.020,-0.001,77
3074,-2.980,-2.004,1.507,0.001,-0.016,-0.003,77
3075,-2.983,-2.007,1.507,0.001,-0.011,-0.006,77
3076,-2.986,-2.011,1.507,0.001,-0.004,-0.007,77
3077,-2.988,-2.014,1.507,0.001,0.002,-0.007,77
3078,-2.991,-2.018,1.507,0.001,0.005,-0.005,77
3079,-2.994,-2.021,1.507,0.001,0.006,-0.003,77
3080,-2.997,-2.024,1.507,0.001,0.006,-0.002,77
3081,-3.000,-2.028,1.507,0.001,0.004,-0.001,77
3082,-3.003,-2.031,1.507,0.001,0.002,-0.001,77
3083,-3.006,-2.034,1.507,0.001,-0.000,-0.002,77
3084,-3.009,-2.038,1.507,0.001,-0.001,-0.002,77
3085,-3.012,-2.041,1.506,0.001,-0.038,-0.047,77
3086,-3.015,-2.044,1.506,0.001,-0.024,-0.030,77
3087,-3.018,-2.047,1.506,0.001,0.000,-0.004,77
3088,-3.021,-2.050,1.506,0.001,-0.019,-0.029,77
3089,-3.024,-2.053,1.506,0.001,0.003,-0.003,77
3090,-3.027,-2.056,1.506,0.001,-0.013,-0.022,77
3091,-3.031,-2.059,1.506,0.001,0.010,0.005,77
3092,-3.034,-2.062,1.506,0.001,0.032,0.031,77
3093,-3.037,-2.065,1.506,0.001,0.041,0.040,77
3094,-3.040,-2.068,1.506,0.001,0.036,0.035,77
3095,-3.043,-2.072,1.506,0.001,0.023,0.020,77
3096,-3.045,-2.075,1.506,0.001,0.008,0.002,77
3097,-3.048,-2.078,1.506,0.001,-0.003,-0.012,77
3098,-3.051,-2.082,1.506,0.001,-0.008,-0.020,77
3099,-3.054,-2.085,1.506,0.001,-0.008,-0.019,77
3100,-3.057,-2.088,1.506,0.001,-0.003,-0.013,77
3101,-3.059,-2.091,1.506,0.001,0.003,-0.004,77
3102,-3.062,-2.095,1.506,0.001,0.009,0.004,77
3103,-3.065,-2.098,1.506,0.001,0.012,0.010,77
3104,-3.068,-2.101,1.506,0.001,0.012,0.010,77
3105,-3.071,-2.104,1.506,0.001,0.010,0.008,77
3106,-3.073,-2.108,1.505,0.001,0.007,0.003,77
3107,-3.076,-2.111,1.505,0.001,0.003,-0.002,77
3108,-3.079,-2.114,1.505,0.001,0.001,-0.005,77
3109,-3.082,-2.118,1.505,0.001,-0.001,-0.007,77
3110,-3.084,-2.121,1.505,0.001,-0.001,-0.008,77
3111,-3.087,-2.124,1.505,0.001,-0.000,-0.006,77
3112,-3.090,-2.128,1.505,0.001,0.001,-0.003,77
3113,-3.092,-2.131,1.505,0.001,0.002,-0.001,77
3114,-3.095,-2.134,1.505,0.001,0.003,0.001,77
3115,-3.098,-2.137,1.505,0.001,0.003,0.002,77
3116,-3.101,-2.141,1.505,0.001,0.007,0.005,77
3117,-3.103,-2.144,1.505,0.001,0.008,0.006,77
3118,-3.106,-2.147,1.505,0.001,0.003,0.003,77
3119,-3.109,-2.151,1.505,0.001,-0.050,-0.061,77
3120,-3.111,-2.154,1.505,0.001,-0.044,-0.049,77
3121,-3.114,-2.157,1.505,0.001,-0.022,-0.021,77
3122,-3.117,-2.160,1.505,0.001,-0.001,0.003,77
3123,-3.121,-2.163,1.505,0.001,0.016,0.022,77
3124,-3.124,-2.166,1.505,0.001,0.025,0.030,77
3125,-3.127,-2.169,1.505,0.001,0.023,0.030,77
3126,-3.129,-2.172,1.505,0.001,0.014,0.020,77
3127,-3.132,-2.176,1.505,0.001,0.007,0.008,77
3128,-3.135,-2.179,1.505,0.001,0.003,-0.001,77
3129,-3.138,-2.182,1.505,0.001,-0.000,-0.006,77
3130,-3.141,-2.186,1.505,0.001,0.000,-0.008,77
3131,-3.144,-2.189,1.505,0.001,0.001,-0.007,77
3132,-3.146,-2.192,1.505,0.001,0.002,-0.006,77
3133,-3.149,-2.196,1.505,0.001,0.001,-0.005,77
3134,-3.152,-2.199,1.505,0.001,0.000,-0.003,77
3135,-3.155,-2.202,1.505,0.001,-0.000,-0.001,77
3136,-3.158,-2.205,1.505,0.001,0.000,0.001,77
3137,-3.161,-2.209,1.505,0.001,0.001,0.001,77
3138,-3.163,-2.212,1.505,0.001,0.002,0.001,77
3139,-3.166,-2.215,1.505,0.001,0.004,-0.000,77
3140,-3.169,-2.219,1.505,0.001,-0.039,-0.050,77
3141,-3.172,-2.222,1.505,0.001,-0.029,-0.035,77
3142,-3.175,-2.225,1.504,0.001,-0.007,-0.007,77
3143,-3.178,-2.228,1.504,0.001,0.012,0.014,77
3144,-3.181,-2.231,1.504,0.001,0.024,0.025,77
3145,-3.184,-2.234,1.504,0.001,0.028,0.028,77
3146,-3.187,-2.237,1.504,0.001,0.027,0.023,77
3147,-3.190,-2.241,1.504,0.001,0.022,0.013,77
3148,-3.193,-2.244,1.504,0.001,0.016,0.003,77
3149,-3.195,-2.247,1.504,0.001,0.010,-0.006,77
3150,-3.198,-2.251,1.504,0.001,0.004,-0.011,77
3151,-3.201,-2.254,1.504,0.001,0.000,-0.010,77
3152,-3.203,-2.258,1.504,0.001,0.001,-0.007,77
3153,-3.206,-2.261,1.504,0.001,0.001,-0.006,77
3154,-3.209,-2.264,1.504,0.001,0.000,-0.007,77
3155,-3.211,-2.267,1.504,0.001,-0.001,-0.006,77
3156,-3.214,-2.271,1.504,0.001,-0.000,-0.005,77
3157,-3.217,-2.274,1.504,0.001,0.003,-0.003,77
3158,-3.219,-2.277,1.504,0.001,0.005,-0.001,77
3159,-3.222,-2.280,1.504,0.001,0.006,0.000,77
3160,-3.225,-2.284,1.504,0.001,0.006,0.000,77
3161,-3.227,-2.287,1.504,0.001,0.004,0.000,77
3162,-3.230,-2.290,1.504,0.001,0.003,0.002,77
3163,-3.233,-2.294,1.504,0.001,0.005,0.005,77
3164,-3.235,-2.297,1.504,0.001,0.009,0.007,77
3165,-3.238,-2.300,1.504,0.001,0.011,0.007,77
3166,-3.240,-2.304,1.504,0.001,0.013,0.005,77
3167,-3.243,-2.307,1.504,0.001,0.010,0.002,77
3168,-3.245,-2.310,1.504,0.001,0.008,-0.001,77
3169,-3.248,-2.314,1.504,0.001,0.006,-0.003,77
3170,-3.250,-2.317,1.504,0.001,0.005,-0.004,77
3171,-3.253,-2.321,1.504,0.001,0.115,0.048,77
3172,-3.255,-2.324,1.504,0.001,0.077,0.031,77
3173,-3.257,-2.328,1.504,0.001,0.015,0.002,77
3174,-3.258,-2.332,1.504,0.001,-0.043,-0.023,77
3175,-3.260,-2.335,1.504,0.001,-0.074,-0.035,77
3176,-3.262,-2.339,1.504,0.001,-0.076,-0.034,77
3177,-3.265,-2.342,1.504,0.001,-0.055,-0.024,77
3178,-3.267,-2.346,1.504,0.001,-0.021,-0.009,77
3179,-3.270,-2.349,1.504,0.001,0.008,0.003,77
3180,-3.273,-2.352,1.504,0.001,0.148,-0.159,77
3181,-3.275,-2.355,1.504,0.001,0.237,-0.288,72
3182,-3.276,-2.357,1.504,0.001,0.217,-0.077,72
3183,-3.277,-2.358,1.504,0.001,0.133,0.136,72
3184,-3.277,-2.360,1.504,0.001,0.028,0.259,72
3185,-3.277,-2.363,1.504,0.001,-0.057,0.275,72
3186,-3.277,-2.367,1.504,0.001,-0.099,0.209,72
3187,-3.278,-2.371,1.504,0.001,-0.096,0.103,72
3188,-3.279,-2.376,1.504,0.001,-0.063,-0.001,72
3189,-3.280,-2.381,1.504,0.001,-0.018,-0.072,72
3190,-3.281,-2.386,1.504,0.001,0.020,-0.099,72
3191,-3.282,-2.390,1.504,0.001,0.043,-0.085,72
3192,-3.283,-2.395,1.504,0.001,0.046,-0.048,72
3193,-3.284,-2.399,1.504,0.001,0.035,-0.006,72
3194,-3.284,-2.402,1.504,0.001,0.016,0.027,72
3195,-3.285,-2.406,1.504,0.001,-0.002,0.043,72
3196,-3.286,-2.411,1.504,0.001,-0.014,0.041,72
3197,-3.286,-2.415,1.504,0.001,-0.018,0.027,72
3198,-3.287,-2.419,1.504,0.001,-0.016,0.008,72
3199,-3.288,-2.424,1.504,0.001,-0.009,-0.008,72
3200,-3.289,-2.428,1.504,0.001,-0.001,-0.018,72
3201,-3.290,-2.433,1.504,0.001,0.005,-0.020,72
3202,-3.291,-2.437,1.504,0.001,0.008,-0.015,72
3203,-3.291,-2.441,1.504,0.001,0.008,-0.008,72
3204,-3.292,-2.446,1.504,0.001,0.005,-0.001,72
3205,-3.293,-2.450,1.504,0.001,0.002,0.004,72
3206,-3.294,-2.454,1.504,0.001,-0.001,0.005,72
3207,-3.294,-2.458,1.504,0.001,-0.003,0.004,72
3208,-3.295,-2.463,1.504,0.001,-0.004,0.001,72
3209,-3.296,-2.467,1.504,0.001,-0.004,-0.002,72
3210,-3.297,-2.471,1.504,0.001,-0.002,-0.004,72
3211,-3.298,-2.476,1.504,0.001,-0.001,-0.006,72
3212,-3.298,-2.480,1.504,0.001,0.000,-0.005,72
3213,-3.299,-2.484,1.504,0.001,0.001,-0.004,72
3214,-3.300,-2.489,1.504,0.001,0.001,-0.003,72
3215,-3.301,-2.493,1.504,0.001,0.000,-0.002,72
3216,-3.302,-2.497,1.504,0.001,0.000,-0.001,72
3217,-3.303,-2.502,1.504,0.001,0.000,-0.001,72
3218,-3.303,-2.506,1.504,0.001,0.000,-0.001,72
3219,-3.304,-2.510,1.504,0.001,0.000,-0.002,72
3220,-3.305,-2.515,1.504,0.001,0.000,-0.002,72
3221,-3.306,-2.519,1.504,0.001,0.000,-0.003,72
3222,-3.307,-2.523,1.504,0.001,0.001,-0.003,72
3223,-3.308,-2.528,1.504,0.001,0.002,-0.003,72
3224,-3.308,-2.532,1.504,0.001,0.002,-0.002,72
3225,-3.309,-2.536,1.504,0.001,0.002,-0.002,72
3226,-3.310,-2.541,1.504,0.001,0.002,-0.002,72
3227,-3.311,-2.545,1.504,0.001,0.001,-0.002,72
3228,-3.312,-2.549,1.504,0.001,0.000,-0.002,72
3229,-3.312,-2.554,1.503,0.001,-0.000,-0.002,72
3230,-3.313,-2.558,1.503,0.001,0.000,-0.002,72
3231,-3.314,-2.562,1.503,0.001,0.000,-0.002,72
3232,-3.315,-2.567,1.503,0.001,0.001,-0.002,72
3233,-3.316,-2.571,1.503,0.001,0.001,-0.002,72
3234,-3.316,-2.575,1.503,0.001,0.001,-0.002,72
3235,-3.317,-2.580,1.503,0.001,0.041,-0.217,72
3236,-3.318,-2.583,1.503,0.001,0.067,-0.358,72
3237,-3.318,-2.586,1.503,0.001,0.029,-0.158,72
3238,-3.319,-2.588,1.503,0.001,-0.014,0.067,72
3239,-3.319,-2.590,1.503,0.001,-0.043,0.217,72
3240,-3.320,-2.592,1.503,0.001,-0.053,0.263,72
3241,-3.320,-2.596,1.503,0.001,-0.045,0.220,72
3242,-3.321,-2.600,1.503,0.001,-0.026,0.125,72
3243,-3.322,-2.605,1.503,0.001,-0.005,0.021,72
3244,-3.323,-2.610,1.503,0.001,0.012,-0.058,72
3245,-3.324,-2.615,1.503,0.001,0.021,-0.096,72
3246,-3.325,-2.620,1.503,0.001,0.020,-0.092,72
3247,-3.326,-2.624,1.503,0.001,0.014,-0.060,72
3248,-3.327,-2.628,1.503,0.001,0.005,-0.018,72
3249,-3.327,-2.632,1.503,0.001,-0.003,0.018,72
3250,-3.328,-2.636,1.503,0.001,-0.008,0.038,72
3251,-3.329,-2.640,1.503,0.001,-0.009,0.041,72
3252,-3.330,-2.644,1.503,0.001,-0.007,0.030,72
3253,-3.331,-2.649,1.503,0.001,-0.004,0.012,72
3254,-3.331,-2.653,1.503,0.001,-0.000,-0.004,72
3255,-3.332,-2.658,1.503,0.001,0.003,-0.016,72
3256,-3.333,-2.662,1.503,0.001,0.004,-0.019,72
3257,-3.334,-2.666,1.503,0.001,0.004,-0.017,72
3258,-3.335,-2.671,1.503,0.001,0.002,-0.010,72
3259,-3.336,-2.675,1.503,0.001,0.001,-0.003,72
3260,-3.337,-2.679,1.502,0.001,-0.000,0.003,72
3261,-3.337,-2.683,1.502,0.001,-0.001,0.005,72
3262,-3.338,-2.688,1.502,0.001,-0.002,0.005,72
3263,-3.339,-2.692,1.502,0.001,-0.001,0.002,72
3264,-3.340,-2.696,1.502,0.001,-0.000,-0.001,72
3265,-3.341,-2.701,1.502,0.001,0.001,-0.003,72
3266,-3.342,-2.705,1.502,0.001,0.001,-0.005,72
3267,-3.342,-2.709,1.502,0.001,0.001,-0.005,72
3268,-3.343,-2.714,1.502,0.001,0.001,-0.004,72
3269,-3.344,-2.718,1.502,0.001,0.001,-0.003,72
3270,-3.345,-2.722,1.502,0.001,0.001,-0.002,72
3271,-3.346,-2.727,1.502,0.001,0.000,-0.001,72
3272,-3.347,-2.731,1.502,0.001,0.000,-0.001,72
3273,-3.347,-2.735,1.502,0.001,0.000,-0.001,72
3274,-3.348,-2.740,1.502,0.001,0.000,-0.002,72
3275,-3.349,-2.744,1.502,0.001,0.001,-0.002,72
3276,-3.350,-2.748,1.502,0.001,0.001,-0.003,72
3277,-3.351,-2.753,1.502,0.001,0.000,-0.003,72
3278,-3.352,-2.757,1.502,0.001,0.000,-0.003,72
3279,-3.353,-2.761,1.502,0.001,0.000,-0.003,72
3280,-3.353,-2.766,1.502,0.001,0.000,-0.002,72
3281,-3.354,-2.770,1.502,0.001,-0.000,-0.002,72
3282,-3.355,-2.774,1.502,0.001,0.007,-0.006,72
3283,-3.356,-2.778,1.502,0.001,0.016,-0.011,72
3284,-3.357,-2.783,1.502,0.001,0.025,-0.015,72
3285,-3.357,-2.787,1.502,0.001,0.032,-0.018,72
3286,-3.358,-2.791,1.502,0.001,0.033,-0.018,72
3287,-3.358,-2.795,1.502,0.001,0.028,-0.015,72
3288,-3.359,-2.799,1.502,0.001,0.019,-0.011,72
3289,-3.359,-2.803,1.502,0.001,0.010,-0.008,72
3290,-3.359,-2.807,1.502,0.001,-0.000,-0.005,72
3291,-3.360,-2.812,1.502,0.001,-0.008,-0.004,72
3292,-3.360,-2.816,1.502,0.001,-0.010,-0.004,72
3293,-3.360,-2.820,1.502,0.001,-0.008,-0.006,72
3294,-3.361,-2.824,1.502,0.001,-0.003,-0.008,72
3295,-3.361,-2.827,1.502,0.001,0.003,-0.010,72
3296,-3.361,-2.831,1.502,0.001,0.011,-0.011,72
3297,-3.362,-2.835,1.502,0.001,0.017,-0.011,72
3298,-3.362,-2.839,1.502,0.001,0.021,-0.011,72
3299,-3.362,-2.843,1.502,0.001,0.026,-0.012,72
3300,-3.362,-2.847,1.502,0.001,0.028,-0.013,72
3301,-3.362,-2.851,1.502,0.001,0.027,-0.012,72
3302,-3.362,-2.854,1.502,0.001,0.024,-0.011,72
3303,-3.362,-2.858,1.502,0.001,0.019,-0.009,72
3304,-3.362,-2.862,1.502,0.001,0.014,-0.007,72
3305,-3.362,-2.865,1.502,0.001,0.010,-0.007,72
3306,-3.361,-2.869,1.502,0.001,0.008,-0.006,72
3307,-3.361,-2.873,1.502,0.001,0.007,-0.006,72
3308,-3.361,-2.876,1.502,0.001,0.007,-0.005,72
3309,-3.360,-2.880,1.501,0.001,0.007,-0.003,72
3310,-3.360,-2.884,1.501,0.001,0.004,-0.001,72
3311,-3.359,-2.887,1.501,0.001,0.001,0.001,72
3312,-3.359,-2.891,1.501,0.001,-0.001,0.003,72
3313,-3.358,-2.894,1.501,0.001,-0.003,0.003,72
3314,-3.358,-2.898,1.501,0.001,-0.003,0.003,72
3315,-3.358,-2.902,1.501,0.001,-0.002,0.002,72
3316,-3.357,-2.905,1.501,0.001,-0.001,0.001,72
3317,-3.357,-2.909,1.501,0.001,-0.000,-0.000,72
3318,-3.356,-2.913,1.501,0.001,-0.001,0.000,72
3319,-3.356,-2.917,1.501,0.001,-0.001,0.000,72
3320,-3.356,-2.920,1.501,0.001,-0.001,0.001,72
3321,-3.355,-2.924,1.501,0.001,-0.001,0.001,72
3322,-3.355,-2.928,1.501,0.001,-0.001,0.000,72
3323,-3.354,-2.932,1.501,0.001,0.002,-0.001,72
3324,-3.354,-2.935,1.501,0.001,0.001,-0.001,72
3325,-3.354,-2.939,1.501,0.001,0.002,-0.001,72
3326,-3.353,-2.943,1.501,0.001,0.001,-0.001,72
3327,-3.353,-2.947,1.501,0.001,0.000,-0.000,72
3328,-3.352,-2.950,1.501,0.001,0.003,-0.000,72
3329,-3.352,-2.954,1.501,0.001,0.005,0.000,72
3330,-3.351,-2.958,1.501,0.001,0.002,0.001,72
3331,-3.351,-2.962,1.501,0.001,-0.000,0.002,72
3332,-3.351,-2.965,1.500,0.001,-0.000,0.001,72
3333,-3.350,-2.969,1.500,0.001,-0.001,0.001,72
3334,-3.350,-2.973,1.500,0.001,0.003,-0.000,72
3335,-3.349,-2.977,1.500,0.001,0.007,-0.002,72
3336,-3.349,-2.981,1.500,0.001,0.009,-0.003,72
3337,-3.348,-2.984,1.500,0.001,0.012,-0.003,72
3338,-3.348,-2.988,1.500,0.001,0.010,-0.004,72
3339,-3.347,-2.992,1.500,0.001,0.008,-0.004,72
3340,-3.346,-2.996,1.500,0.001,0.005,-0.003,72
3341,-3.346,-3.000,1.500,0.001,-0.004,-0.006,72
3342,-3.345,-3.003,1.500,0.001,-0.013,-0.010,72
3343,-3.345,-3.007,1.500,0.001,-0.023,-0.015,72
3344,-3.344,-3.011,1.500,0.001,-0.030,-0.020,72
3345,-3.344,-3.015,1.500,0.001,-0.034,-0.023,72
3346,-3.343,-3.018,1.500,0.001,-0.035,-0.033,72
3347,-3.343,-3.022,1.500,0.001,-0.030,-0.045,72
3348,-3.343,-3.025,1.500,0.001,-0.022,-0.049,72
3349,-3.343,-3.028,1.500,0.001,-0.015,-0.045,72
3350,-3.343,-3.031,1.500,0.001,-0.009,-0.037,72
3351,-3.343,-3.034,1.500,0.001,-0.006,-0.029,72
3352,-3.343,-3.037,1.500,0.001,-0.004,-0.018,72
3353,-3.343,-3.040,1.500,0.001,-0.007,-0.009,72
3354,-3.344,-3.042,1.499,0.001,-0.008,-0.001,72
3355,-3.344,-3.045,1.499,0.001,-0.012,0.003,72
3356,-3.344,-3.048,1.499,0.001,-0.012,0.001,72
3357,-3.344,-3.051,1.499,0.001,-0.012,0.000,72
3358,-3.345,-3.053,1.499,0.001,-0.009,-0.001,72
3359,-3.345,-3.056,1.499,0.001,0.001,-0.002,72
3360,-3.345,-3.059,1.499,0.001,0.011,-0.006,72
3361,-3.346,-3.061,1.499,0.001,0.012,-0.007,72
3362,-3.346,-3.064,1.499,0.001,0.010,-0.005,72
3363,-3.346,-3.067,1.499,0.001,0.003,-0.002,72
3364,-3.346,-3.070,1.499,0.001,-0.005,0.004,72
3365,-3.347,-3.072,1.499,0.001,-0.008,0.010,72
3366,-3.347,-3.075,1.499,0.001,-0.012,0.015,72
3367,-3.347,-3.078,1.499,0.001,-0.011,0.019,72
3368,-3.347,-3.081,1.499,0.001,-0.004,0.022,72
3369,-3.348,-3.084,1.499,0.001,0.001,0.021,72
3370,-3.348,-3.087,1.499,0.001,0.008,0.019,72
3371,-3.348,-3.090,1.499,0.001,0.009,0.014,72
3372,-3.349,-3.093,1.499,0.001,0.005,0.007,72
3373,-3.349,-3.096,1.499,0.001,0.001,0.001,72
3374,-3.349,-3.099,1.499,0.001,-0.004,0.000,72
3375,-3.350,-3.102,1.499,0.001,-0.007,0.001,72
3376,-3.350,-3.106,1.499,0.001,-0.010,-0.011,72
3377,-3.350,-3.109,1.499,0.001,-0.016,-0.024,72
3378,-3.351,-3.112,1.499,0.001,-0.020,-0.028,72
3379,-3.351,-3.115,1.499,0.001,-0.022,-0.022,72
3380,-3.352,-3.118,1.499,0.001,-0.023,-0.011,72
3381,-3.352,-3.121,1.499,0.001,-0.019,-0.000,72
3382,-3.353,-3.124,1.499,0.001,-0.016,0.008,72
3383,-3.354,-3.127,1.499,0.001,-0.012,0.017,72
3384,-3.355,-3.130,1.499,0.001,-0.009,0.026,72
3385,-3.355,-3.133,1.499,0.001,-0.009,0.039,72
3386,-3.356,-3.136,1.499,0.001,-0.011,0.043,72
3387,-3.357,-3.139,1.499,0.001,-0.012,0.036,72
3388,-3.358,-3.143,1.499,0.001,-0.010,0.025,72
3389,-3.359,-3.147,1.499,0.001,-0.010,0.016,72
3390,-3.360,-3.150,1.499,0.001,-0.010,0.006,72
3391,-3.361,-3.154,1.499,0.001,-0.011,-0.001,72
3392,-3.362,-3.158,1.499,0.001,-0.009,-0.001,72
3393,-3.363,-3.161,1.499,0.001,-0.004,0.002,72
3394,-3.365,-3.165,1.499,0.001,0.000,0.007,72
3395,-3.366,-3.169,1.499,0.001,0.006,0.011,72
3396,-3.367,-3.173,1.499,0.001,0.006,0.012,72
3397,-3.368,-3.177,1.499,0.001,0.003,0.011,72
3398,-3.369,-3.181,1.499,0.001,-0.002,0.008,72
3399,-3.370,-3.185,1.499,0.001,-0.008,0.004,72
3400,-3.371,-3.188,1.499,0.001,-0.015,-0.000,72
3401,-3.372,-3.192,1.499,0.001,-0.020,-0.003,72
3402,-3.374,-3.196,1.499,0.001,-0.024,-0.005,72
3403,-3.375,-3.200,1.499,0.001,-0.025,-0.005,72
3404,-3.376,-3.204,1.499,0.001,-0.024,-0.005,72
3405,-3.378,-3.208,1.499,0.001,-0.018,-0.003,72
3406,-3.380,-3.212,1.499,0.001,-0.016,-0.002,72
3407,-3.381,-3.216,1.499,0.001,-0.012,-0.001,72
3408,-3.383,-3.220,1.499,0.001,-0.007,0.001,72
3409,-3.385,-3.224,1.499,0.001,-0.008,-0.001,72
3410,-3.386,-3.228,1.499,0.001,-0.007,-0.001,72
3411,-3.388,-3.232,1.499,0.001,-0.005,-0.000,72
3412,-3.390,-3.236,1.499,0.001,-0.007,-0.001,72
3413,-3.392,-3.240,1.499,0.001,-0.003,-0.000,72
3414,-3.394,-3.244,1.499,0.001,-0.003,-0.000,72
3415,-3.395,-3.248,1.499,0.001,-0.001,0.000,72
3416,-3.397,-3.252,1.500,0.001,0.002,0.001,72
3417,-3.399,-3.256,1.500,0.001,0.002,0.001,72
3418,-3.401,-3.260,1.500,0.001,0.005,0.002,72
3419,-3.403,-3.264,1.500,0.001,0.006,0.002,72
3420,-3.405,-3.268,1.500,0.001,0.002,0.001,72
3421,-3.406,-3.272,1.500,0.001,-0.004,-0.008,72
3422,-3.408,-3.276,1.500,0.001,-0.002,-0.016,72
3423,-3.410,-3.280,1.500,0.001,0.010,-0.016,72
3424,-3.412,-3.284,1.500,0.001,0.023,-0.010,72
3425,-3.414,-3.288,1.500,0.001,0.028,-0.005,72
3426,-3.415,-3.292,1.500,0.001,0.025,-0.003,72
3427,-3.417,-3.296,1.500,0.001,0.011,-0.007,72
3428,-3.418,-3.299,1.500,0.001,-0.012,-0.014,72
3429,-3.420,-3.303,1.500,0.001,-0.030,-0.020,72
3430,-3.422,-3.307,1.500,0.001,-0.041,-0.026,72
3431,-3.423,-3.311,1.500,0.001,-0.043,-0.028,72
3432,-3.425,-3.314,1.500,0.001,-0.033,-0.026,72
3433,-3.428,-3.318,1.500,0.001,-0.021,-0.024,72
3434,-3.430,-3.321,1.500,0.001,-0.003,-0.021,72
3435,-3.432,-3.325,1.500,0.001,0.010,-0.021,72
3436,-3.434,-3.328,1.500,0.001,0.017,-0.022,72
3437,-3.436,-3.331,1.500,0.001,0.020,-0.020,72
3438,-3.438,-3.335,1.500,0.001,0.015,-0.018,72
3439,-3.440,-3.338,1.500,0.001,0.011,-0.016,72
3440,-3.442,-3.341,1.500,0.001,0.014,-0.014,72
3441,-3.444,-3.344,1.500,0.001,0.017,-0.015,72
3442,-3.446,-3.347,1.500,0.001,0.015,-0.019,72
3443,-3.448,-3.350,1.500,0.001,0.014,-0.024,72
3444,-3.449,-3.352,1.500,0.001,0.009,-0.030,72
3445,-3.451,-3.355,1.500,0.001,-0.001,-0.030,72
3446,-3.453,-3.358,1.500,0.001,-0.006,-0.027,72
3447,-3.455,-3.360,1.500,0.001,-0.010,-0.025,72
3448,-3.456,-3.363,1.500,0.001,-0.010,-0.024,72
3449,-3.458,-3.365,1.500,0.001,-0.003,-0.020,72
3450,-3.460,-3.368,1.500,0.001,0.003,-0.016,72
3451,-3.462,-3.370,1.500,0.001,0.012,-0.011,72
3452,-3.464,-3.372,1.500,0.001,0.017,-0.007,72
3453,-3.466,-3.374,1.500,0.001,0.018,-0.003,72
3454,-3.467,-3.377,1.500,0.001,0.018,-0.000,72
3455,-3.469,-3.379,1.500,0.001,0.019,0.001,72
3456,-3.471,-3.381,1.500,0.001,0.019,0.000,72
3457,-3.472,-3.383,1.500,0.001,0.018,-0.000,72
3458,-3.473,-3.386,1.500,0.001,0.016,-0.002,72
3459,-3.475,-3.388,1.500,0.001,0.015,-0.006,72
3460,-3.476,-3.390,1.500,0.001,0.014,-0.009,72
3461,-3.478,-3.392,1.500,0.001,0.013,-0.019,72
3462,-3.479,-3.394,1.500,0.001,0.012,-0.036,72
3463,-3.480,-3.396,1.500,0.001,0.011,-0.048,72
3464,-3.481,-3.398,1.500,0.001,0.012,-0.047,72
3465,-3.482,-3.400,1.500,0.001,0.014,-0.030,72
3466,-3.483,-3.401,1.500,0.001,0.016,-0.006,72
3467,-3.485,-3.403,1.500,0.001,0.017,0.015,72
3468,-3.485,-3.405,1.500,0.001,0.015,0.027,72
3469,-3.486,-3.406,1.500,0.001,0.010,0.028,72
3470,-3.487,-3.408,1.500,0.001,0.001,0.019,72
3471,-3.488,-3.410,1.500,0.001,-0.011,0.003,72
3472,-3.489,-3.412,1.500,0.001,-0.021,-0.010,72
3473,-3.490,-3.414,1.500,0.001,-0.023,-0.019,72
3474,-3.491,-3.416,1.500,0.001,-0.017,-0.019,72
3475,-3.492,-3.417,1.500,0.001,-0.007,-0.006,72
3476,-3.494,-3.419,1.500,0.001,0.004,0.018,72
3477,-3.495,-3.421,1.500,0.001,0.014,0.035,72
3478,-3.496,-3.423,1.500,0.001,0.020,0.036,72
3479,-3.497,-3.425,1.500,0.001,0.019,0.025,72
3480,-3.498,-3.427,1.500,0.001,0.016,0.010,72
3481,-3.499,-3.429,1.500,0.001,0.013,-0.005,72
3482,-3.500,-3.431,1.500,0.001,0.010,-0.018,72
3483,-3.501,-3.433,1.500,0.001,0.006,-0.024,72
3484,-3.502,-3.435,1.500,0.001,0.006,-0.022,72
3485,-3.502,-3.437,1.500,0.001,0.006,-0.018,72
3486,-3.503,-3.439,1.500,0.001,0.008,-0.013,72
3487,-3.504,-3.441,1.500,0.001,0.008,-0.010,72
3488,-3.505,-3.443,1.500,0.001,0.009,-0.011,72
3489,-3.505,-3.445,1.500,0.001,0.011,-0.012,72
3490,-3.506,-3.446,1.500,0.001,0.011,-0.016,72
3491,-3.507,-3.448,1.500,0.001,0.010,-0.022,72
3492,-3.507,-3.450,1.500,0.001,0.013,-0.021,72
3493,-3.508,-3.451,1.500,0.001,0.020,-0.014,72
3494,-3.508,-3.453,1.500,0.001,0.025,-0.002,72
3495,-3.509,-3.454,1.500,0.001,0.024,0.005,72
3496,-3.509,-3.456,1.500,0.001,0.019,0.004,72
3497,-3.509,-3.457,1.500,0.001,0.013,-0.004,72
3498,-3.510,-3.459,1.500,0.001,0.004,-0.014,72
3499,-3.510,-3.460,1.500,0.001,-0.001,-0.021,72
3500,-3.510,-3.462,1.500,0.001,-0.005,-0.024,72
3501,-3.510,-3.463,1.500,0.001,-0.003,-0.021,72
3502,-3.511,-3.464,1.500,0.001,0.002,-0.014,72
3503,-3.511,-3.466,1.500,0.001,0.007,-0.006,72
3504,-3.511,-3.467,1.500,0.001,0.010,-0.000,72
3505,-3.511,-3.468,1.500,0.001,0.011,0.002,72
3506,-3.511,-3.469,1.500,0.001,0.011,-0.001,72
3507,-3.511,-3.470,1.500,0.001,0.008,-0.008,72
3508,-3.512,-3.471,1.500,0.001,0.004,-0.012,72
3509,-3.512,-3.473,1.500,0.001,0.002,-0.013,72
3510,-3.512,-3.474,1.500,0.001,-0.001,-0.015,72
3511,-3.512,-3.475,1.500,0.001,-0.002,-0.015,72
3512,-3.512,-3.476,1.500,0.001,-0.003,-0.009,72
3513,-3.512,-3.477,1.500,0.001,-0.004,-0.003,72
3514,-3.512,-3.478,1.500,0.001,-0.004,0.004,72
3515,-3.512,-3.479,1.500,0.001,-0.002,0.014,72
3516,-3.512,-3.480,1.500,0.001,-0.000,0.019,72
3517,-3.512,-3.481,1.500,0.001,0.002,0.016,72
3518,-3.512,-3.482,1.500,0.001,0.003,0.008,72
3519,-3.513,-3.483,1.500,0.001,0.004,-0.001,72
3520,-3.513,-3.484,1.500,0.001,0.004,-0.006,72
3521,-3.513,-3.485,1.500,0.001,0.008,-0.001,72
3522,-3.513,-3.487,1.500,0.001,0.013,0.007,72
3523,-3.513,-3.488,1.500,0.001,0.016,0.015,72
3524,-3.513,-3.489,1.500,0.001,0.015,0.018,72
3525,-3.513,-3.490,1.500,0.001,0.013,0.014,72
3526,-3.512,-3.492,1.500,0.001,0.008,0.007,72
3527,-3.512,-3.493,1.500,0.001,0.003,-0.003,72
3528,-3.512,-3.494,1.500,0.001,-0.001,-0.009,72
3529,-3.512,-3.496,1.500,0.001,-0.003,-0.011,72
3530,-3.512,-3.497,1.500,0.001,-0.001,-0.007,72
3531,-3.512,-3.498,1.500,0.001,0.001,-0.001,72
3532,-3.511,-3.500,1.500,0.001,0.004,0.005,72
3533,-3.511,-3.501,1.500,0.001,0.006,0.010,72
3534,-3.511,-3.502,1.500,0.001,-0.000,0.003,72
3535,-3.511,-3.504,1.500,0.001,-0.005,-0.004,72
3536,-3.511,-3.505,1.500,0.001,-0.006,-0.004,72
3537,-3.510,-3.506,1.500,0.001,-0.006,-0.001,72
3538,-3.510,-3.508,1.500,0.001,-0.006,0.001,72
3539,-3.510,-3.509,1.500,0.001,-0.005,-0.002,72
3540,-3.510,-3.510,1.500,0.001,-0.005,-0.009,72
3541,-3.510,-3.512,1.500,0.001,-0.006,-0.013,72
3542,-3.510,-3.513,1.500,0.001,-0.008,-0.029,72
3543,-3.510,-3.514,1.500,0.001,-0.010,-0.055,72
3544,-3.510,-3.515,1.500,0.001,-0.011,-0.072,72
3545,-3.510,-3.516,1.500,0.001,-0.009,-0.069,72
3546,-3.510,-3.516,1.500,0.001,-0.005,-0.046,72
3547,-3.510,-3.517,1.500,0.001,0.003,-0.010,72
3548,-3.510,-3.517,1.500,0.001,0.010,0.023,72
3549,-3.510,-3.517,1.500,0.001,0.015,0.041,72
3550,-3.510,-3.518,1.500,0.001,0.017,0.041,72
3551,-3.510,-3.518,1.500,0.001,0.018,0.033,72
3552,-3.510,-3.519,1.500,0.001,0.018,0.018,72
3553,-3.509,-3.520,1.500,0.001,0.016,0.004,72
3554,-3.509,-3.521,1.500,0.001,0.014,-0.003,72
3555,-3.509,-3.522,1.500,0.001,0.011,-0.005,72
3556,-3.508,-3.523,1.500,0.001,0.008,-0.000,72
3557,-3.508,-3.523,1.500,0.001,0.008,0.008,72
3558,-3.508,-3.524,1.500,0.001,0.008,0.019,72
3559,-3.507,-3.525,1.500,0.001,0.008,0.029,72
3560,-3.507,-3.526,1.500,0.001,0.010,0.035,72
3561,-3.506,-3.527,1.500,0.001,0.011,0.034,72
3562,-3.506,-3.529,1.500,0.001,0.012,0.030,72
3563,-3.505,-3.530,1.500,0.001,0.011,0.028,72
3564,-3.504,-3.532,1.500,0.001,0.009,0.028,72
3565,-3.504,-3.533,1.500,0.001,0.005,0.024,72
3566,-3.503,-3.535,1.500,0.001,0.001,0.018,72
3567,-3.502,-3.537,1.500,0.001,-0.005,0.012,72
3568,-3.502,-3.538,1.500,0.001,-0.007,0.012,72
3569,-3.501,-3.540,1.500,0.001,-0.004,0.016,72
3570,-3.500,-3.542,1.500,0.001,-0.000,0.022,72
3571,-3.500,-3.544,1.500,0.001,0.000,0.022,72
3572,-3.499,-3.546,1.500,0.001,0.000,0.017,72
3573,-3.498,-3.548,1.500,0.001,-0.004,0.006,72
3574,-3.498,-3.550,1.500,0.001,-0.012,-0.007,72
3575,-3.497,-3.552,1.500,0.001,-0.021,-0.016,72
3576,-3.497,-3.554,1.500,0.001,-0.029,-0.016,72
3577,-3.496,-3.556,1.500,0.001,-0.033,-0.010,72
3578,-3.496,-3.558,1.500,0.001,-0.030,-0.004,72
3579,-3.496,-3.560,1.500,0.001,-0.022,0.003,72
3580,-3.496,-3.562,1.500,0.001,-0.011,0.008,72
3581,-3.496,-3.564,1.500,0.001,0.000,0.009,72
3582,-3.495,-3.566,1.500,0.001,0.007,0.004,72
3583,-3.495,-3.569,1.500,0.001,0.009,-0.004,72
3584,-3.495,-3.571,1.500,0.001,0.007,-0.011,72
3585,-3.495,-3.573,1.500,0.001,0.000,-0.017,72
3586,-3.495,-3.575,1.500,0.001,-0.006,-0.020,72
3587,-3.495,-3.576,1.500,0.001,-0.012,-0.020,72
3588,-3.495,-3.578,1.500,0.001,-0.013,-0.017,72
3589,-3.494,-3.580,1.500,0.001,-0.014,-0.014,72
3590,-3.494,-3.582,1.500,0.001,-0.012,-0.012,72
3591,-3.494,-3.583,1.500,0.001,-0.009,-0.011,72
3592,-3.495,-3.585,1.500,0.001,-0.006,-0.011,72
3593,-3.495,-3.587,1.500,0.001,-0.004,-0.012,72
3594,-3.495,-3.588,1.500,0.001,-0.002,-0.014,72
3595,-3.495,-3.590,1.500,0.001,-0.001,-0.016,72
3596,-3.495,-3.591,1.500,0.001,0.000,-0.018,72
3597,-3.495,-3.593,1.500,0.001,0.001,-0.019,72
3598,-3.495,-3.594,1.500,0.001,0.001,-0.018,72
3599,-3.495,-3.595,1.500,0.001,-0.000,-0.018,72
3600,-3.495,-3.597,1.500,0.001,-0.002,-0.028,72
3601,-3.495,-3.598,1.500,0.001,-0.004,-0.039,72
3602,-3.495,-3.599,1.500,0.001,-0.004,-0.044,72
3603,-3.496,-3.600,1.500,0.001,-0.002,-0.040,72
3604,-3.496,-3.600,1.500,0.001,0.000,-0.027,72
3605,-3.496,-3.601,1.500,0.001,0.001,-0.010,72
3606,-3.496,-3.602,1.500,0.001,0.002,0.003,72
3607,-3.496,-3.602,1.500,0.001,0.001,0.011,72
3608,-3.496,-3.603,1.500,0.001,0.000,0.011,72
3609,-3.496,-3.604,1.500,0.001,-0.001,0.005,72
3610,-3.496,-3.604,1.500,0.001,-0.002,-0.002,72
3611,-3.497,-3.605,1.500,0.001,-0.003,-0.009,72
3612,-3.497,-3.606,1.500,0.001,-0.004,-0.014,72
3613,-3.497,-3.606,1.500,0.001,-0.004,-0.016,72
3614,-3.497,-3.607,1.500,0.001,-0.004,-0.014,72
3615,-3.497,-3.607,1.500,0.001,-0.003,-0.011,72
3616,-3.497,-3.608,1.500,0.001,-0.018,0.005,72
3617,-3.498,-3.608,1.500,0.001,-0.028,0.016,72
3618,-3.498,-3.609,1.500,0.001,-0.028,0.019,72
3619,-3.498,-3.610,1.500,0.001,-0.021,0.015,72
3620,-3.499,-3.610,1.500,0.001,-0.010,0.007,72
3621,-3.500,-3.611,1.500,0.001,0.001,-0.001,72
3622,-3.500,-3.612,1.500,0.001,0.010,-0.008,72
3623,-3.501,-3.612,1.500,0.001,0.013,-0.010,72
3624,-3.501,-3.613,1.500,0.001,0.014,-0.010,72
3625,-3.502,-3.614,1.500,0.001,0.011,-0.007,72
3626,-3.502,-3.614,1.500,0.001,0.008,-0.005,72
3627,-3.502,-3.615,1.500,0.001,0.005,-0.003,72
3628,-3.503,-3.615,1.500,0.001,0.003,-0.002,72
3629,-3.503,-3.616,1.500,0.001,0.002,0.000,72
3630,-3.503,-3.616,1.500,0.001,0.003,0.004,72
3631,-3.504,-3.617,1.500,0.001,0.006,0.008,72
3632,-3.504,-3.618,1.500,0.001,0.010,0.012,72
3633,-3.504,-3.618,1.500,0.001,0.015,0.014,72
3634,-3.504,-3.619,1.500,0.001,0.039,-0.003,72
3635,-3.505,-3.620,1.500,0.001,0.048,-0.017,72
3636,-3.505,-3.620,1.500,0.001,0.045,-0.024,72
3637,-3.504,-3.621,1.500,0.001,0.026,-0.023,72
3638,-3.504,-3.621,1.500,0.001,0.009,-0.018,72
3639,-3.504,-3.622,1.500,0.001,-0.008,-0.009,72
3640,-3.503,-3.622,1.500,0.001,-0.014,0.002,72
3641,-3.503,-3.622,1.500,0.001,-0.018,0.010,72
3642,-3.503,-3.623,1.500,0.001,-0.007,0.015,72
3643,-3.503,-3.623,1.500,0.001,0.002,0.014,72
3644,-3.502,-3.624,1.500,0.001,0.010,0.009,72
3645,-3.502,-3.624,1.500,0.001,0.014,0.002,72
3646,-3.502,-3.625,1.500,0.001,0.014,-0.004,72
3647,-3.502,-3.625,1.500,0.001,0.011,-0.008,72
3648,-3.501,-3.626,1.500,0.001,0.007,-0.009,72
3649,-3.501,-3.626,1.500,0.001,0.004,-0.008,72
3650,-3.500,-3.627,1.500,0.001,0.002,-0.008,72
3651,-3.500,-3.627,1.500,0.001,-0.012,-0.014,72
3652,-3.500,-3.628,1.500,0.001,-0.018,-0.024,72
3653,-3.499,-3.628,1.500,0.001,-0.013,-0.025,72
3654,-3.499,-3.628,1.500,0.001,-0.003,-0.019,72
3655,-3.499,-3.628,1.500,0.001,0.008,-0.009,72
3656,-3.498,-3.628,1.500,0.001,0.010,-0.010,72
3657,-3.498,-3.629,1.500,0.001,0.003,-0.015,72
3658,-3.498,-3.629,1.500,0.001,-0.012,-0.022,72
3659,-3.498,-3.629,1.500,0.001,-0.027,-0.027,72
3660,-3.497,-3.628,1.500,0.001,-0.031,-0.027,72
3661,-3.497,-3.628,1.500,0.001,-0.027,-0.022,72
3662,-3.497,-3.628,1.500,0.001,-0.016,-0.015,72
3663,-3.497,-3.628,1.500,0.001,-0.005,-0.008,72
3664,-3.497,-3.627,1.500,0.001,0.005,-0.002,72
3665,-3.497,-3.627,1.500,0.001,0.009,0.001,72
3666,-3.497,-3.626,1.500,0.001,0.009,0.001,72
3667,-3.497,-3.626,1.500,0.001,0.006,-0.001,72
3668,-3.497,-3.626,1.500,0.001,0.002,-0.004,72
3669,-3.497,-3.625,1.500,0.001,-0.003,-0.006,72
3670,-3.497,-3.625,1.500,0.001,-0.005,-0.007,72
3671,-3.497,-3.624,1.500,0.001,-0.005,-0.006,72
3672,-3.497,-3.624,1.500,0.001,-0.003,-0.005,72
3673,-3.497,-3.623,1.500,0.001,-0.001,-0.004,72
3674,-3.497,-3.623,1.500,0.001,0.002,-0.003,72
3675,-3.497,-3.622,1.500,0.001,0.004,-0.003,72
3676,-3.497,-3.622,1.500,0.001,0.004,-0.002,72
3677,-3.497,-3.621,1.500,0.001,0.003,-0.001,72
3678,-3.497,-3.621,1.500,0.001,0.000,-0.001,72
3679,-3.497,-3.620,1.500,0.001,-0.001,-0.001,72
3680,-3.497,-3.620,1.500,0.001,-0.002,-0.002,72
3681,-3.497,-3.619,1.500,0.001,-0.003,-0.004,72
3682,-3.497,-3.618,1.500,0.001,-0.003,-0.008,72
3683,-3.497,-3.618,1.500,0.001,-0.003,-0.016,72
3684,-3.497,-3.617,1.500,0.001,-0.004,-0.027,72
3685,-3.497,-3.616,1.500,0.001,-0.004,-0.036,72
3686,-3.497,-3.615,1.500,0.001,-0.005,-0.043,72
3687,-3.497,-3.614,1.500,0.001,-0.006,-0.040,72
3688,-3.498,-3.613,1.500,0.001,-0.007,-0.029,72
3689,-3.498,-3.612,1.500,0.001,-0.009,-0.017,72
3690,-3.498,-3.611,1.500,0.001,-0.012,-0.009,72
3691,-3.498,-3.609,1.500,0.001,-0.013,-0.005,72
3692,-3.498,-3.608,1.500,0.001,-0.012,-0.005,72
3693,-3.498,-3.607,1.500,0.001,-0.007,-0.006,72
3694,-3.499,-3.605,1.500,0.001,-0.003,-0.008,72
3695,-3.499,-3.604,1.500,0.001,0.001,-0.009,72
3696,-3.499,-3.602,1.500,0.001,0.003,-0.008,72
3697,-3.500,-3.601,1.500,0.001,0.002,-0.008,72
3698,-3.500,-3.599,1.500,0.001,-0.002,-0.007,72
3699,-3.500,-3.597,1.500,0.001,-0.006,-0.006,72
3700,-3.501,-3.596,1.500,0.001,-0.010,-0.004,72
3701,-3.501,-3.594,1.500,0.001,-0.016,-0.004,72
3702,-3.501,-3.593,1.500,0.001,-0.018,-0.002,72
3703,-3.502,-3.591,1.500,0.001,-0.015,0.000,72
3704,-3.502,-3.589,1.500,0.001,-0.009,0.005,72
3705,-3.503,-3.588,1.500,0.001,-0.003,0.010,72
3706,-3.503,-3.586,1.500,0.001,-0.001,0.013,72
3707,-3.504,-3.584,1.500,0.001,-0.004,0.014,72
3708,-3.505,-3.583,1.500,0.001,-0.007,0.012,72
3709,-3.505,-3.581,1.500,0.001,-0.008,0.008,72
3710,-3.506,-3.580,1.500,0.001,-0.003,0.005,72
3711,-3.507,-3.578,1.500,0.001,0.005,0.006,72
3712,-3.507,-3.577,1.500,0.001,0.017,0.011,72
3713,-3.508,-3.576,1.500,0.001,0.027,0.015,72
3714,-3.508,-3.574,1.500,0.001,0.034,0.018,72
3715,-3.509,-3.573,1.500,0.001,0.032,0.018,72
3716,-3.509,-3.572,1.500,0.001,0.024,0.019,72
3717,-3.509,-3.571,1.500,0.001,0.011,0.020,72
3718,-3.509,-3.570,1.500,0.001,-0.000,0.020,72
3719,-3.509,-3.569,1.500,0.001,-0.008,0.020,72
3720,-3.510,-3.568,1.500,0.001,-0.014,0.017,72
3721,-3.510,-3.567,1.500,0.001,-0.016,0.011,72
3722,-3.510,-3.566,1.500,0.001,-0.014,0.006,72
3723,-3.510,-3.565,1.500,0.001,-0.006,0.005,72
3724,-3.511,-3.564,1.500,0.001,0.001,0.008,72
3725,-3.511,-3.563,1.500,0.001,0.004,0.019,72
3726,-3.511,-3.563,1.500,0.001,0.004,0.027,72
3727,-3.512,-3.562,1.500,0.001,0.003,0.030,72
3728,-3.512,-3.561,1.500,0.001,-0.000,0.027,72
3729,-3.512,-3.561,1.500,0.001,0.002,0.021,72
3730,-3.513,-3.561,1.500,0.001,0.007,0.013,72
3731,-3.513,-3.560,1.500,0.001,0.010,0.008,72
3732,-3.513,-3.560,1.500,0.001,0.009,0.012,72
3733,-3.513,-3.560,1.500,0.001,0.004,0.021,72
3734,-3.514,-3.559,1.500,0.001,-0.001,0.025,72
3735,-3.514,-3.559,1.500,0.001,-0.004,0.021,72
3736,-3.514,-3.559,1.500,0.001,-0.006,0.008,72
3737,-3.514,-3.559,1.500,0.001,-0.005,-0.008,72
3738,-3.514,-3.559,1.500,0.001,-0.003,-0.021,72
3739,-3.515,-3.559,1.500,0.001,-0.002,-0.027,72
3740,-3.515,-3.559,1.500,0.001,0.000,-0.023,72
3741,-3.515,-3.559,1.500,0.001,0.007,-0.011,72
3742,-3.515,-3.558,1.500,0.001,0.013,0.007,72
3743,-3.516,-3.558,1.500,0.001,0.019,0.024,72
3744,-3.516,-3.558,1.500,0.001,0.020,0.032,72
3745,-3.516,-3.558,1.500,0.001,0.016,0.028,72
3746,-3.516,-3.558,1.500,0.001,0.010,0.018,72
3747,-3.516,-3.558,1.500,0.001,0.002,0.005,72
3748,-3.516,-3.558,1.500,0.001,-0.003,-0.004,72
3749,-3.516,-3.558,1.500,0.001,-0.005,-0.010,72
3750,-3.516,-3.558,1.500,0.001,-0.005,-0.010,72
3751,-3.516,-3.558,1.500,0.001,0.002,-0.001,72
3752,-3.516,-3.558,1.500,0.001,0.011,0.014,72
3753,-3.516,-3.558,1.500,0.001,0.021,0.028,72
3754,-3.516,-3.558,1.500,0.001,0.028,0.039,72
3755,-3.516,-3.558,1.500,0.001,0.030,0.042,72
3756,-3.515,-3.559,1.500,0.001,0.028,0.039,72
3757,-3.515,-3.559,1.500,0.001,0.023,0.031,72
3758,-3.514,-3.560,1.500,0.001,0.016,0.021,72
3759,-3.514,-3.560,1.500,0.001,0.010,0.012,72
3760,-3.513,-3.561,1.500,0.001,0.005,0.005,72
3761,-3.513,-3.562,1.500,0.001,0.002,0.001,72
3762,-3.512,-3.563,1.500,0.001,0.001,-0.000,72
3763,-3.512,-3.564,1.500,0.001,0.023,-0.035,72
3764,-3.511,-3.564,1.500,0.001,0.036,-0.057,72
3765,-3.510,-3.565,1.500,0.001,0.034,-0.066,72
3766,-3.509,-3.565,1.500,0.001,0.019,-0.058,72
3767,-3.508,-3.565,1.500,0.001,0.003,-0.037,72
3768,-3.507,-3.565,1.500,0.001,-0.076,0.040,72
3769,-3.506,-3.565,1.500,0.001,-0.129,0.095,72
3770,-3.506,-3.566,1.500,0.001,-0.139,0.109,72
3771,-3.506,-3.566,1.500,0.001,-0.110,0.088,72
3772,-3.507,-3.567,1.500,0.001,0.006,-0.006,72
3773,-3.507,-3.568,1.500,0.001,0.102,-0.083,72
3774,-3.507,-3.569,1.500,0.001,0.147,-0.117,72
3775,-3.507,-3.569,1.500,0.001,0.071,-0.054,72
3776,-3.507,-3.570,1.500,0.001,-0.023,0.018,72
3777,-3.506,-3.570,1.500,0.001,-0.092,0.067,72
3778,-3.506,-3.570,1.500,0.001,-0.122,0.085,72
3779,-3.506,-3.571,1.500,0.001,-0.113,0.075,72
3780,-3.507,-3.572,1.500,0.001,-0.074,0.049,72
3781,-3.508,-3.573,1.500,0.001,-0.025,0.016,72
3782,-3.509,-3.575,1.500,0.001,0.018,-0.014,72
3783,-3.510,-3.576,1.500,0.001,0.111,-0.089,72
3784,-3.510,-3.577,1.500,0.001,0.161,-0.130,72
3785,-3.510,-3.577,1.500,0.001,0.155,-0.127,72
3786,-3.510,-3.577,1.500,0.001,0.108,-0.091,72
3787,-3.509,-3.577,1.500,0.001,0.044,-0.041,72
3788,-3.508,-3.577,1.500,0.001,-0.015,0.004,72
3789,-3.507,-3.576,1.500,0.001,-0.054,0.033,72
3790,-3.506,-3.576,1.500,0.001,-0.068,0.042,72
3791,-3.505,-3.576,1.500,0.001,-0.059,0.035,72
3792,-3.505,-3.576,1.500,0.001,-0.101,0.079,72
3793,-3.505,-3.576,1.500,0.001,-0.116,0.101,72
3794,-3.505,-3.576,1.500,0.001,-0.099,0.094,72
3795,-3.506,-3.577,1.500,0.001,-0.062,0.069,72
3796,-3.506,-3.578,1.500,0.001,-0.019,0.038,72
3797,-3.507,-3.579,1.500,0.001,0.061,-0.005,72
3798,-3.508,-3.581,1.500,0.001,0.111,-0.027,72
3799,-3.509,-3.582,1.500,0.001,0.121,-0.025,72
3800,-3.509,-3.583,1.500,0.001,0.097,-0.005,72
3801,-3.508,-3.584,1.500,0.001,0.052,0.020,72
3802,-3.508,-3.585,1.500,0.001,0.004,0.039,72
3803,-3.507,-3.586,1.500,0.001,-0.034,0.044,72
3804,-3.507,-3.588,1.500,0.001,-0.052,0.036,72
3805,-3.506,-3.589,1.500,0.001,-0.053,0.020,72
3806,-3.506,-3.591,1.500,0.001,-0.040,0.002,72
3807,-3.506,-3.593,1.500,0.001,-0.020,-0.011,72
3808,-3.506,-3.594,1.500,0.001,0.000,-0.017,72
3809,-3.506,-3.596,1.500,0.001,0.016,-0.016,72
3810,-3.507,-3.597,1.500,0.001,0.025,-0.011,72
3811,-3.507,-3.599,1.500,0.001,0.024,-0.006,72
3812,-3.506,-3.600,1.500,0.001,0.017,-0.003,72
3813,-3.506,-3.602,1.500,0.001,0.006,-0.003,72
3814,-3.506,-3.603,1.500,0.001,-0.008,-0.006,72
3815,-3.506,-3.604,1.500,0.001,-0.019,-0.008,72
3816,-3.506,-3.606,1.500,0.001,-0.021,-0.010,72
3817,-3.506,-3.607,1.500,0.001,-0.016,-0.009,72
3818,-3.506,-3.609,1.500,0.001,-0.005,-0.008,72
3819,-3.506,-3.610,1.500,0.001,0.006,-0.006,72
3820,-3.506,-3.611,1.500,0.001,0.015,-0.005,72
3821,-3.506,-3.612,1.500,0.001,0.019,-0.006,72
3822,-3.506,-3.614,1.500,0.001,0.017,-0.012,72
3823,-3.506,-3.615,1.500,0.001,0.011,-0.018,72
3824,-3.505,-3.616,1.500,0.001,0.004,-0.022,72
3825,-3.505,-3.617,1.500,0.001,-0.002,-0.021,72
3826,-3.505,-3.618,1.500,0.001,-0.004,-0.017,72
3827,-3.505,-3.619,1.500,0.001,-0.004,-0.012,72
3828,-3.505,-3.620,1.500,0.001,-0.001,-0.008,72
3829,-3.504,-3.621,1.500,0.001,0.002,-0.004,72
3830,-3.504,-3.622,1.500,0.001,0.012,0.000,72
3831,-3.504,-3.622,1.500,0.001,0.020,0.001,72
3832,-3.504,-3.623,1.500,0.001,0.020,-0.003,72
3833,-3.503,-3.624,1.500,0.001,0.011,-0.011,72
3834,-3.503,-3.625,1.500,0.001,0.005,-0.014,72
3835,-3.503,-3.626,1.500,0.001,-0.005,-0.017,72
3836,-3.502,-3.627,1.500,0.001,-0.009,-0.015,72
3837,-3.502,-3.627,1.500,0.001,-0.011,-0.013,72
3838,-3.502,-3.628,1.500,0.001,-0.004,-0.015,72
3839,-3.501,-3.628,1.500,0.001,-0.021,-0.001,72
3840,-3.501,-3.629,1.500,0.001,-0.033,0.012,72
3841,-3.501,-3.630,1.500,0.001,-0.039,0.017,72
3842,-3.501,-3.630,1.500,0.001,-0.036,0.012,72
3843,-3.501,-3.631,1.500,0.001,0.011,-0.040,72
3844,-3.501,-3.632,1.500,0.001,0.043,-0.075,72
3845,-3.501,-3.632,1.500,0.001,0.060,-0.084,72
3846,-3.501,-3.632,1.500,0.001,0.056,-0.070,72
3847,-3.500,-3.632,1.500,0.001,0.036,-0.044,72
3848,-3.500,-3.631,1.500,0.001,0.015,-0.015,72
3849,-3.499,-3.631,1.500,0.001,-0.006,0.006,72
3850,-3.498,-3.631,1.500,0.001,-0.027,0.017,72
3851,-3.498,-3.630,1.500,0.001,-0.035,0.017,72
3852,-3.497,-3.630,1.500,0.001,-0.033,0.010,72
3853,-3.497,-3.630,1.500,0.001,-0.019,-0.005,72
3854,-3.497,-3.629,1.500,0.001,-0.007,-0.020,72
3855,-3.497,-3.629,1.500,0.001,0.002,-0.029,72
3856,-3.496,-3.629,1.500,0.001,0.011,-0.029,72
3857,-3.496,-3.628,1.500,0.001,0.018,-0.023,72
3858,-3.496,-3.628,1.500,0.001,0.018,-0.012,72
3859,-3.495,-3.627,1.500,0.001,0.014,-0.001,72
3860,-3.495,-3.626,1.500,0.001,0.006,0.007,72
3861,-3.495,-3.626,1.500,0.001,0.000,0.010,72
3862,-3.494,-3.625,1.500,0.001,-0.005,-0.001,72
3863,-3.494,-3.624,1.500,0.001,-0.007,-0.030,72
3864,-3.493,-3.624,1.500,0.001,-0.007,-0.051,72
3865,-3.493,-3.623,1.500,0.001,-0.007,-0.065,72
3866,-3.493,-3.622,1.500,0.001,-0.006,-0.084,72
3867,-3.492,-3.620,1.500,0.001,-0.009,-0.090,72
3868,-3.492,-3.619,1.500,0.001,-0.008,-0.078,72
3869,-3.492,-3.617,1.500,0.001,-0.009,-0.054,72
3870,-3.491,-3.614,1.500,0.001,-0.007,-0.026,72
3871,-3.491,-3.612,1.500,0.001,-0.007,-0.008,72
3872,-3.491,-3.610,1.500,0.001,-0.009,-0.002,72
3873,-3.491,-3.607,1.500,0.001,-0.014,-0.007,72
3874,-3.491,-3.605,1.500,0.001,-0.018,-0.018,72
3875,-3.490,-3.603,1.500,0.001,-0.020,-0.031,72
3876,-3.490,-3.600,1.500,0.001,-0.022,-0.040,72
3877,-3.490,-3.597,1.500,0.001,-0.019,-0.040,72
3878,-3.491,-3.595,1.500,0.001,-0.018,-0.001,72
3879,-3.491,-3.592,1.500,0.001,-0.012,0.033,72
3880,-3.491,-3.589,1.500,0.001,-0.002,0.054,72
3881,-3.491,-3.587,1.500,0.001,0.004,0.059,72
3882,-3.492,-3.584,1.500,0.001,0.008,0.051,72
3883,-3.492,-3.582,1.500,0.001,0.008,0.035,72
3884,-3.492,-3.580,1.500,0.001,0.008,0.018,72
3885,-3.492,-3.578,1.500,0.001,0.005,0.004,72
3886,-3.492,-3.576,1.500,0.001,0.007,-0.004,72
3887,-3.492,-3.574,1.500,0.001,0.010,-0.006,72
3888,-3.492,-3.572,1.500,0.001,0.012,-0.005,72
3889,-3.492,-3.570,1.500,0.001,0.015,0.002,72
3890,-3.492,-3.568,1.500,0.001,0.012,0.013,72
3891,-3.492,-3.566,1.500,0.001,0.008,0.024,72
3892,-3.492,-3.564,1.500,0.001,0.006,0.033,72
3893,-3.492,-3.562,1.500,0.001,0.001,0.037,72
3894,-3.492,-3.560,1.500,0.001,-0.001,0.034,72
3895,-3.492,-3.559,1.500,0.001,-0.002,0.023,72
3896,-3.492,-3.557,1.500,0.001,0.000,0.013,72
3897,-3.492,-3.556,1.500,0.001,0.003,0.005,72
3898,-3.492,-3.554,1.500,0.001,0.004,-0.001,72
3899,-3.492,-3.553,1.500,0.001,0.005,-0.001,72
3900,-3.491,-3.551,1.500,0.001,0.003,0.003,72
3901,-3.491,-3.550,1.500,0.001,-0.000,0.008,72
3902,-3.491,-3.548,1.500,0.001,-0.003,0.013,72
3903,-3.491,-3.547,1.500,0.001,-0.004,0.017,72
3904,-3.491,-3.546,1.500,0.001,-0.005,0.020,72
3905,-3.491,-3.544,1.500,0.001,-0.004,0.022,72
3906,-3.491,-3.543,1.500,0.001,-0.003,0.020,72
3907,-3.490,-3.542,1.500,0.001,-0.004,-0.004,72
3908,-3.490,-3.541,1.500,0.001,-0.006,-0.023,72
3909,-3.490,-3.540,1.500,0.001,-0.006,-0.026,72
3910,-3.490,-3.538,1.500,0.001,-0.002,-0.017,72
3911,-3.490,-3.537,1.500,0.001,0.002,-0.000,72
3912,-3.490,-3.536,1.500,0.001,0.006,0.015,72
3913,-3.490,-3.534,1.500,0.001,0.009,0.021,72
3914,-3.490,-3.533,1.500,0.001,0.013,0.039,72
3915,-3.490,-3.532,1.500,0.001,0.016,0.036,72
3916,-3.490,-3.531,1.500,0.001,0.018,0.010,72
3917,-3.489,-3.530,1.500,0.001,0.016,-0.026,72
3918,-3.489,-3.529,1.500,0.001,0.013,-0.057,72
3919,-3.489,-3.528,1.500,0.001,0.010,-0.069,72
3920,-3.488,-3.526,1.500,0.001,0.010,-0.059,72
3921,-3.488,-3.525,1.500,0.001,0.011,-0.033,72
3922,-3.488,-3.523,1.500,0.001,0.008,-0.002,72
3923,-3.487,-3.521,1.500,0.001,0.003,0.025,72
3924,-3.487,-3.519,1.500,0.001,-0.006,0.042,72
3925,-3.486,-3.518,1.500,0.001,-0.015,0.043,72
3926,-3.486,-3.516,1.500,0.001,-0.021,0.031,72
3927,-3.485,-3.515,1.500,0.001,-0.024,0.015,72
3928,-3.485,-3.513,1.500,0.001,-0.023,0.002,72
3929,-3.485,-3.512,1.500,0.001,-0.020,-0.002,72
3930,-3.485,-3.511,1.500,0.001,-0.014,-0.001,72
3931,-3.485,-3.509,1.500,0.001,-0.007,0.005,72
3932,-3.484,-3.508,1.500,0.001,-0.003,0.011,72
3933,-3.484,-3.507,1.500,0.001,0.000,0.016,72
3934,-3.484,-3.506,1.500,0.001,0.001,0.017,72
3935,-3.484,-3.505,1.500,0.001,-0.002,0.021,72
3936,-3.484,-3.503,1.500,0.001,-0.006,0.031,72
3937,-3.484,-3.503,1.500,0.001,-0.009,0.039,72
3938,-3.484,-3.502,1.500,0.001,-0.013,0.024,72
3939,-3.484,-3.501,1.500,0.001,-0.014,0.008,72
3940,-3.484,-3.500,1.500,0.001,-0.012,-0.000,72
3941,-3.484,-3.499,1.500,0.001,-0.008,-0.002,72
3942,-3.485,-3.499,1.500,0.001,-0.003,0.002,72
3943,-3.485,-3.498,1.500,0.001,0.001,0.008,72
3944,-3.485,-3.497,1.500,0.001,0.005,0.014,72
3945,-3.485,-3.497,1.500,0.001,0.005,0.017,72
3946,-3.485,-3.496,1.500,0.001,0.005,0.017,72
3947,-3.485,-3.495,1.500,0.001,0.004,0.014,72
3948,-3.486,-3.495,1.500,0.001,0.003,0.011,72
3949,-3.486,-3.494,1.500,0.001,0.003,0.008,72
3950,-3.486,-3.494,1.500,0.001,0.003,0.006,72
3951,-3.486,-3.494,1.500,0.001,0.004,0.005,72
3952,-3.486,-3.493,1.500,0.001,0.004,0.005,72
3953,-3.486,-3.493,1.500,0.001,0.005,0.006,72
3954,-3.486,-3.492,1.500,0.001,0.004,0.006,72
3955,-3.486,-3.492,1.500,0.001,0.008,0.009,72
3956,-3.486,-3.492,1.500,0.001,0.010,0.011,72
3957,-3.486,-3.491,1.500,0.001,0.010,0.010,72
3958,-3.486,-3.491,1.500,0.001,0.007,0.007,72
3959,-3.486,-3.491,1.500,0.001,-0.002,0.027,72
3960,-3.486,-3.491,1.500,0.001,-0.001,0.029,72
3961,-3.486,-3.491,1.500,0.001,0.000,0.021,72
3962,-3.485,-3.491,1.500,0.001,0.002,0.010,72
3963,-3.485,-3.491,1.500,0.001,-0.003,0.004,72
3964,-3.485,-3.491,1.500,0.001,-0.007,0.001,72
3965,-3.485,-3.491,1.500,0.001,-0.008,0.001,72
3966,-3.485,-3.491,1.500,0.001,-0.008,0.003,72
3967,-3.485,-3.491,1.500,0.001,-0.005,0.004,72
3968,-3.485,-3.492,1.500,0.001,-0.002,0.005,72
3969,-3.485,-3.492,1.500,0.001,0.002,0.006,72
3970,-3.485,-3.492,1.500,0.001,0.004,0.006,72
3971,-3.485,-3.492,1.500,0.001,0.004,0.004,72
3972,-3.485,-3.492,1.500,0.001,0.008,-0.007,72
3973,-3.485,-3.492,1.500,0.001,0.010,-0.015,72
3974,-3.485,-3.493,1.500,0.001,0.007,-0.030,72
3975,-3.485,-3.493,1.500,0.001,0.003,-0.043,72
3976,-3.485,-3.493,1.500,0.001,-0.001,-0.046,72
3977,-3.485,-3.492,1.500,0.001,-0.003,-0.039,72
3978,-3.484,-3.492,1.500,0.001,-0.005,-0.024,72
3979,-3.484,-3.491,1.500,0.001,-0.004,-0.004,72
3980,-3.484,-3.491,1.500,0.001,-0.004,0.008,72
3981,-3.484,-3.490,1.500,0.001,-0.003,0.008,72
3982,-3.484,-3.490,1.500,0.001,-0.001,-0.000,72
3983,-3.484,-3.489,1.500,0.001,-0.001,-0.011,72
3984,-3.484,-3.489,1.500,0.001,-0.003,-0.021,72
3985,-3.484,-3.488,1.500,0.001,-0.007,-0.027,72
3986,-3.484,-3.488,1.500,0.001,-0.012,-0.028,72
3987,-3.484,-3.487,1.500,0.001,-0.015,-0.028,72
3988,-3.484,-3.486,1.500,0.001,-0.016,-0.028,72
3989,-3.484,-3.485,1.500,0.001,-0.015,-0.029,72
3990,-3.484,-3.484,1.500,0.001,-0.011,-0.032,72
3991,-3.485,-3.483,1.500,0.001,-0.010,-0.038,72
3992,-3.485,-3.482,1.500,0.001,-0.009,-0.046,72
3993,-3.485,-3.480,1.500,0.001,-0.005,-0.052,72
3994,-3.486,-3.479,1.500,0.001,0.000,-0.056,72
3995,-3.486,-3.477,1.500,0.001,0.007,-0.055,72
3996,-3.486,-3.475,1.500,0.001,0.015,-0.049,72
3997,-3.486,-3.473,1.500,0.001,0.020,-0.039,72
3998,-3.487,-3.470,1.500,0.001,0.023,-0.026,72
3999,-3.487,-3.468,1.500,0.001,0.023,-0.012,72
4000,-3.487,-3.465,1.500,0.001,0.022,0.003,72
4001,-3.487,-3.463,1.500,0.001,0.017,0.019,72
4002,-3.486,-3.460,1.500,0.001,0.012,0.033,72
4003,-3.486,-3.458,1.500,0.001,0.006,0.040,72
4004,-3.486,-3.456,1.500,0.001,-0.001,0.037,72
4005,-3.486,-3.454,1.500,0.001,-0.005,0.033,72
4006,-3.486,-3.452,1.500,0.001,-0.005,0.031,72
4007,-3.486,-3.450,1.500,0.001,-0.004,0.029,72
4008,-3.485,-3.448,1.500,0.001,0.002,0.027,72
4009,-3.485,-3.447,1.500,0.001,0.008,0.023,72
4010,-3.485,-3.445,1.500,0.001,0.012,0.022,72
4011,-3.485,-3.444,1.500,0.001,0.013,0.021,72
4012,-3.485,-3.442,1.500,0.001,0.012,0.021,72
4013,-3.484,-3.441,1.500,0.001,0.011,0.023,72
4014,-3.484,-3.440,1.500,0.001,0.014,0.029,72
4015,-3.484,-3.438,1.500,0.001,0.016,0.035,72
4016,-3.483,-3.437,1.500,0.001,0.016,0.038,72
4017,-3.483,-3.436,1.500,0.001,0.014,0.036,72
4018,-3.482,-3.436,1.500,0.001,0.012,0.030,72
4019,-3.481,-3.435,1.500,0.001,0.008,0.023,72
4020,-3.481,-3.434,1.500,0.001,0.005,0.017,72
4021,-3.480,-3.434,1.500,0.001,-0.000,0.012,72
4022,-3.480,-3.433,1.500,0.001,-0.006,0.009,72
4023,-3.479,-3.433,1.500,0.001,-0.010,0.008,72
4024,-3.478,-3.432,1.500,0.001,-0.013,0.009,72
4025,-3.478,-3.432,1.500,0.001,-0.014,0.010,72
4026,-3.477,-3.431,1.500,0.001,-0.015,0.010,72
4027,-3.477,-3.431,1.500,0.001,-0.012,0.011,72
4028,-3.476,-3.431,1.500,0.001,-0.003,0.011,72
4029,-3.476,-3.430,1.500,0.001,0.003,0.012,72
4030,-3.476,-3.430,1.500,0.001,0.008,0.014,72
4031,-3.475,-3.430,1.500,0.001,0.008,0.014,72
4032,-3.475,-3.430,1.500,0.001,0.004,0.011,72
4033,-3.474,-3.429,1.500,0.001,-0.006,0.014,72
4034,-3.474,-3.429,1.500,0.001,-0.016,0.006,72
4035,-3.473,-3.429,1.500,0.001,-0.027,-0.010,72
4036,-3.473,-3.429,1.500,0.001,-0.031,-0.026,72
4037,-3.473,-3.429,1.500,0.001,-0.027,-0.033,72
4038,-3.473,-3.429,1.500,0.001,-0.014,-0.027,72
4039,-3.473,-3.428,1.500,0.001,-0.002,-0.012,72
4040,-3.472,-3.428,1.500,0.001,0.008,0.004,72
4041,-3.472,-3.427,1.500,0.001,0.011,0.015,72
4042,-3.472,-3.427,1.500,0.001,0.006,0.017,72
4043,-3.472,-3.427,1.500,0.001,0.004,0.013,72
4044,-3.472,-3.427,1.500,0.001,0.001,0.002,72
4045,-3.472,-3.426,1.500,0.001,0.000,-0.008,72
4046,-3.472,-3.426,1.500,0.001,0.003,-0.016,72
4047,-3.471,-3.426,1.500,0.001,0.005,-0.018,72
4048,-3.471,-3.425,1.500,0.001,0.012,-0.016,72
4049,-3.471,-3.425,1.500,0.001,0.016,-0.013,72
4050,-3.471,-3.424,1.500,0.001,0.018,-0.011,72
4051,-3.470,-3.424,1.500,0.001,0.016,-0.011,72
4052,-3.470,-3.423,1.500,0.001,0.013,-0.011,72
4053,-3.470,-3.422,1.500,0.001,0.010,-0.010,72
4054,-3.469,-3.422,1.500,0.001,0.005,-0.009,72
4055,-3.469,-3.421,1.500,0.001,0.000,-0.006,72
4056,-3.468,-3.420,1.500,0.001,-0.004,0.000,72
4057,-3.468,-3.420,1.500,0.001,-0.008,0.009,72
4058,-3.467,-3.419,1.500,0.001,-0.009,0.015,72
4059,-3.467,-3.418,1.500,0.001,-0.009,0.018,72
4060,-3.466,-3.418,1.500,0.001,-0.011,0.019,72
4061,-3.466,-3.417,1.500,0.001,-0.007,0.012,72
4062,-3.466,-3.417,1.500,0.001,-0.003,-0.000,72
4063,-3.465,-3.416,1.500,0.001,-0.000,-0.012,72
4064,-3.465,-3.416,1.500,0.001,0.001,-0.020,72
4065,-3.465,-3.415,1.500,0.001,0.001,-0.023,72
4066,-3.464,-3.415,1.500,0.001,-0.001,-0.023,72
4067,-3.464,-3.414,1.500,0.001,-0.003,-0.021,72
4068,-3.464,-3.413,1.500,0.001,-0.010,-0.020,72
4069,-3.463,-3.412,1.500,0.001,-0.016,-0.019,72
4070,-3.463,-3.411,1.500,0.001,-0.022,-0.017,72
4071,-3.463,-3.410,1.500,0.001,-0.022,-0.011,72
4072,-3.463,-3.409,1.500,0.001,-0.018,-0.005,72
4073,-3.463,-3.408,1.500,0.001,-0.010,0.002,72
4074,-3.463,-3.407,1.500,0.001,-0.004,0.006,72
4075,-3.463,-3.406,1.500,0.001,0.002,0.007,72
4076,-3.463,-3.405,1.500,0.001,0.005,0.005,72
4077,-3.463,-3.404,1.500,0.001,0.004,0.005,72
4078,-3.463,-3.403,1.500,0.001,-0.003,0.004,72
4079,-3.463,-3.402,1.500,0.001,-0.010,0.006,72
4080,-3.463,-3.401,1.500,0.001,-0.014,0.005,72
4081,-3.463,-3.400,1.500,0.001,-0.014,0.001,72
4082,-3.463,-3.399,1.500,0.001,-0.011,-0.005,72
4083,-3.463,-3.398,1.500,0.001,-0.003,-0.008,72
4084,-3.463,-3.397,1.500,0.001,0.004,-0.009,72
4085,-3.463,-3.396,1.500,0.001,0.010,-0.008,72
4086,-3.464,-3.395,1.500,0.001,0.012,-0.005,72
4087,-3.464,-3.394,1.500,0.001,0.012,-0.000,72
4088,-3.464,-3.393,1.500,0.001,0.009,0.002,72
4089,-3.464,-3.392,1.500,0.001,0.006,0.000,72
4090,-3.464,-3.390,1.500,0.001,0.004,-0.003,72
4091,-3.464,-3.389,1.500,0.001,0.002,-0.004,72
4092,-3.464,-3.388,1.500,0.001,0.001,-0.004,72
4093,-3.464,-3.387,1.500,0.001,0.001,-0.003,72
4094,-3.464,-3.386,1.500,0.001,0.001,0.001,72
4095,-3.464,-3.385,1.500,0.001,0.001,0.006,72
4096,-3.464,-3.384,1.500,0.001,0.002,0.011,72
4097,-3.464,-3.383,1.500,0.001,0.003,0.014,72
4098,-3.464,-3.382,1.500,0.001,0.002,0.012,72
4099,-3.463,-3.381,1.500,0.001,0.002,0.007,72
4100,-3.463,-3.380,1.500,0.001,0.002,-0.001,72
4101,-3.463,-3.379,1.500,0.001,0.001,-0.002,72
4102,-3.463,-3.378,1.500,0.001,-0.000,-0.002,72
4103,-3.463,-3.377,1.500,0.001,-0.000,-0.003,72
4104,-3.463,-3.376,1.500,0.001,0.001,-0.007,72
4105,-3.463,-3.375,1.500,0.001,0.002,-0.008,72
4106,-3.463,-3.373,1.500,0.001,0.003,-0.003,72
4107,-3.463,-3.372,1.500,0.001,0.002,0.008,72
4108,-3.463,-3.371,1.500,0.001,0.001,0.020,72
4109,-3.463,-3.370,1.500,0.001,-0.000,0.030,72
4110,-3.463,-3.369,1.500,0.001,-0.001,0.033,72
4111,-3.462,-3.369,1.500,0.001,-0.012,-0.012,72
4112,-3.462,-3.368,1.500,0.001,-0.018,-0.043,72
4113,-3.462,-3.367,1.500,0.001,-0.019,-0.048,72
4114,-3.462,-3.366,1.500,0.001,-0.011,-0.033,72
4115,-3.463,-3.365,1.500,0.001,-0.005,-0.009,72
4116,-3.463,-3.363,1.500,0.001,0.003,0.015,72
4117,-3.463,-3.362,1.500,0.001,0.008,0.033,72
4118,-3.463,-3.361,1.500,0.001,-0.003,0.129,72
4119,-3.463,-3.360,1.500,0.001,-0.011,0.181,72
4120,-3.463,-3.360,1.500,0.001,-0.015,0.173,72
4121,-3.463,-3.361,1.500,0.001,-0.011,0.124,72
4122,-3.464,-3.362,1.500,0.001,-0.003,0.058,72
4123,-3.464,-3.363,1.500,0.001,0.006,0.002,72
4124,-3.464,-3.364,1.500,0.001,0.014,-0.027,72
4125,-3.464,-3.365,1.500,0.001,0.018,-0.033,72
4126,-3.464,-3.366,1.500,0.001,0.040,-0.059,72
4127,-3.464,-3.367,1.500,0.001,0.049,-0.064,72
4128,-3.464,-3.367,1.500,0.001,0.046,-0.046,72
4129,-3.464,-3.368,1.500,0.001,0.032,-0.017,72
4130,-3.463,-3.368,1.500,0.001,0.014,0.012,72
4131,-3.463,-3.369,1.500,0.001,0.000,0.030,72
4132,-3.462,-3.369,1.500,0.001,-0.007,0.036,72
4133,-3.462,-3.370,1.500,0.001,-0.007,0.030,72
4134,-3.461,-3.370,1.500,0.001,-0.001,0.019,72
4135,-3.461,-3.371,1.500,0.001,0.007,0.004,72
4136,-3.460,-3.372,1.500,0.001,0.010,-0.016,72
4137,-3.460,-3.373,1.500,0.001,0.011,-0.039,72
4138,-3.459,-3.373,1.500,0.001,-0.013,-0.024,72
4139,-3.459,-3.374,1.500,0.001,-0.023,-0.077,72
4140,-3.458,-3.374,1.500,0.001,-0.023,-0.109,72
4141,-3.458,-3.374,1.500,0.001,-0.017,-0.107,72
4142,-3.457,-3.374,1.500,0.001,0.001,-0.053,72
4143,-3.457,-3.373,1.500,0.001,0.015,-0.001,72
4144,-3.457,-3.372,1.500,0.001,0.018,0.034,72
4145,-3.456,-3.372,1.500,0.001,0.010,0.047,72
4146,-3.456,-3.371,1.500,0.001,-0.003,0.041,72
4147,-3.455,-3.371,1.500,0.001,-0.014,0.025,72
4148,-3.455,-3.371,1.500,0.001,-0.019,0.008,72
4149,-3.455,-3.371,1.500,0.001,-0.027,-0.031,72
4150,-3.454,-3.370,1.500,0.001,-0.026,-0.055,72
4151,-3.454,-3.370,1.500,0.001,-0.020,-0.056,72
4152,-3.454,-3.369,1.500,0.001,-0.011,-0.039,72
4153,-3.454,-3.369,1.500,0.001,-0.003,-0.017,72
4154,-3.454,-3.368,1.500,0.001,0.001,0.006,72
4155,-3.454,-3.367,1.500,0.001,-0.001,0.025,72
4156,-3.454,-3.366,1.500,0.001,-0.006,0.038,72
4157,-3.454,-3.366,1.500,0.001,-0.016,0.080,72
4158,-3.454,-3.365,1.500,0.001,-0.023,0.099,72
4159,-3.454,-3.365,1.500,0.001,-0.025,0.090,72
4160,-3.454,-3.366,1.500,0.001,-0.020,0.065,72
4161,-3.455,-3.366,1.500,0.001,-0.002,0.025,72
4162,-3.455,-3.367,1.500,0.001,0.013,-0.008,72
4163,-3.455,-3.368,1.500,0.001,0.013,-0.023,72
4164,-3.455,-3.368,1.500,0.001,0.008,-0.029,72
4165,-3.455,-3.369,1.500,0.001,-0.001,-0.027,72
4166,-3.456,-3.369,1.500,0.001,-0.005,-0.020,72
4167,-3.456,-3.369,1.500,0.001,-0.009,-0.009,72
4168,-3.456,-3.369,1.500,0.001,-0.011,0.001,72
4169,-3.456,-3.370,1.500,0.001,-0.008,0.007,72
4170,-3.457,-3.370,1.500,0.001,-0.006,0.009,72
4171,-3.457,-3.370,1.500,0.001,-0.003,0.008,72
4172,-3.457,-3.371,1.500,0.001,0.001,0.007,72
4173,-3.457,-3.371,1.500,0.001,-0.000,0.004,72
4174,-3.458,-3.371,1.500,0.001,-0.001,-0.001,72
4175,-3.458,-3.372,1.500,0.001,-0.000,-0.006,72
4176,-3.458,-3.372,1.500,0.001,-0.004,-0.015,72
4177,-3.459,-3.372,1.500,0.001,-0.003,-0.022,72
4178,-3.459,-3.373,1.500,0.001,-0.001,-0.026,72
4179,-3.459,-3.373,1.500,0.001,-0.001,-0.020,72
4180,-3.460,-3.373,1.500,0.001,-0.001,-0.011,72
4181,-3.460,-3.373,1.500,0.001,0.001,-0.011,72
4182,-3.461,-3.373,1.500,0.001,0.004,-0.018,72
4183,-3.461,-3.373,1.500,0.001,0.003,-0.019,72
4184,-3.461,-3.373,1.500,0.001,0.000,-0.011,72
4185,-3.462,-3.373,1.500,0.001,-0.003,-0.004,72
4186,-3.462,-3.372,1.500,0.001,-0.006,0.005,72
4187,-3.462,-3.372,1.500,0.001,-0.009,0.012,72
4188,-3.463,-3.372,1.500,0.001,-0.011,0.015,72
4189,-3.463,-3.372,1.500,0.001,-0.012,0.010,72
4190,-3.464,-3.372,1.500,0.001,-0.010,0.007,72
4191,-3.464,-3.372,1.500,0.001,-0.006,0.003,72
4192,-3.465,-3.372,1.500,0.001,-0.001,-0.001,72
4193,-3.465,-3.372,1.500,0.001,0.005,-0.003,72
4194,-3.466,-3.372,1.500,0.001,0.007,-0.004,72
4195,-3.466,-3.372,1.500,0.001,0.006,-0.003,72
4196,-3.467,-3.372,1.500,0.001,0.003,-0.001,72
4197,-3.467,-3.372,1.500,0.001,0.000,-0.002,72
4198,-3.468,-3.372,1.500,0.001,-0.001,-0.003,72
4199,-3.468,-3.372,1.500,0.001,0.001,-0.003,72
4200,-3.469,-3.372,1.500,0.001,0.002,-0.004,72
4201,-3.469,-3.372,1.500,0.001,0.004,-0.004,72
4202,-3.469,-3.371,1.500,0.001,0.007,-0.009,72
4203,-3.470,-3.371,1.500,0.001,0.015,-0.026,72
4204,-3.470,-3.371,1.500,0.001,0.021,-0.043,72
4205,-3.471,-3.371,1.500,0.001,0.023,-0.051,72
4206,-3.471,-3.370,1.500,0.001,0.018,-0.043,72
4207,-3.471,-3.370,1.500,0.001,0.009,-0.024,72
4208,-3.471,-3.369,1.500,0.001,0.003,-0.003,72
4209,-3.471,-3.368,1.500,0.001,-0.003,0.011,72
4210,-3.471,-3.367,1.500,0.001,-0.008,0.017,72
4211,-3.472,-3.367,1.500,0.001,-0.008,0.019,72
4212,-3.472,-3.366,1.500,0.001,-0.007,0.018,72
4213,-3.472,-3.365,1.500,0.001,-0.003,0.016,72
4214,-3.472,-3.365,1.500,0.001,-0.001,0.012,72
4215,-3.472,-3.364,1.500,0.001,0.002,0.010,72
4216,-3.473,-3.364,1.500,0.001,0.003,0.010,72
4217,-3.473,-3.363,1.500,0.001,0.001,0.010,72
4218,-3.473,-3.363,1.500,0.001,0.000,0.013,72
4219,-3.473,-3.363,1.500,0.001,-0.002,0.013,72
4220,-3.474,-3.362,1.500,0.001,-0.003,0.013,72
4221,-3.474,-3.362,1.500,0.001,-0.002,0.012,72
4222,-3.474,-3.362,1.500,0.001,0.001,0.012,72
4223,-3.474,-3.362,1.500,0.001,0.003,0.012,72
4224,-3.475,-3.362,1.500,0.001,0.005,0.009,72
4225,-3.475,-3.362,1.500,0.001,0.004,0.006,72
4226,-3.475,-3.361,1.500,0.001,0.003,0.010,72
4227,-3.475,-3.361,1.500,0.001,0.003,0.018,72
4228,-3.475,-3.361,1.500,0.001,0.001,0.021,72
4229,-3.475,-3.362,1.500,0.001,0.001,0.017,72
4230,-3.476,-3.362,1.500,0.001,0.002,0.013,72
4231,-3.476,-3.362,1.500,0.001,0.003,0.010,72
4232,-3.476,-3.362,1.500,0.001,0.002,0.009,72
4233,-3.476,-3.362,1.500,0.001,0.003,0.011,72
4234,-3.476,-3.363,1.500,0.001,0.003,0.014,72
4235,-3.476,-3.363,1.500,0.001,0.002,0.015,72
4236,-3.476,-3.363,1.500,0.001,0.001,0.017,72
4237,-3.477,-3.364,1.500,0.001,-0.001,0.018,72
4238,-3.477,-3.364,1.500,0.001,-0.002,0.016,72
4239,-3.477,-3.365,1.500,0.001,-0.003,0.013,72
4240,-3.477,-3.366,1.500,0.001,-0.002,0.007,72
4241,-3.477,-3.366,1.500,0.001,-0.002,0.002,72
4242,-3.477,-3.367,1.500,0.001,0.000,-0.000,72
4243,-3.477,-3.368,1.500,0.001,0.001,-0.000,72
4244,-3.478,-3.368,1.500,0.001,0.003,-0.000,72
4245,-3.478,-3.369,1.500,0.001,0.002,0.001,72
4246,-3.478,-3.370,1.500,0.001,0.002,-0.002,72
4247,-3.478,-3.370,1.500,0.001,0.003,-0.005,72
4248,-3.478,-3.371,1.500,0.001,0.004,-0.009,72
4249,-3.478,-3.371,1.500,0.001,0.005,-0.012,72
4250,-3.478,-3.372,1.500,0.001,0.005,-0.012,72
4251,-3.478,-3.373,1.500,0.001,0.004,-0.007,72
4252,-3.478,-3.373,1.500,0.001,0.002,-0.001,72
4253,-3.478,-3.374,1.500,0.001,0.000,0.005,72
4254,-3.478,-3.374,1.500,0.001,-0.001,0.009,72
4255,-3.479,-3.375,1.500,0.001,-0.002,0.010,72
4256,-3.479,-3.375,1.500,0.001,-0.002,0.009,72
4257,-3.479,-3.376,1.500,0.001,0.000,0.008,72
4258,-3.479,-3.377,1.500,0.001,0.002,0.003,72
4259,-3.479,-3.377,1.500,0.001,0.001,-0.006,72
4260,-3.479,-3.378,1.500,0.001,-0.000,-0.017,72
4261,-3.479,-3.379,1.500,0.001,-0.002,-0.026,72
4262,-3.479,-3.379,1.500,0.001,-0.003,-0.030,72
4263,-3.479,-3.379,1.500,0.001,-0.004,-0.031,72
4264,-3.479,-3.380,1.500,0.001,0.002,-0.033,72
4265,-3.479,-3.380,1.500,0.001,0.006,-0.029,72
4266,-3.479,-3.380,1.500,0.001,0.008,-0.019,72
4267,-3.479,-3.380,1.500,0.001,0.007,-0.008,72
4268,-3.479,-3.380,1.500,0.001,0.003,-0.007,72
4269,-3.479,-3.380,1.500,0.001,-0.001,-0.008,72
4270,-3.479,-3.380,1.500,0.001,-0.003,-0.013,72
4271,-3.479,-3.380,1.500,0.001,-0.002,-0.016,72
4272,-3.479,-3.380,1.500,0.001,-0.001,-0.017,72
4273,-3.479,-3.379,1.500,0.001,0.005,-0.015,72
4274,-3.479,-3.379,1.500,0.001,0.015,-0.013,72
4275,-3.479,-3.379,1.500,0.001,0.028,-0.013,72
4276,-3.479,-3.379,1.500,0.001,0.038,-0.026,72
4277,-3.479,-3.378,1.500,0.001,0.037,-0.047,72
4278,-3.478,-3.377,1.500,0.001,0.024,-0.059,72
4279,-3.478,-3.377,1.500,0.001,0.004,-0.055,72
4280,-3.477,-3.376,1.500,0.001,-0.018,-0.036,72
4281,-3.477,-3.375,1.500,0.001,-0.034,-0.004,72
4282,-3.477,-3.373,1.500,0.001,-0.041,0.030,72
4283,-3.476,-3.372,1.500,0.001,-0.035,0.049,72
4284,-3.476,-3.371,1.500,0.001,-0.022,0.051,72
4285,-3.476,-3.371,1.500,0.001,-0.006,0.042,72
4286,-3.476,-3.370,1.500,0.001,0.006,0.028,72
4287,-3.476,-3.370,1.500,0.001,0.013,0.014,72
4288,-3.476,-3.369,1.500,0.001,0.013,0.004,72
4289,-3.476,-3.369,1.500,0.001,0.008,0.001,72
4290,-3.476,-3.368,1.500,0.001,0.002,0.002,72
4291,-3.476,-3.368,1.500,0.001,-0.003,0.004,72
4292,-3.476,-3.368,1.500,0.001,-0.007,0.010,72
4293,-3.476,-3.367,1.500,0.001,-0.004,0.013,72
4294,-3.476,-3.367,1.500,0.001,0.001,0.014,72
4295,-3.476,-3.367,1.500,0.001,0.011,0.012,72
4296,-3.476,-3.366,1.500,0.001,0.020,0.009,72
4297,-3.475,-3.366,1.500,0.001,0.029,0.009,72
4298,-3.475,-3.366,1.500,0.001,0.029,0.016,72
4299,-3.475,-3.366,1.500,0.001,0.025,0.019,72
4300,-3.474,-3.366,1.500,0.001,0.026,0.023,72
4301,-3.474,-3.366,1.500,0.001,0.019,0.016,72
4302,-3.473,-3.366,1.500,0.001,0.013,0.013,72
4303,-3.472,-3.366,1.500,0.001,0.008,0.013,72
4304,-3.472,-3.366,1.500,0.001,0.002,0.014,72
4305,-3.471,-3.366,1.500,0.001,-0.002,0.016,72
4306,-3.470,-3.367,1.500,0.001,-0.004,0.018,72
4307,-3.470,-3.367,1.500,0.001,-0.005,0.017,72
4308,-3.469,-3.367,1.500,0.001,-0.006,0.015,72
4309,-3.468,-3.368,1.500,0.001,-0.008,0.011,72
4310,-3.468,-3.368,1.500,0.001,-0.012,-0.001,72
4311,-3.467,-3.369,1.500,0.001,-0.032,0.002,72
4312,-3.467,-3.369,1.500,0.001,-0.044,0.003,72
4313,-3.466,-3.370,1.500,0.001,-0.044,0.003,72
4314,-3.466,-3.370,1.500,0.001,-0.034,0.004,72
4315,-3.466,-3.371,1.500,0.001,-0.020,0.006,72
4316,-3.466,-3.371,1.500,0.001,-0.008,0.003,72
4317,-3.466,-3.372,1.500,0.001,0.000,-0.001,72
4318,-3.466,-3.373,1.500,0.001,0.007,-0.013,72
4319,-3.466,-3.373,1.500,0.001,0.009,-0.019,72
4320,-3.466,-3.374,1.500,0.001,0.005,-0.021,72
4321,-3.466,-3.374,1.500,0.001,-0.001,-0.015,72
4322,-3.466,-3.374,1.500,0.001,-0.008,-0.006,72
4323,-3.466,-3.375,1.500,0.001,-0.017,0.004,72
4324,-3.466,-3.375,1.500,0.001,-0.023,0.005,72
4325,-3.466,-3.375,1.500,0.001,-0.021,0.001,72
4326,-3.466,-3.376,1.500,0.001,-0.014,-0.003,72
4327,-3.467,-3.376,1.500,0.001,-0.004,-0.006,72
4328,-3.467,-3.376,1.500,0.001,0.003,-0.006,72
4329,-3.467,-3.377,1.500,0.001,0.007,-0.002,72
4330,-3.467,-3.377,1.500,0.001,0.007,0.004,72
4331,-3.468,-3.377,1.500,0.001,0.005,0.007,72
4332,-3.468,-3.378,1.500,0.001,0.001,0.008,72
4333,-3.468,-3.378,1.500,0.001,-0.002,0.006,72
4334,-3.468,-3.378,1.500,0.001,-0.003,-0.001,72
4335,-3.468,-3.379,1.500,0.001,-0.001,-0.011,72
4336,-3.469,-3.379,1.500,0.001,0.003,-0.022,72
4337,-3.469,-3.379,1.500,0.001,0.009,-0.036,72
4338,-3.469,-3.379,1.500,0.001,0.013,-0.046,72
4339,-3.469,-3.379,1.500,0.001,0.015,-0.049,72
4340,-3.469,-3.379,1.500,0.001,0.014,-0.045,72
4341,-3.469,-3.379,1.500,0.001,0.015,-0.034,72
4342,-3.469,-3.379,1.501,0.001,0.017,-0.021,72
4343,-3.469,-3.378,1.501,0.001,0.017,-0.009,72
4344,-3.469,-3.377,1.501,0.001,0.013,-0.000,72
4345,-3.469,-3.377,1.501,0.001,0.006,0.003,72
4346,-3.469,-3.376,1.501,0.001,0.001,0.003,72
4347,-3.469,-3.376,1.501,0.001,-0.001,0.001,72
4348,-3.468,-3.375,1.501,0.001,-0.001,-0.002,72
4349,-3.468,-3.375,1.501,0.001,-0.000,-0.006,72
4350,-3.468,-3.374,1.501,0.001,0.002,-0.004,72
4351,-3.468,-3.374,1.501,0.001,0.005,-0.001,72
4352,-3.468,-3.373,1.501,0.001,0.008,0.001,72
4353,-3.467,-3.372,1.501,0.001,0.011,0.001,72
4354,-3.467,-3.372,1.501,0.001,0.010,0.000,72
4355,-3.467,-3.371,1.501,0.001,0.007,0.001,72
4356,-3.466,-3.371,1.501,0.001,0.003,0.003,72
4357,-3.466,-3.370,1.501,0.001,-0.002,0.006,72
4358,-3.466,-3.370,1.501,0.001,-0.006,0.008,72
4359,-3.465,-3.369,1.501,0.001,-0.010,0.010,72
4360,-3.465,-3.369,1.501,0.001,-0.012,0.011,72
4361,-3.465,-3.368,1.501,0.001,-0.013,0.011,72
4362,-3.464,-3.368,1.501,0.001,-0.014,0.012,72
4363,-3.464,-3.367,1.501,0.001,-0.013,0.013,72
4364,-3.464,-3.367,1.501,0.001,-0.014,0.011,72
4365,-3.464,-3.367,1.501,0.001,-0.014,0.011,72
4366,-3.464,-3.366,1.501,0.001,-0.012,0.011,72
4367,-3.464,-3.366,1.501,0.001,-0.009,0.013,72
4368,-3.464,-3.366,1.501,0.001,-0.009,0.017,72
4369,-3.464,-3.366,1.501,0.001,-0.010,0.021,72
4370,-3.464,-3.366,1.501,0.001,-0.008,0.020,72
4371,-3.464,-3.366,1.501,0.001,-0.006,0.019,72
4372,-3.465,-3.366,1.501,0.001,-0.005,0.018,72
4373,-3.465,-3.366,1.501,0.001,-0.005,0.018,72
4374,-3.465,-3.366,1.501,0.001,-0.004,0.016,72
4375,-3.465,-3.367,1.501,0.001,-0.002,0.014,72
4376,-3.465,-3.367,1.501,0.001,0.001,0.013,72
4377,-3.466,-3.367,1.501,0.001,0.004,0.010,72
4378,-3.466,-3.368,1.501,0.001,0.006,0.006,72
4379,-3.466,-3.368,1.501,0.001,0.006,-0.001,72
4380,-3.466,-3.369,1.501,0.001,0.006,-0.008,72
4381,-3.466,-3.369,1.501,0.001,0.005,-0.013,72
4382,-3.467,-3.369,1.501,0.001,0.004,-0.014,72
4383,-3.467,-3.370,1.501,0.001,0.003,-0.011,72
4384,-3.467,-3.370,1.501,0.001,0.003,-0.005,72
4385,-3.467,-3.370,1.501,0.001,0.003,0.001,72
4386,-3.467,-3.370,1.501,0.001,0.004,0.007,72
4387,-3.467,-3.371,1.501,0.001,0.004,0.011,72
4388,-3.467,-3.371,1.501,0.001,0.005,0.013,72
4389,-3.467,-3.371,1.501,0.001,0.005,0.013,72
4390,-3.467,-3.372,1.501,0.001,0.004,0.011,72
4391,-3.467,-3.372,1.501,0.001,0.003,0.007,72
4392,-3.467,-3.373,1.501,0.001,0.001,0.003,72
4393,-3.467,-3.373,1.501,0.001,0.000,-0.002,72
4394,-3.467,-3.373,1.501,0.001,-0.001,-0.007,72
4395,-3.467,-3.374,1.501,0.001,-0.002,-0.008,72
4396,-3.467,-3.374,1.501,0.001,-0.002,-0.008,72
4397,-3.467,-3.375,1.501,0.001,-0.002,-0.005,72
4398,-3.467,-3.375,1.501,0.001,-0.001,-0.002,72
4399,-3.467,-3.375,1.501,0.001,0.002,-0.002,72
4400,-3.467,-3.376,1.501,0.001,0.005,-0.008,72
4401,-3.467,-3.376,1.501,0.001,0.008,-0.014,72
4402,-3.467,-3.376,1.501,0.001,0.014,-0.019,72
4403,-3.467,-3.377,1.501,0.001,0.019,-0.020,72
4404,-3.467,-3.377,1.501,0.001,0.016,-0.019,72
4405,-3.467,-3.377,1.501,0.001,0.013,-0.014,72
4406,-3.467,-3.377,1.501,0.001,0.010,-0.006,72
4407,-3.466,-3.377,1.501,0.001,0.007,-0.000,72
4408,-3.466,-3.377,1.501,0.001,0.004,0.004,72
4409,-3.466,-3.377,1.501,0.001,0.003,0.012,72
4410,-3.465,-3.377,1.501,0.001,0.002,0.017,72
4411,-3.465,-3.377,1.501,0.001,0.004,0.017,72
4412,-3.465,-3.377,1.501,0.001,0.009,0.015,72
4413,-3.464,-3.378,1.501,0.001,0.015,0.014,72
4414,-3.464,-3.378,1.501,0.001,0.021,0.012,72
4415,-3.463,-3.378,1.501,0.001,0.024,0.017,72
4416,-3.463,-3.379,1.501,0.001,0.024,0.023,72
4417,-3.462,-3.379,1.501,0.001,0.023,0.027,72
4418,-3.461,-3.380,1.501,0.001,0.020,0.019,72
4419,-3.461,-3.380,1.501,0.001,0.017,-0.001,72
4420,-3.460,-3.381,1.501,0.001,0.011,-0.020,72
4421,-3.459,-3.381,1.501,0.001,-0.017,0.007,72
4422,-3.458,-3.382,1.501,0.001,-0.037,0.032,72
4423,-3.457,-3.383,1.501,0.001,-0.024,0.011,72
4424,-3.457,-3.383,1.501,0.001,-0.004,-0.011,72
4425,-3.456,-3.384,1.501,0.001,-0.009,0.009,72
4426,-3.455,-3.385,1.501,0.001,-0.014,0.025,72
4427,-3.455,-3.386,1.501,0.001,-0.015,0.027,72
4428,-3.454,-3.387,1.501,0.001,-0.014,0.014,72
4429,-3.454,-3.387,1.501,0.001,-0.010,-0.086,72
4430,-3.453,-3.388,1.501,0.001,-0.012,-0.160,72
4431,-3.453,-3.388,1.501,0.001,-0.013,-0.173,72
4432,-3.452,-3.388,1.501,0.001,-0.006,-0.131,72
4433,-3.452,-3.387,1.501,0.001,0.001,-0.065,72
4434,-3.452,-3.386,1.501,0.001,-0.003,-0.008,72
4435,-3.451,-3.385,1.501,0.001,-0.013,0.025,72
4436,-3.451,-3.384,1.501,0.001,-0.024,0.035,72
4437,-3.451,-3.383,1.501,0.001,-0.036,0.027,72
4438,-3.451,-3.382,1.501,0.001,-0.038,0.010,72
4439,-3.451,-3.381,1.501,0.001,-0.031,-0.022,72
4440,-3.451,-3.380,1.501,0.001,0.003,-0.005,72
4441,-3.451,-3.379,1.501,0.001,0.033,0.015,72
4442,-3.451,-3.378,1.501,0.001,0.053,0.028,72
4443,-3.451,-3.377,1.501,0.001,0.057,0.031,72
4444,-3.451,-3.376,1.501,0.001,0.047,0.025,72
4445,-3.450,-3.376,1.501,0.001,0.029,0.013,72
4446,-3.450,-3.375,1.501,0.001,0.011,0.002,72
4447,-3.449,-3.375,1.501,0.001,-0.002,-0.006,72
4448,-3.448,-3.374,1.501,0.001,-0.009,-0.010,72
4449,-3.448,-3.373,1.501,0.001,-0.009,-0.010,72
4450,-3.447,-3.373,1.501,0.001,-0.005,-0.005,72
4451,-3.446,-3.372,1.501,0.001,0.002,0.005,72
4452,-3.446,-3.371,1.501,0.001,-0.006,-0.037,72
4453,-3.445,-3.370,1.501,0.001,-0.012,-0.061,72
4454,-3.445,-3.369,1.501,0.001,-0.012,-0.060,72
4455,-3.444,-3.368,1.501,0.001,-0.006,-0.041,72
4456,-3.444,-3.367,1.501,0.001,0.004,-0.018,72
4457,-3.443,-3.365,1.501,0.001,0.014,0.001,72
4458,-3.443,-3.364,1.501,0.001,0.023,0.009,72
4459,-3.442,-3.363,1.501,0.001,0.028,0.009,72
4460,-3.441,-3.361,1.501,0.001,0.028,0.004,72
4461,-3.441,-3.360,1.501,0.001,0.022,0.000,72
4462,-3.440,-3.358,1.501,0.001,0.014,0.002,72
4463,-3.439,-3.357,1.501,0.001,0.007,0.008,72
4464,-3.438,-3.356,1.501,0.001,0.001,0.018,72
4465,-3.437,-3.354,1.501,0.001,-0.013,0.144,72
4466,-3.436,-3.354,1.501,0.001,-0.021,0.224,72
4467,-3.435,-3.354,1.501,0.001,-0.022,0.228,72
4468,-3.434,-3.354,1.501,0.001,0.010,0.122,72
4469,-3.434,-3.355,1.501,0.001,0.034,0.004,72
4470,-3.433,-3.357,1.501,0.001,0.038,-0.078,72
4471,-3.432,-3.358,1.501,0.001,0.023,-0.108,72
4472,-3.430,-3.358,1.501,0.001,-0.001,-0.092,72
4473,-3.429,-3.358,1.501,0.001,-0.025,-0.049,72
4474,-3.428,-3.359,1.501,0.001,-0.042,0.003,72
4475,-3.427,-3.359,1.501,0.001,-0.048,0.044,72
4476,-3.427,-3.359,1.501,0.001,-0.044,0.063,72
4477,-3.426,-3.359,1.501,0.001,-0.034,0.058,72
4478,-3.425,-3.360,1.501,0.001,-0.022,0.035,72
4479,-3.425,-3.361,1.501,0.001,-0.032,0.038,72
4480,-3.425,-3.362,1.501,0.001,-0.039,0.031,72
4481,-3.425,-3.363,1.501,0.001,-0.040,0.012,72
4482,-3.424,-3.364,1.501,0.001,-0.034,-0.011,72
4483,-3.425,-3.365,1.501,0.001,-0.022,-0.031,72
4484,-3.425,-3.366,1.501,0.001,-0.009,-0.045,72
4485,-3.425,-3.367,1.501,0.001,0.007,-0.109,72
4486,-3.425,-3.367,1.501,0.001,0.013,-0.142,72
4487,-3.425,-3.367,1.501,0.001,0.006,-0.133,72
4488,-3.425,-3.367,1.501,0.001,-0.010,-0.093,72
4489,-3.425,-3.366,1.501,0.001,-0.028,-0.040,72
4490,-3.426,-3.365,1.501,0.001,-0.041,0.009,72
4491,-3.426,-3.364,1.501,0.001,-0.046,0.043,72
4492,-3.427,-3.363,1.501,0.001,-0.044,0.056,72
4493,-3.427,-3.362,1.501,0.001,-0.036,0.051,72
4494,-3.428,-3.362,1.501,0.001,-0.026,0.034,72
4495,-3.429,-3.361,1.501,0.001,-0.018,0.014,72
4496,-3.430,-3.361,1.501,0.001,-0.013,-0.000,72
4497,-3.431,-3.361,1.501,0.001,-0.011,-0.008,72
4498,-3.432,-3.361,1.501,0.001,-0.010,-0.010,72
4499,-3.433,-3.360,1.501,0.001,-0.011,-0.006,72
4500,-3.434,-3.360,1.501,0.001,-0.009,0.001,72
4501,-3.435,-3.359,1.501,0.001,-0.006,0.008,72
4502,-3.437,-3.359,1.501,0.001,-0.001,0.011,72
4503,-3.438,-3.359,1.501,0.001,0.005,0.010,72
4504,-3.439,-3.359,1.501,0.001,0.008,0.008,72
4505,-3.440,-3.358,1.501,0.001,0.010,0.008,72
4506,-3.441,-3.358,1.501,0.001,0.010,0.010,72
4507,-3.442,-3.358,1.501,0.001,0.009,0.013,72
4508,-3.444,-3.358,1.501,0.001,0.007,0.014,72
4509,-3.445,-3.358,1.501,0.001,0.006,0.010,72
4510,-3.446,-3.358,1.501,0.001,0.007,0.003,72
4511,-3.447,-3.357,1.501,0.001,0.009,-0.005,72
4512,-3.448,-3.357,1.501,0.001,0.010,-0.008,72
4513,-3.449,-3.357,1.501,0.001,0.010,-0.008,72
4514,-3.449,-3.357,1.501,0.001,0.009,-0.006,72
4515,-3.450,-3.357,1.501,0.001,0.008,-0.002,72
4516,-3.451,-3.357,1.501,0.001,0.008,0.001,72
4517,-3.452,-3.357,1.501,0.001,0.007,0.004,72
4518,-3.453,-3.357,1.501,0.001,0.007,0.005,72
4519,-3.454,-3.356,1.501,0.001,0.006,0.006,72
4520,-3.454,-3.356,1.501,0.001,0.008,0.006,72
4521,-3.455,-3.356,1.501,0.001,0.012,0.007,72
4522,-3.456,-3.356,1.501,0.001,0.016,0.009,72
4523,-3.456,-3.356,1.501,0.001,0.018,0.011,72
4524,-3.457,-3.356,1.501,0.001,0.017,0.012,72
4525,-3.458,-3.356,1.501,0.001,0.014,0.010,72
4526,-3.458,-3.356,1.501,0.001,0.010,0.007,72
4527,-3.458,-3.356,1.501,0.001,0.007,0.003,72
4528,-3.459,-3.357,1.501,0.001,0.006,0.002,72
4529,-3.459,-3.357,1.501,0.001,0.006,0.003,72
4530,-3.460,-3.357,1.501,0.001,0.007,0.002,72
4531,-3.460,-3.357,1.501,0.001,0.010,-0.007,72
4532,-3.460,-3.357,1.501,0.001,0.013,-0.021,72
4533,-3.461,-3.357,1.501,0.001,0.014,-0.031,72
4534,-3.461,-3.357,1.501,0.001,0.014,-0.034,72
4535,-3.461,-3.357,1.501,0.001,0.011,-0.028,72
4536,-3.461,-3.357,1.501,0.001,0.007,-0.015,72
4537,-3.461,-3.356,1.501,0.001,0.002,-0.001,72
4538,-3.461,-3.356,1.501,0.001,-0.001,0.012,72
4539,-3.462,-3.356,1.501,0.001,-0.004,0.019,72
4540,-3.462,-3.355,1.501,0.001,-0.004,0.020,72
4541,-3.462,-3.355,1.501,0.001,-0.003,0.019,72
4542,-3.462,-3.355,1.501,0.001,-0.000,0.015,72
4543,-3.462,-3.355,1.501,0.001,0.008,0.010,72
4544,-3.462,-3.355,1.501,0.001,0.013,0.004,72
4545,-3.462,-3.355,1.501,0.001,0.014,-0.000,72
4546,-3.462,-3.355,1.501,0.001,0.010,-0.003,72
4547,-3.462,-3.355,1.501,0.001,0.002,-0.009,72
4548,-3.462,-3.355,1.501,0.001,-0.005,-0.017,72
4549,-3.462,-3.355,1.501,0.001,-0.008,-0.025,72
4550,-3.462,-3.355,1.501,0.001,-0.008,-0.029,72
4551,-3.462,-3.355,1.501,0.001,-0.006,-0.031,72
4552,-3.463,-3.354,1.501,0.001,-0.002,-0.027,72
4553,-3.463,-3.354,1.501,0.001,-0.000,-0.021,72
4554,-3.463,-3.353,1.501,0.001,0.001,-0.015,72
4555,-3.463,-3.353,1.501,0.001,0.000,-0.007,72
4556,-3.463,-3.352,1.501,0.001,-0.001,0.001,72
4557,-3.463,-3.351,1.501,0.001,-0.002,0.011,72
4558,-3.463,-3.351,1.501,0.001,-0.003,0.018,72
4559,-3.463,-3.350,1.501,0.001,-0.003,0.021,72
4560,-3.463,-3.350,1.501,0.001,-0.002,0.018,72
4561,-3.463,-3.349,1.501,0.001,-0.003,0.014,72
4562,-3.464,-3.349,1.501,0.001,-0.004,0.010,72
4563,-3.464,-3.349,1.501,0.001,-0.006,0.009,72
4564,-3.464,-3.348,1.501,0.001,-0.008,0.011,72
4565,-3.464,-3.348,1.501,0.001,-0.009,0.015,72
4566,-3.464,-3.348,1.501,0.001,-0.010,0.018,72
4567,-3.465,-3.348,1.501,0.001,-0.008,0.020,72
4568,-3.465,-3.348,1.501,0.001,-0.005,0.018,72
4569,-3.465,-3.348,1.501,0.001,-0.001,0.013,72
4570,-3.466,-3.348,1.501,0.001,0.002,0.008,72
4571,-3.466,-3.348,1.501,0.001,0.003,0.007,72
4572,-3.466,-3.348,1.501,0.001,0.002,0.012,72
4573,-3.466,-3.348,1.501,0.001,0.000,0.020,72
4574,-3.467,-3.348,1.501,0.001,-0.001,0.029,72
4575,-3.467,-3.348,1.501,0.001,-0.001,0.037,72
4576,-3.467,-3.349,1.501,0.001,0.000,0.039,72
4577,-3.468,-3.349,1.501,0.001,0.002,0.036,72
4578,-3.468,-3.350,1.501,0.001,0.003,0.030,72
4579,-3.468,-3.351,1.501,0.001,0.003,0.026,72
4580,-3.469,-3.352,1.501,0.001,0.002,0.024,72
4581,-3.469,-3.353,1.501,0.001,0.002,0.023,72
4582,-3.469,-3.354,1.501,0.001,0.002,0.024,72
4583,-3.469,-3.355,1.501,0.001,0.003,0.025,72
4584,-3.470,-3.356,1.501,0.001,0.013,0.026,72
4585,-3.470,-3.357,1.501,0.001,0.176,0.031,72
4586,-3.469,-3.359,1.501,0.001,0.302,0.025,72
4587,-3.468,-3.360,1.501,0.001,0.331,-0.005,72
4588,-3.465,-3.362,1.501,0.001,0.257,-0.048,72
4589,-3.462,-3.363,1.501,0.001,0.113,-0.090,72
4590,-3.458,-3.364,1.501,0.001,-0.021,-0.115,72
4591,-3.454,-3.365,1.501,0.001,-0.107,-0.116,72
4592,-3.451,-3.365,1.501,0.001,-0.140,-0.091,72
4593,-3.448,-3.365,1.501,0.001,-0.130,-0.051,72
4594,-3.445,-3.365,1.501,0.001,-0.094,-0.007,72
4595,-3.443,-3.364,1.501,0.001,-0.046,0.029,72
4596,-3.441,-3.364,1.501,0.001,-0.003,0.047,72
4597,-3.439,-3.364,1.501,0.001,0.030,0.048,72
4598,-3.437,-3.364,1.501,0.001,0.044,0.042,72
4599,-3.434,-3.365,1.501,0.001,0.039,0.033,72
4600,-3.432,-3.365,1.501,0.001,0.022,0.025,72
4601,-3.429,-3.366,1.501,0.001,0.005,0.018,72
4602,-3.427,-3.366,1.501,0.001,-0.007,0.015,72
4603,-3.424,-3.367,1.501,0.001,-0.009,0.013,72
4604,-3.422,-3.367,1.501,0.001,-0.005,0.012,72
4605,-3.419,-3.368,1.501,0.001,0.005,0.012,72
4606,-3.417,-3.369,1.502,0.001,0.014,0.013,72
4607,-3.414,-3.370,1.502,0.001,0.021,0.015,72
4608,-3.412,-3.370,1.502,0.001,0.026,0.015,72
4609,-3.409,-3.371,1.502,0.001,0.033,0.015,72
4610,-3.406,-3.372,1.502,0.001,0.038,0.014,72
4611,-3.403,-3.373,1.502,0.001,0.036,0.014,72
4612,-3.400,-3.374,1.502,0.001,0.029,0.013,72
4613,-3.397,-3.375,1.502,0.001,0.018,0.011,72
4614,-3.393,-3.377,1.502,0.001,0.013,0.009,72
4615,-3.390,-3.378,1.502,0.001,0.009,0.008,72
4616,-3.386,-3.379,1.502,0.001,0.009,0.007,72
4617,-3.383,-3.380,1.502,0.001,0.006,0.006,72
4618,-3.380,-3.381,1.502,0.001,0.004,0.009,72
4619,-3.376,-3.383,1.502,0.001,0.002,0.012,72
4620,-3.373,-3.384,1.502,0.001,-0.000,0.012,72
4621,-3.369,-3.385,1.502,0.001,-0.002,0.011,72
4622,-3.365,-3.387,1.502,0.001,-0.005,0.010,72
4623,-3.362,-3.388,1.502,0.001,-0.009,0.011,72
4624,-3.359,-3.390,1.502,0.001,-0.012,0.014,72
4625,-3.355,-3.391,1.502,0.001,-0.010,0.015,72
4626,-3.352,-3.393,1.502,0.001,-0.004,0.018,72
4627,-3.348,-3.395,1.502,0.001,0.003,0.024,72
4628,-3.345,-3.396,1.502,0.001,0.008,0.029,72
4629,-3.341,-3.398,1.502,0.001,0.009,0.033,72
4630,-3.338,-3.400,1.502,0.001,0.007,0.036,72
4631,-3.334,-3.402,1.502,0.001,0.001,0.036,72
4632,-3.331,-3.404,1.502,0.001,-0.003,0.028,72
4633,-3.327,-3.407,1.502,0.001,-0.004,0.017,72
4634,-3.324,-3.409,1.502,0.001,-0.005,0.005,72
4635,-3.320,-3.412,1.502,0.001,-0.003,-0.001,72
4636,-3.317,-3.414,1.502,0.001,-0.001,-0.003,72
4637,-3.313,-3.416,1.502,0.001,0.000,-0.002,72
4638,-3.310,-3.419,1.502,0.001,-0.001,0.005,72
4639,-3.306,-3.421,1.502,0.001,-0.005,0.014,72
4640,-3.303,-3.424,1.502,0.001,-0.007,0.023,72
4641,-3.299,-3.426,1.502,0.001,-0.011,0.022,72
4642,-3.296,-3.429,1.502,0.001,-0.012,0.015,72
4643,-3.292,-3.432,1.503,0.001,-0.012,0.006,72
4644,-3.289,-3.434,1.503,0.001,-0.012,-0.004,72
4645,-3.286,-3.437,1.503,0.001,-0.006,-0.011,72
4646,-3.282,-3.440,1.503,0.001,-0.002,-0.013,72
4647,-3.279,-3.442,1.503,0.001,0.000,-0.012,72
4648,-3.276,-3.445,1.503,0.001,-0.000,-0.007,72
4649,-3.272,-3.448,1.503,0.001,-0.001,-0.001,72
4650,-3.269,-3.450,1.503,0.001,-0.001,0.003,72
4651,-3.266,-3.453,1.503,0.001,-0.004,0.005,72
4652,-3.262,-3.456,1.503,0.001,-0.004,0.004,72
4653,-3.259,-3.458,1.503,0.001,-0.007,-0.000,72
4654,-3.256,-3.461,1.503,0.001,-0.007,-0.004,72
4655,-3.252,-3.463,1.503,0.001,-0.009,-0.008,72
4656,-3.249,-3.466,1.503,0.001,-0.010,-0.011,72
4657,-3.246,-3.469,1.503,0.001,-0.009,-0.014,72
4658,-3.242,-3.471,1.503,0.001,-0.010,-0.015,72
4659,-3.239,-3.474,1.503,0.001,-0.009,-0.015,72
4660,-3.236,-3.476,1.503,0.001,-0.007,-0.013,72
4661,-3.233,-3.479,1.503,0.001,-0.007,-0.011,72
4662,-3.230,-3.481,1.503,0.001,-0.006,-0.009,72
4663,-3.227,-3.483,1.503,0.001,-0.008,-0.007,72
4664,-3.224,-3.486,1.503,0.001,-0.010,-0.007,72
4665,-3.221,-3.488,1.503,0.001,-0.013,-0.009,72
4666,-3.217,-3.490,1.503,0.001,-0.014,-0.010,72
4667,-3.215,-3.493,1.503,0.001,-0.015,-0.011,72
4668,-3.212,-3.495,1.503,0.001,-0.011,-0.013,72
4669,-3.209,-3.497,1.503,0.001,-0.009,-0.014,72
4670,-3.206,-3.499,1.503,0.001,-0.005,-0.013,72
4671,-3.203,-3.501,1.503,0.001,-0.003,-0.012,72
4672,-3.200,-3.503,1.503,0.001,-0.001,-0.009,72
4673,-3.197,-3.505,1.503,0.001,-0.002,-0.007,72
4674,-3.194,-3.507,1.503,0.001,-0.005,-0.005,72
4675,-3.192,-3.509,1.503,0.001,-0.005,-0.005,72
4676,-3.189,-3.511,1.503,0.001,-0.009,-0.006,72
4677,-3.186,-3.513,1.503,0.001,-0.009,-0.009,72
4678,-3.183,-3.515,1.503,0.001,-0.010,-0.013,72
4679,-3.180,-3.517,1.503,0.001,-0.014,-0.015,72
4680,-3.178,-3.519,1.503,0.001,-0.014,-0.016,72
4681,-3.175,-3.521,1.503,0.001,-0.014,-0.015,72
4682,-3.172,-3.523,1.503,0.001,-0.015,-0.013,72
4683,-3.170,-3.524,1.503,0.001,-0.010,-0.011,72
4684,-3.167,-3.526,1.503,0.001,-0.002,-0.008,72
4685,-3.165,-3.528,1.503,0.001,0.003,-0.007,72
4686,-3.162,-3.529,1.503,0.001,0.007,-0.007,72
4687,-3.160,-3.531,1.503,0.001,0.011,-0.007,72
4688,-3.157,-3.533,1.503,0.001,0.009,-0.007,72
4689,-3.154,-3.534,1.503,0.001,0.006,-0.009,72
4690,-3.152,-3.536,1.503,0.001,0.004,-0.011,72
4691,-3.149,-3.537,1.503,0.001,0.002,-0.010,72
4692,-3.146,-3.539,1.503,0.001,0.002,-0.010,72
4693,-3.143,-3.540,1.503,0.001,0.002,-0.010,72
4694,-3.141,-3.542,1.503,0.001,0.003,-0.009,72
4695,-3.138,-3.543,1.503,0.001,0.006,-0.007,72
4696,-3.135,-3.544,1.503,0.001,0.008,-0.007,72
4697,-3.132,-3.546,1.503,0.001,0.009,-0.012,72
4698,-3.130,-3.547,1.503,0.001,0.009,-0.027,72
4699,-3.127,-3.548,1.503,0.001,0.008,-0.036,72
4700,-3.124,-3.549,1.503,0.001,0.004,-0.037,72
4701,-3.121,-3.550,1.503,0.001,0.002,-0.035,72
4702,-3.118,-3.551,1.503,0.001,-0.000,-0.034,72
4703,-3.115,-3.552,1.503,0.001,0.000,-0.030,72
4704,-3.112,-3.552,1.503,0.001,0.003,-0.026,72
4705,-3.109,-3.553,1.503,0.001,0.006,-0.023,72
4706,-3.106,-3.553,1.503,0.001,0.009,-0.018,72
4707,-3.103,-3.554,1.503,0.001,0.010,-0.013,72
4708,-3.100,-3.554,1.503,0.001,0.009,-0.008,72
4709,-3.097,-3.554,1.503,0.001,0.008,-0.002,72
4710,-3.094,-3.555,1.503,0.001,0.007,0.000,72
4711,-3.090,-3.555,1.503,0.001,0.006,0.000,72
4712,-3.087,-3.555,1.503,0.001,0.005,-0.003,72
4713,-3.084,-3.556,1.503,0.001,0.002,-0.012,72
4714,-3.081,-3.556,1.503,0.001,0.001,-0.017,72
4715,-3.077,-3.556,1.503,0.001,0.001,-0.017,72
4716,-3.074,-3.556,1.503,0.001,-0.001,-0.013,72
4717,-3.071,-3.556,1.503,0.001,-0.002,-0.007,72
4718,-3.068,-3.557,1.503,0.001,-0.003,-0.001,72
4719,-3.064,-3.557,1.503,0.001,-0.002,0.003,72
4720,-3.061,-3.557,1.503,0.001,-0.001,0.004,72
4721,-3.058,-3.557,1.503,0.001,-0.001,0.004,72
4722,-3.055,-3.557,1.503,0.001,0.000,0.002,72
4723,-3.051,-3.557,1.503,0.001,-0.001,-0.000,72
4724,-3.048,-3.557,1.503,0.001,-0.001,-0.002,72
4725,-3.045,-3.557,1.503,0.001,-0.002,-0.003,72
4726,-3.042,-3.557,1.503,0.001,-0.004,-0.003,72
4727,-3.038,-3.557,1.503,0.001,-0.007,0.005,72
4728,-3.035,-3.558,1.503,0.001,-0.007,0.011,72
4729,-3.032,-3.558,1.503,0.001,-0.007,0.014,72
4730,-3.029,-3.558,1.503,0.001,-0.005,0.014,72
4731,-3.025,-3.558,1.503,0.001,-0.003,0.010,72
4732,-3.022,-3.558,1.503,0.001,0.001,0.009,72
4733,-3.019,-3.559,1.503,0.001,0.007,0.011,72
4734,-3.016,-3.559,1.503,0.001,0.012,0.013,72
4735,-3.012,-3.559,1.503,0.001,0.012,0.011,72
4736,-3.009,-3.560,1.503,0.001,0.009,0.007,72
4737,-3.006,-3.560,1.503,0.001,0.006,0.001,72
4738,-3.002,-3.561,1.503,0.001,0.002,-0.001,72
4739,-2.999,-3.561,1.503,0.001,-0.001,-0.001,72
4740,-2.996,-3.562,1.503,0.001,-0.005,-0.001,72
4741,-2.992,-3.562,1.503,0.001,-0.006,0.001,72
4742,-2.989,-3.563,1.503,0.001,-0.006,0.005,72
4743,-2.985,-3.563,1.503,0.001,-0.005,0.009,72
4744,-2.982,-3.564,1.503,0.001,-0.004,0.013,72
4745,-2.979,-3.564,1.503,0.001,-0.003,0.014,72
4746,-2.975,-3.565,1.503,0.001,-0.003,0.011,72
4747,-2.972,-3.565,1.503,0.001,-0.004,0.007,72
4748,-2.969,-3.566,1.503,0.001,-0.003,0.005,72
4749,-2.965,-3.567,1.503,0.001,-0.003,0.012,72
4750,-2.962,-3.567,1.503,0.001,-0.003,0.030,72
4751,-2.959,-3.568,1.503,0.001,-0.003,0.048,72
4752,-2.955,-3.569,1.503,0.001,-0.004,0.050,72
4753,-2.952,-3.570,1.503,0.001,-0.004,0.038,72
4754,-2.949,-3.572,1.503,0.001,-0.005,0.017,72
4755,-2.945,-3.573,1.503,0.001,-0.006,-0.003,72
4756,-2.942,-3.574,1.503,0.001,-0.008,-0.017,72
4757,-2.939,-3.576,1.503,0.001,-0.011,-0.024,72
4758,-2.936,-3.577,1.503,0.001,-0.011,-0.023,72
4759,-2.932,-3.578,1.503,0.001,-0.008,-0.017,72
4760,-2.929,-3.579,1.503,0.001,-0.006,-0.010,72
4761,-2.926,-3.580,1.503,0.001,-0.006,-0.006,72
4762,-2.923,-3.581,1.503,0.001,-0.005,-0.005,72
4763,-2.920,-3.582,1.503,0.001,-0.004,-0.005,72
4764,-2.917,-3.583,1.503,0.001,-0.002,-0.006,72
4765,-2.913,-3.584,1.503,0.001,-0.001,-0.009,72
4766,-2.910,-3.585,1.503,0.001,0.002,-0.012,72
4767,-2.907,-3.586,1.503,0.001,0.007,-0.016,72
4768,-2.904,-3.587,1.503,0.001,0.010,-0.016,72
4769,-2.901,-3.588,1.503,0.001,0.011,-0.015,72
4770,-2.898,-3.589,1.504,0.001,0.009,-0.013,72
4771,-2.894,-3.590,1.504,0.001,0.004,-0.009,72
4772,-2.891,-3.590,1.504,0.001,-0.001,-0.006,72
4773,-2.888,-3.591,1.504,0.001,-0.005,-0.004,72
4774,-2.884,-3.592,1.504,0.001,-0.008,-0.003,72
4775,-2.881,-3.592,1.504,0.001,-0.007,-0.004,72
4776,-2.878,-3.593,1.504,0.001,-0.006,-0.006,72
4777,-2.874,-3.593,1.504,0.001,-0.003,-0.009,72
4778,-2.871,-3.594,1.504,0.001,-0.002,-0.011,72
4779,-2.868,-3.595,1.504,0.001,-0.003,-0.010,72
4780,-2.865,-3.595,1.504,0.001,-0.002,-0.007,72
4781,-2.861,-3.596,1.504,0.001,-0.003,-0.004,72
4782,-2.858,-3.596,1.504,0.001,-0.002,-0.003,72
4783,-2.855,-3.597,1.504,0.001,-0.002,-0.001,72
4784,-2.852,-3.597,1.504,0.001,-0.002,-0.002,72
4785,-2.848,-3.598,1.504,0.001,-0.007,-0.006,72
4786,-2.845,-3.598,1.504,0.001,-0.011,-0.011,72
4787,-2.842,-3.598,1.503,0.001,-0.012,-0.016,72
4788,-2.839,-3.599,1.503,0.001,-0.012,-0.019,72
4789,-2.836,-3.599,1.503,0.001,-0.012,-0.017,72
4790,-2.833,-3.599,1.503,0.001,-0.009,-0.012,72
4791,-2.830,-3.600,1.503,0.001,-0.001,-0.013,72
4792,-2.827,-3.600,1.503,0.001,0.004,-0.011,72
4793,-2.823,-3.600,1.503,0.001,0.007,-0.010,72
4794,-2.820,-3.600,1.503,0.001,0.003,-0.012,72
4795,-2.817,-3.600,1.503,0.001,-0.001,-0.013,72
4796,-2.814,-3.600,1.503,0.001,-0.006,-0.010,72
4797,-2.811,-3.600,1.503,0.001,-0.005,-0.008,72
4798,-2.808,-3.600,1.503,0.001,-0.001,-0.004,72
4799,-2.805,-3.600,1.503,0.001,0.005,0.000,72
4800,-2.802,-3.600,1.503,0.001,0.011,0.003,72
4801,-2.798,-3.600,1.503,0.001,0.011,0.003,72
4802,-2.795,-3.599,1.503,0.001,0.008,0.000,72
4803,-2.792,-3.599,1.503,0.001,0.004,-0.008,72
4804,-2.789,-3.599,1.503,0.001,0.001,-0.016,72
4805,-2.785,-3.599,1.503,0.001,-0.002,-0.018,72
4806,-2.782,-3.599,1.503,0.001,-0.003,-0.018,72
4807,-2.779,-3.599,1.503,0.001,-0.001,-0.015,72
4808,-2.776,-3.598,1.503,0.001,0.000,-0.012,72
4809,-2.772,-3.598,1.503,0.001,0.002,-0.007,72
4810,-2.769,-3.598,1.503,0.001,0.001,-0.001,72
4811,-2.766,-3.597,1.503,0.001,0.000,0.004,72
4812,-2.762,-3.597,1.503,0.001,-0.001,0.005,72
4813,-2.759,-3.597,1.503,0.001,-0.002,0.004,72
4814,-2.756,-3.596,1.503,0.001,-0.003,-0.001,72
4815,-2.752,-3.596,1.503,0.001,-0.002,-0.015,72
4816,-2.749,-3.595,1.503,0.001,0.001,-0.026,72
4817,-2.746,-3.595,1.503,0.001,0.003,-0.027,72
4818,-2.742,-3.594,1.503,0.001,0.005,-0.018,72
4819,-2.739,-3.594,1.503,0.001,0.004,-0.006,72
4820,-2.736,-3.593,1.503,0.001,0.002,0.005,72
4821,-2.732,-3.592,1.503,0.001,0.002,0.013,72
4822,-2.729,-3.592,1.503,0.001,0.001,0.015,72
4823,-2.725,-3.591,1.503,0.001,-0.000,0.014,72
4824,-2.722,-3.591,1.503,0.001,-0.001,0.010,72
4825,-2.719,-3.590,1.503,0.001,-0.000,0.006,72
4826,-2.715,-3.590,1.503,0.001,-0.003,0.003,72
4827,-2.712,-3.589,1.503,0.001,-0.005,0.002,72
4828,-2.708,-3.589,1.503,0.001,-0.006,0.002,72
4829,-2.705,-3.588,1.503,0.001,-0.006,0.002,72
4830,-2.701,-3.588,1.503,0.001,-0.008,0.004,72
4831,-2.698,-3.588,1.503,0.001,-0.009,0.006,72
4832,-2.695,-3.587,1.503,0.001,-0.011,0.007,72
4833,-2.691,-3.587,1.503,0.001,-0.010,0.008,72
4834,-2.688,-3.586,1.503,0.001,-0.008,0.009,72
4835,-2.685,-3.586,1.503,0.001,-0.006,0.009,72
4836,-2.682,-3.586,1.503,0.001,-0.004,0.009,72
4837,-2.678,-3.586,1.503,0.001,-0.000,0.011,72
4838,-2.675,-3.585,1.503,0.001,0.003,0.019,72
4839,-2.672,-3.585,1.503,0.001,0.005,0.023,72
4840,-2.668,-3.585,1.503,0.001,0.004,0.020,72
4841,-2.665,-3.585,1.503,0.001,0.000,0.013,72
4842,-2.662,-3.585,1.502,0.001,-0.004,0.005,72
4843,-2.658,-3.585,1.502,0.001,-0.006,-0.002,72
4844,-2.655,-3.585,1.502,0.001,-0.007,-0.006,72
4845,-2.652,-3.585,1.502,0.001,-0.006,0.001,72
4846,-2.649,-3.585,1.502,0.001,-0.004,0.007,72
4847,-2.645,-3.585,1.502,0.001,-0.002,0.010,72
4848,-2.642,-3.585,1.502,0.001,-0.001,0.011,72
4849,-2.639,-3.585,1.502,0.001,-0.000,0.010,72
4850,-2.636,-3.586,1.502,0.001,-0.001,0.009,72
4851,-2.632,-3.586,1.502,0.001,-0.001,0.004,72
4852,-2.629,-3.586,1.502,0.001,-0.002,0.001,72
4853,-2.626,-3.586,1.502,0.001,-0.002,-0.002,72
4854,-2.622,-3.586,1.502,0.001,-0.003,-0.004,72
4855,-2.619,-3.587,1.502,0.001,-0.002,-0.005,72
4856,-2.616,-3.587,1.502,0.001,-0.003,0.003,72
4857,-2.613,-3.587,1.502,0.001,-0.003,0.009,72
4858,-2.609,-3.587,1.502,0.001,-0.007,0.010,72
4859,-2.606,-3.587,1.502,0.001,-0.009,0.007,72
4860,-2.603,-3.588,1.502,0.001,-0.010,0.002,72
4861,-2.600,-3.588,1.502,0.001,-0.006,-0.002,72
4862,-2.597,-3.588,1.502,0.001,-0.002,-0.005,72
4863,-2.593,-3.589,1.502,0.001,0.001,-0.006,72
4864,-2.590,-3.589,1.502,0.001,0.003,-0.004,72
4865,-2.587,-3.589,1.502,0.001,0.003,-0.002,72
4866,-2.584,-3.589,1.502,0.001,0.002,0.001,72
4867,-2.581,-3.589,1.502,0.001,0.000,0.004,72
4868,-2.577,-3.590,1.502,0.001,-0.002,0.008,72
4869,-2.574,-3.590,1.502,0.001,-0.003,0.011,72
4870,-2.571,-3.590,1.502,0.001,-0.004,0.012,72
4871,-2.568,-3.591,1.502,0.001,-0.003,0.010,72
4872,-2.565,-3.591,1.502,0.001,-0.002,0.006,72
4873,-2.561,-3.591,1.502,0.001,-0.002,0.003,72
4874,-2.558,-3.592,1.502,0.001,-0.002,-0.001,72
4875,-2.555,-3.592,1.502,0.001,-0.002,-0.002,72
4876,-2.552,-3.593,1.502,0.001,-0.003,-0.002,72
4877,-2.549,-3.593,1.502,0.001,-0.003,-0.001,72
4878,-2.545,-3.593,1.502,0.001,-0.004,0.002,72
4879,-2.542,-3.594,1.502,0.001,-0.004,0.006,72
4880,-2.539,-3.594,1.502,0.001,-0.004,0.008,72
4881,-2.536,-3.595,1.502,0.001,-0.003,0.007,72
4882,-2.533,-3.595,1.502,0.001,-0.002,0.004,72
4883,-2.529,-3.596,1.502,0.001,-0.001,0.001,72
4884,-2.526,-3.596,1.502,0.001,-0.001,-0.001,72
4885,-2.523,-3.597,1.502,0.001,-0.001,-0.002,72
4886,-2.520,-3.597,1.502,0.001,-0.003,-0.004,72
4887,-2.517,-3.598,1.502,0.001,-0.004,-0.004,72
4888,-2.514,-3.598,1.502,0.001,-0.004,-0.001,72
4889,-2.510,-3.598,1.502,0.001,-0.004,0.006,72
4890,-2.507,-3.599,1.502,0.001,-0.003,0.009,72
4891,-2.504,-3.599,1.502,0.001,-0.003,0.008,72
4892,-2.501,-3.600,1.502,0.001,-0.002,0.005,72
4893,-2.498,-3.601,1.502,0.001,0.001,0.002,72
4894,-2.495,-3.601,1.502,0.001,0.004,-0.001,72
4895,-2.491,-3.602,1.502,0.001,0.007,-0.003,72
4896,-2.488,-3.602,1.502,0.001,0.008,-0.005,72
4897,-2.485,-3.603,1.502,0.001,0.007,-0.005,72
4898,-2.482,-3.603,1.502,0.001,0.002,-0.006,72
4899,-2.479,-3.604,1.502,0.001,-0.004,-0.006,72
4900,-2.475,-3.604,1.502,0.001,-0.008,-0.006,72
4901,-2.472,-3.605,1.502,0.001,-0.010,-0.005,72
4902,-2.469,-3.605,1.502,0.001,-0.011,-0.005,72
4903,-2.466,-3.606,1.502,0.001,-0.008,-0.004,72
4904,-2.462,-3.606,1.502,0.001,-0.005,-0.004,72
4905,-2.459,-3.607,1.502,0.001,-0.000,-0.004,72
4906,-2.456,-3.607,1.502,0.001,0.002,-0.005,72
4907,-2.453,-3.607,1.502,0.001,0.003,-0.005,72
4908,-2.450,-3.608,1.502,0.001,0.003,-0.006,72
4909,-2.447,-3.608,1.502,0.001,0.002,-0.006,72
4910,-2.443,-3.608,1.502,0.001,0.001,-0.005,72
4911,-2.440,-3.609,1.502,0.001,-0.001,-0.005,72
4912,-2.437,-3.609,1.502,0.001,-0.002,-0.005,72
4913,-2.434,-3.609,1.502,0.001,-0.003,-0.006,72
4914,-2.430,-3.609,1.502,0.001,-0.004,-0.007,72
4915,-2.427,-3.610,1.502,0.001,-0.004,-0.008,72
4916,-2.424,-3.610,1.502,0.001,-0.004,-0.007,72
4917,-2.421,-3.610,1.502,0.001,-0.002,-0.012,72
4918,-2.418,-3.610,1.502,0.001,-0.001,-0.014,72
4919,-2.414,-3.610,1.502,0.001,-0.001,-0.012,72
4920,-2.411,-3.610,1.502,0.001,-0.001,-0.008,72
4921,-2.408,-3.610,1.502,0.001,-0.001,-0.003,72
4922,-2.405,-3.610,1.502,0.001,-0.001,0.001,72
4923,-2.401,-3.610,1.502,0.001,-0.002,0.003,72
4924,-2.398,-3.610,1.502,0.001,-0.002,0.004,72
4925,-2.395,-3.610,1.502,0.001,-0.002,0.003,72
4926,-2.392,-3.611,1.502,0.001,-0.002,0.001,72
4927,-2.389,-3.611,1.502,0.001,-0.001,-0.007,72
4928,-2.385,-3.611,1.502,0.001,-0.001,-0.014,72
4929,-2.382,-3.611,1.502,0.001,-0.000,-0.016,72
4930,-2.379,-3.611,1.502,0.001,-0.001,-0.012,72
4931,-2.376,-3.610,1.502,0.001,-0.001,-0.007,72
4932,-2.372,-3.610,1.502,0.001,-0.002,-0.000,72
4933,-2.369,-3.610,1.502,0.001,-0.002,0.003,72
4934,-2.366,-3.610,1.502,0.001,0.000,0.003,72
4935,-2.363,-3.610,1.502,0.001,0.002,-0.003,72
4936,-2.359,-3.610,1.502,0.001,0.004,-0.007,72
4937,-2.356,-3.610,1.502,0.001,0.004,-0.011,72
4938,-2.353,-3.609,1.502,0.001,0.003,-0.013,72
4939,-2.350,-3.609,1.502,0.001,0.000,-0.011,72
4940,-2.346,-3.609,1.502,0.001,-0.003,-0.007,72
4941,-2.343,-3.609,1.502,0.001,-0.005,-0.002,72
4942,-2.340,-3.608,1.502,0.001,-0.006,0.002,72
4943,-2.336,-3.608,1.502,0.001,-0.006,0.004,72
4944,-2.333,-3.608,1.502,0.001,-0.004,0.004,72
4945,-2.330,-3.607,1.502,0.001,-0.003,0.003,72
4946,-2.327,-3.607,1.502,0.001,-0.002,0.002,72
4947,-2.323,-3.607,1.502,0.001,-0.002,0.000,72
4948,-2.320,-3.607,1.502,0.001,-0.001,-0.000,72
4949,-2.317,-3.606,1.502,0.001,-0.002,-0.001,72
4950,-2.314,-3.606,1.502,0.001,-0.003,-0.000,72
4951,-2.310,-3.606,1.502,0.001,-0.006,0.000,72
4952,-2.307,-3.606,1.502,0.001,-0.008,0.001,72
4953,-2.304,-3.605,1.502,0.001,-0.007,0.001,72
4954,-2.301,-3.605,1.502,0.001,-0.005,0.001,72
4955,-2.297,-3.605,1.502,0.001,-0.002,0.001,72
4956,-2.294,-3.605,1.502,0.001,0.001,0.001,72
4957,-2.291,-3.604,1.502,0.001,0.004,0.002,72
4958,-2.288,-3.604,1.502,0.001,0.004,0.003,72
4959,-2.285,-3.604,1.502,0.001,0.003,0.003,72
4960,-2.281,-3.604,1.502,0.001,0.001,0.002,72
4961,-2.278,-3.603,1.502,0.001,-0.002,0.002,72
4962,-2.275,-3.603,1.502,0.001,-0.004,0.002,72
4963,-2.272,-3.603,1.502,0.001,-0.004,0.001,72
4964,-2.268,-3.603,1.502,0.001,-0.005,0.002,72
4965,-2.265,-3.603,1.502,0.001,-0.003,0.002,72
4966,-2.262,-3.602,1.502,0.001,-0.000,0.005,72
4967,-2.259,-3.602,1.502,0.001,0.001,0.005,72
4968,-2.255,-3.602,1.502,0.001,0.002,0.012,72
4969,-2.252,-3.602,1.502,0.001,0.001,0.014,72
4970,-2.249,-3.602,1.502,0.001,0.001,0.012,72
4971,-2.246,-3.602,1.502,0.001,-0.001,0.008,72
4972,-2.242,-3.602,1.502,0.001,-0.003,0.002,72
4973,-2.239,-3.602,1.502,0.001,-0.004,-0.002,72
4974,-2.236,-3.602,1.502,0.001,-0.004,-0.004,72
4975,-2.232,-3.602,1.502,0.001,-0.001,-0.004,72
4976,-2.229,-3.602,1.502,0.001,-0.000,-0.004,72
4977,-2.226,-3.602,1.502,0.001,0.002,0.004,72
4978,-2.223,-3.602,1.502,0.001,0.003,0.011,72
4979,-2.219,-3.602,1.502,0.001,0.002,0.014,72
4980,-2.216,-3.602,1.502,0.001,0.000,0.012,72
4981,-2.213,-3.602,1.502,0.001,-0.001,0.009,72
4982,-2.209,-3.602,1.502,0.001,-0.002,0.006,72
4983,-2.206,-3.602,1.502,0.001,-0.003,0.004,72
4984,-2.203,-3.603,1.502,0.001,-0.004,0.002,72
4985,-2.199,-3.603,1.502,0.001,-0.004,-0.000,72
4986,-2.196,-3.603,1.502,0.001,-0.003,-0.002,72
4987,-2.193,-3.603,1.502,0.001,-0.002,-0.002,72
4988,-2.190,-3.603,1.502,0.001,-0.002,-0.001,72
4989,-2.186,-3.603,1.502,0.001,-0.001,0.000,72
4990,-2.183,-3.604,1.502,0.001,-0.001,0.001,72
4991,-2.180,-3.604,1.502,0.001,-0.001,0.001,72
4992,-2.176,-3.604,1.502,0.001,-0.002,0.001,72
4993,-2.173,-3.604,1.502,0.001,-0.002,0.001,72
4994,-2.170,-3.604,1.502,0.001,-0.002,0.000,72
4995,-2.167,-3.605,1.502,0.001,-0.002,0.000,72
4996,-2.163,-3.605,1.502,0.001,-0.002,0.002,72
4997,-2.160,-3.605,1.502,0.001,-0.002,0.004,72
4998,-2.157,-3.605,1.502,0.001,-0.003,0.005,72
4999,-2.153,-3.605,1.502,0.001,-0.003,0.005,72
5000,-2.150,-3.606,1.502,0.001,-0.003,0.004,72
5001,-2.147,-3.606,1.502,0.001,-0.003,0.002,72
5002,-2.143,-3.606,1.502,0.001,-0.003,-0.001,72
5003,-2.140,-3.606,1.502,0.001,-0.002,-0.002,72
5004,-2.137,-3.607,1.502,0.001,-0.002,-0.004,72
5005,-2.134,-3.607,1.502,0.001,-0.002,-0.004,72
5006,-2.130,-3.607,1.502,0.001,-0.002,-0.003,72
5007,-2.127,-3.607,1.502,0.001,-0.002,-0.001,72
5008,-2.124,-3.608,1.502,0.001,-0.002,-0.000,72
5009,-2.121,-3.608,1.502,0.001,-0.002,-0.000,72
5010,-2.117,-3.608,1.502,0.001,-0.002,-0.001,72
5011,-2.114,-3.608,1.502,0.001,-0.002,-0.002,72
5012,-2.111,-3.608,1.502,0.001,-0.002,-0.002,72
5013,-2.108,-3.609,1.502,0.001,-0.002,-0.002,72
5014,-2.104,-3.609,1.502,0.001,-0.002,-0.002,72
5015,-2.101,-3.609,1.502,0.001,-0.002,-0.001,72
5016,-2.098,-3.609,1.502,0.001,-0.002,-0.001,72
5017,-2.094,-3.609,1.502,0.001,-0.001,-0.002,72
5018,-2.091,-3.610,1.502,0.001,0.001,-0.002,72
5019,-2.088,-3.610,1.502,0.001,0.001,-0.003,72
5020,-2.085,-3.610,1.502,0.001,-0.000,-0.003,72
5021,-2.081,-3.610,1.502,0.001,-0.001,-0.003,72
5022,-2.078,-3.610,1.502,0.001,-0.002,-0.001,72
5023,-2.075,-3.610,1.502,0.001,-0.002,-0.001,72
5024,-2.071,-3.611,1.502,0.001,-0.003,-0.002,72
5025,-2.068,-3.611,1.502,0.001,-0.001,-0.000,72
5026,-2.065,-3.611,1.502,0.001,-0.001,-0.001,72
5027,-2.062,-3.611,1.502,0.001,-0.000,-0.001,72
5028,-2.058,-3.611,1.502,0.001,0.000,-0.000,72
5029,-2.055,-3.611,1.502,0.001,-0.000,-0.001,72
5030,-2.052,-3.611,1.502,0.001,-0.000,-0.001,72
5031,-2.048,-3.611,1.502,0.001,-0.002,-0.001,72
5032,-2.045,-3.612,1.502,0.001,-0.005,-0.002,72
5033,-2.042,-3.612,1.502,0.001,-0.006,-0.001,72
5034,-2.038,-3.612,1.502,0.001,-0.007,-0.007,72
5035,-2.035,-3.612,1.502,0.001,-0.006,-0.011,72
5036,-2.032,-3.612,1.502,0.001,-0.004,-0.010,72
5037,-2.029,-3.612,1.502,0.001,-0.002,-0.007,72
5038,-2.025,-3.612,1.502,0.001,-0.001,-0.003,72
5039,-2.022,-3.612,1.502,0.001,-0.000,0.001,72
5040,-2.019,-3.612,1.502,0.001,-0.000,0.004,72
5041,-2.016,-3.612,1.502,0.001,-0.001,0.004,72
5042,-2.012,-3.612,1.502,0.001,-0.002,0.004,72
5043,-2.009,-3.612,1.502,0.001,-0.002,0.002,72
5044,-2.006,-3.612,1.502,0.001,-0.003,0.000,72
5045,-2.002,-3.612,1.502,0.001,-0.003,-0.001,72
5046,-1.999,-3.612,1.502,0.001,-0.002,-0.002,72
5047,-1.996,-3.612,1.502,0.001,-0.002,-0.001,72
5048,-1.993,-3.612,1.502,0.001,-0.002,-0.001,72
5049,-1.989,-3.612,1.502,0.001,-0.001,-0.000,72
5050,-1.986,-3.612,1.502,0.001,-0.001,0.000,72
5051,-1.983,-3.612,1.502,0.001,-0.002,0.001,72
5052,-1.980,-3.612,1.502,0.001,-0.002,0.001,72
5053,-1.976,-3.612,1.502,0.001,-0.002,0.001,72
5054,-1.973,-3.612,1.502,0.001,-0.002,0.001,72
5055,-1.970,-3.612,1.502,0.001,-0.001,0.000,72
5056,-1.967,-3.612,1.502,0.001,-0.003,0.000,72
5057,-1.963,-3.612,1.502,0.001,-0.005,0.000,72
5058,-1.960,-3.612,1.502,0.001,-0.007,-0.000,72
5059,-1.957,-3.612,1.502,0.001,-0.008,-0.000,72
5060,-1.954,-3.612,1.502,0.001,-0.006,0.000,72
5061,-1.950,-3.612,1.502,0.001,-0.005,0.001,72
5062,-1.947,-3.612,1.502,0.001,-0.004,-0.005,72
5063,-1.944,-3.612,1.502,0.001,-0.006,-0.011,72
5064,-1.941,-3.612,1.502,0.001,-0.006,-0.015,72
5065,-1.938,-3.612,1.502,0.001,-0.006,-0.015,72
5066,-1.935,-3.612,1.502,0.001,-0.005,-0.013,72
5067,-1.932,-3.611,1.502,0.001,-0.004,-0.009,72
5068,-1.928,-3.611,1.502,0.001,-0.002,-0.004,72
5069,-1.925,-3.611,1.502,0.001,-0.000,-0.001,72
5070,-1.922,-3.611,1.502,0.001,0.001,0.002,72
5071,-1.919,-3.611,1.502,0.001,0.001,0.003,72
5072,-1.916,-3.610,1.502,0.001,0.001,0.002,72
5073,-1.913,-3.610,1.502,0.001,0.001,0.001,72
5074,-1.910,-3.610,1.502,0.001,-0.000,-0.001,72
5075,-1.906,-3.610,1.502,0.001,-0.001,-0.001,72
5076,-1.903,-3.609,1.502,0.001,-0.000,-0.001,72
5077,-1.900,-3.609,1.502,0.001,0.000,-0.001,72
5078,-1.897,-3.609,1.502,0.001,0.001,-0.000,72
5079,-1.894,-3.609,1.502,0.001,0.003,-0.000,72
5080,-1.891,-3.609,1.502,0.001,0.003,0.001,72
5081,-1.887,-3.608,1.502,0.001,0.003,0.001,72
5082,-1.884,-3.608,1.502,0.001,0.002,0.001,72
5083,-1.881,-3.608,1.502,0.001,0.001,0.002,72
5084,-1.878,-3.608,1.502,0.001,-0.001,0.001,72
5085,-1.874,-3.607,1.502,0.001,-0.003,0.001,72
5086,-1.871,-3.607,1.502,0.001,-0.003,-0.000,72
5087,-1.868,-3.607,1.502,0.001,-0.003,0.001,72
5088,-1.865,-3.607,1.502,0.001,-0.002,0.002,72
5089,-1.861,-3.607,1.502,0.001,0.000,0.001,72
5090,-1.858,-3.606,1.502,0.001,0.001,0.001,72
5091,-1.855,-3.606,1.502,0.001,0.002,0.001,72
5092,-1.852,-3.606,1.502,0.001,0.001,0.001,72
5093,-1.848,-3.606,1.502,0.001,-0.000,0.001,72
5094,-1.845,-3.606,1.502,0.001,-0.002,0.001,72
5095,-1.842,-3.605,1.502,0.001,-0.003,0.001,72
5096,-1.839,-3.605,1.502,0.001,-0.003,0.001,72
5097,-1.835,-3.605,1.502,0.001,-0.003,0.002,72
5098,-1.832,-3.605,1.502,0.001,-0.003,0.003,72
5099,-1.829,-3.605,1.502,0.001,-0.002,0.004,72
5100,-1.825,-3.605,1.502,0.001,-0.002,0.005,72
5101,-1.822,-3.604,1.502,0.001,-0.002,0.011,72
5102,-1.819,-3.604,1.502,0.001,-0.001,0.014,72
5103,-1.816,-3.604,1.502,0.001,-0.002,0.012,72
5104,-1.812,-3.604,1.502,0.001,-0.002,0.007,72
5105,-1.809,-3.604,1.502,0.001,-0.002,0.002,72
5106,-1.806,-3.604,1.502,0.001,-0.002,-0.003,72
5107,-1.803,-3.604,1.502,0.001,-0.002,-0.005,72
5108,-1.799,-3.604,1.502,0.001,-0.002,-0.005,72
5109,-1.796,-3.604,1.502,0.001,-0.002,-0.003,72
5110,-1.793,-3.604,1.502,0.001,-0.002,-0.001,72
5111,-1.790,-3.604,1.502,0.001,-0.002,0.000,72
5112,-1.786,-3.604,1.502,0.001,-0.002,0.001,72
5113,-1.783,-3.604,1.502,0.001,-0.002,0.002,72
5114,-1.780,-3.604,1.502,0.001,-0.002,0.001,72
5115,-1.777,-3.604,1.502,0.001,-0.001,0.001,72
5116,-1.773,-3.604,1.502,0.001,0.001,-0.000,72
5117,-1.770,-3.604,1.502,0.001,0.001,-0.001,72
5118,-1.767,-3.604,1.502,0.001,0.002,-0.001,72
5119,-1.763,-3.604,1.502,0.001,0.000,-0.000,72
5120,-1.760,-3.604,1.502,0.001,-0.001,-0.000,72
5121,-1.757,-3.604,1.502,0.001,-0.002,0.000,72
5122,-1.753,-3.604,1.502,0.001,-0.002,0.000,72
5123,-1.750,-3.604,1.502,0.001,0.000,0.000,72
5124,-1.747,-3.604,1.502,0.001,0.002,0.000,72
5125,-1.744,-3.604,1.502,0.001,0.003,0.000,72
5126,-1.740,-3.604,1.502,0.001,0.002,-0.000,72
5127,-1.737,-3.604,1.502,0.001,0.002,-0.000,72
5128,-1.733,-3.604,1.502,0.001,0.000,-0.000,72
5129,-1.730,-3.604,1.502,0.001,-0.001,0.000,72
5130,-1.727,-3.604,1.502,0.001,-0.002,-0.000,72
5131,-1.723,-3.604,1.502,0.001,-0.002,-0.000,72
5132,-1.720,-3.604,1.502,0.001,-0.003,-0.000,72
5133,-1.717,-3.604,1.502,0.001,-0.002,-0.000,72
5134,-1.713,-3.604,1.501,0.001,-0.002,-0.000,72
5135,-1.710,-3.604,1.501,0.001,-0.002,-0.000,72
5136,-1.707,-3.604,1.501,0.001,-0.001,-0.000,72
5137,-1.703,-3.604,1.501,0.001,-0.002,0.000,72
5138,-1.700,-3.604,1.501,0.001,-0.003,0.000,72
5139,-1.696,-3.604,1.501,0.001,-0.003,0.000,72
5140,-1.693,-3.604,1.501,0.001,-0.004,0.000,72
5141,-1.690,-3.604,1.501,0.001,-0.002,0.006,72
5142,-1.686,-3.604,1.501,0.001,0.000,0.011,72
5143,-1.683,-3.604,1.501,0.001,0.001,0.011,72
5144,-1.680,-3.604,1.501,0.001,0.000,0.010,72
5145,-1.676,-3.604,1.501,0.001,-0.001,0.007,72
5146,-1.673,-3.604,1.501,0.001,-0.002,0.004,72
5147,-1.669,-3.604,1.501,0.001,-0.003,0.000,72
5148,-1.666,-3.604,1.501,0.001,-0.004,-0.002,72
5149,-1.663,-3.604,1.501,0.001,-0.004,-0.003,72
5150,-1.659,-3.604,1.501,0.001,-0.005,-0.002,72
5151,-1.656,-3.605,1.501,0.001,-0.006,-0.001,72
5152,-1.653,-3.605,1.501,0.001,-0.006,0.001,72
5153,-1.649,-3.605,1.501,0.001,-0.005,0.002,72
5154,-1.646,-3.605,1.501,0.001,-0.004,0.003,72
5155,-1.643,-3.605,1.501,0.001,-0.002,0.003,72
5156,-1.639,-3.605,1.501,0.001,-0.001,0.001,72
5157,-1.636,-3.605,1.501,0.001,-0.001,0.001,72
5158,-1.633,-3.606,1.501,0.001,-0.001,0.000,72
5159,-1.630,-3.606,1.501,0.001,-0.002,-0.001,72
5160,-1.626,-3.606,1.501,0.001,-0.002,-0.001,72
5161,-1.623,-3.606,1.501,0.001,-0.003,-0.001,72
5162,-1.620,-3.606,1.501,0.001,-0.003,-0.001,72
5163,-1.616,-3.606,1.501,0.001,-0.002,-0.001,72
5164,-1.613,-3.606,1.501,0.001,-0.002,-0.001,72
5165,-1.610,-3.607,1.501,0.001,-0.002,0.000,72
5166,-1.606,-3.607,1.501,0.001,-0.002,0.001,72
5167,-1.603,-3.607,1.501,0.001,-0.003,0.002,72
5168,-1.600,-3.607,1.501,0.001,-0.004,0.003,72
5169,-1.597,-3.607,1.501,0.001,-0.005,0.003,72
5170,-1.593,-3.607,1.501,0.001,-0.005,0.002,72
5171,-1.590,-3.608,1.500,0.001,-0.005,0.001,72
5172,-1.587,-3.608,1.500,0.001,-0.004,-0.000,72
5173,-1.584,-3.608,1.500,0.001,-0.003,-0.001,72
5174,-1.580,-3.608,1.500,0.001,-0.003,-0.001,72
5175,-1.577,-3.608,1.500,0.001,-0.002,-0.001,72
5176,-1.574,-3.608,1.500,0.001,-0.002,-0.002,72
5177,-1.571,-3.609,1.500,0.001,-0.001,-0.001,72
5178,-1.567,-3.609,1.500,0.001,-0.001,-0.001,72
5179,-1.564,-3.609,1.500,0.001,-0.001,-0.001,72
5180,-1.561,-3.609,1.500,0.001,-0.001,-0.001,72
5181,-1.558,-3.609,1.500,0.001,-0.002,-0.002,72
5182,-1.555,-3.609,1.500,0.001,-0.003,-0.001,72
5183,-1.551,-3.610,1.500,0.001,-0.001,-0.008,72
5184,-1.548,-3.610,1.500,0.001,-0.001,-0.012,72
5185,-1.545,-3.610,1.500,0.001,-0.000,-0.012,72
5186,-1.542,-3.610,1.500,0.001,-0.001,-0.009,72
5187,-1.538,-3.610,1.500,0.001,-0.002,-0.004,72
5188,-1.535,-3.610,1.500,0.001,-0.003,-0.000,72
5189,-1.532,-3.610,1.500,0.001,-0.003,0.003,72
5190,-1.529,-3.610,1.500,0.001,-0.004,0.004,72
5191,-1.525,-3.610,1.500,0.001,-0.004,0.003,72
5192,-1.522,-3.610,1.500,0.001,-0.004,0.002,72
5193,-1.519,-3.610,1.500,0.001,-0.004,0.000,72
5194,-1.516,-3.610,1.500,0.001,-0.004,-0.001,72
5195,-1.513,-3.610,1.500,0.001,-0.003,-0.001,72
5196,-1.509,-3.610,1.500,0.001,-0.002,-0.001,72
5197,-1.506,-3.610,1.500,0.001,-0.001,0.000,72
5198,-1.503,-3.610,1.500,0.001,-0.001,0.001,72
5199,-1.500,-3.610,1.500,0.001,-0.001,0.001,72
5200,-1.497,-3.610,1.500,0.001,-0.000,0.001,72
5201,-1.493,-3.610,1.500,0.001,-0.001,-0.006,72
5202,-1.490,-3.610,1.500,0.001,-0.001,-0.004,72
5203,-1.487,-3.610,1.500,0.001,-0.002,-0.007,72
5204,-1.484,-3.610,1.500,0.001,-0.002,-0.009,72
5205,-1.481,-3.610,1.500,0.001,-0.002,-0.009,72
5206,-1.477,-3.610,1.500,0.001,-0.002,-0.007,72
5207,-1.474,-3.610,1.500,0.001,-0.001,-0.003,72
5208,-1.471,-3.610,1.500,0.001,0.000,-0.001,72
5209,-1.468,-3.609,1.500,0.001,-0.000,0.002,72
5210,-1.465,-3.609,1.500,0.001,0.000,0.003,72
5211,-1.461,-3.609,1.500,0.001,0.001,0.002,72
5212,-1.458,-3.609,1.500,0.001,0.001,0.001,72
5213,-1.455,-3.609,1.500,0.001,-0.000,-0.001,72
5214,-1.452,-3.609,1.500,0.001,-0.001,-0.002,72
5215,-1.448,-3.609,1.500,0.001,-0.001,-0.003,72
5216,-1.445,-3.609,1.500,0.001,-0.002,-0.003,72
5217,-1.442,-3.608,1.500,0.001,-0.002,-0.001,72
5218,-1.439,-3.608,1.500,0.001,-0.001,-0.001,72
5219,-1.435,-3.608,1.500,0.001,-0.000,0.001,72
5220,-1.432,-3.608,1.500,0.001,-0.001,0.000,72
5221,-1.429,-3.608,1.500,0.001,-0.001,0.001,72
5222,-1.426,-3.608,1.500,0.001,-0.002,0.002,72
5223,-1.422,-3.608,1.500,0.001,-0.002,0.002,72
5224,-1.419,-3.607,1.500,0.001,-0.002,0.002,72
5225,-1.416,-3.607,1.500,0.001,-0.002,0.002,72
5226,-1.413,-3.607,1.500,0.001,-0.000,0.002,72
5227,-1.409,-3.607,1.500,0.001,0.001,0.007,72
5228,-1.406,-3.607,1.500,0.001,0.000,0.011,72
5229,-1.403,-3.607,1.500,0.001,-0.001,0.011,72
5230,-1.399,-3.607,1.500,0.001,-0.003,0.008,72
5231,-1.396,-3.607,1.500,0.001,-0.004,0.004,72
5232,-1.393,-3.607,1.500,0.001,-0.004,-0.000,72
5233,-1.390,-3.607,1.500,0.001,-0.004,-0.003,72
5234,-1.386,-3.607,1.500,0.001,-0.003,-0.003,72
5235,-1.383,-3.607,1.500,0.001,-0.002,-0.003,72
5236,-1.380,-3.607,1.500,0.001,-0.001,-0.001,72
5237,-1.377,-3.607,1.500,0.001,-0.001,0.000,72
5238,-1.373,-3.607,1.500,0.001,-0.001,0.001,72
5239,-1.370,-3.607,1.500,0.001,-0.001,0.002,72
5240,-1.367,-3.607,1.499,0.001,-0.002,0.002,72
5241,-1.364,-3.607,1.499,0.001,-0.002,0.001,72
5242,-1.360,-3.607,1.499,0.001,-0.002,0.000,72
5243,-1.357,-3.607,1.499,0.001,-0.002,-0.001,72
5244,-1.354,-3.607,1.499,0.001,-0.002,-0.001,72
5245,-1.350,-3.607,1.499,0.001,-0.002,-0.001,72
5246,-1.347,-3.607,1.499,0.001,-0.002,-0.001,72
5247,-1.344,-3.607,1.499,0.001,-0.002,-0.001,72
5248,-1.341,-3.607,1.499,0.001,-0.002,-0.000,72
5249,-1.337,-3.607,1.499,0.001,-0.002,0.000,72
5250,-1.334,-3.607,1.499,0.001,-0.002,0.000,72
5251,-1.331,-3.607,1.499,0.001,-0.002,0.000,72
5252,-1.328,-3.607,1.499,0.001,-0.002,0.000,72
5253,-1.324,-3.607,1.499,0.001,-0.002,-0.000,72
5254,-1.321,-3.607,1.499,0.001,-0.002,-0.001,72
5255,-1.318,-3.607,1.499,0.001,-0.002,-0.001,72
5256,-1.315,-3.607,1.499,0.001,-0.002,-0.001,72
5257,-1.311,-3.607,1.499,0.001,-0.002,-0.001,72
5258,-1.308,-3.607,1.499,0.001,-0.002,-0.001,72
5259,-1.305,-3.607,1.499,0.001,-0.002,-0.001,72
5260,-1.302,-3.607,1.499,0.001,-0.002,-0.000,72
5261,-1.298,-3.607,1.499,0.001,-0.002,-0.000,72
5262,-1.295,-3.607,1.499,0.001,-0.002,-0.000,72
5263,-1.292,-3.607,1.499,0.001,-0.002,-0.000,72
5264,-1.288,-3.607,1.499,0.001,-0.002,-0.000,72
5265,-1.285,-3.607,1.499,0.001,-0.002,-0.000,72
5266,-1.282,-3.607,1.499,0.001,-0.002,-0.000,72
5267,-1.279,-3.607,1.499,0.001,-0.002,-0.000,72
5268,-1.275,-3.607,1.499,0.001,-0.002,-0.000,72
5269,-1.272,-3.607,1.499,0.001,-0.002,-0.000,72
5270,-1.269,-3.607,1.499,0.001,-0.002,-0.000,72
5271,-1.266,-3.607,1.499,0.001,-0.002,0.000,72
5272,-1.262,-3.607,1.499,0.001,-0.002,0.000,72
5273,-1.259,-3.607,1.499,0.001,-0.002,-0.000,72
5274,-1.256,-3.607,1.499,0.001,-0.002,-0.000,72
5275,-1.253,-3.607,1.499,0.001,-0.002,-0.000,72
5276,-1.249,-3.607,1.499,0.001,-0.002,-0.000,72
5277,-1.246,-3.607,1.499,0.001,-0.002,-0.000,72
5278,-1.243,-3.607,1.499,0.001,-0.002,-0.000,72
5279,-1.240,-3.607,1.499,0.001,-0.002,-0.000,72
5280,-1.236,-3.607,1.499,0.001,-0.002,0.000,72
5281,-1.233,-3.607,1.499,0.001,-0.002,0.000,72
5282,-1.230,-3.607,1.499,0.001,-0.002,0.000,72
5283,-1.227,-3.607,1.499,0.001,-0.001,0.000,72
5284,-1.223,-3.607,1.499,0.001,-0.000,0.000,72
5285,-1.220,-3.607,1.499,0.001,0.001,0.000,72
5286,-1.217,-3.607,1.499,0.001,-0.001,0.007,72
5287,-1.213,-3.607,1.499,0.001,-0.003,0.004,72
5288,-1.210,-3.607,1.499,0.001,-0.004,0.007,72
5289,-1.207,-3.607,1.499,0.001,-0.004,0.002,72
5290,-1.204,-3.607,1.499,0.001,-0.005,0.003,72
5291,-1.200,-3.607,1.499,0.001,-0.005,0.004,72
5292,-1.197,-3.607,1.499,0.001,-0.003,-0.002,72
5293,-1.194,-3.607,1.499,0.001,-0.002,-0.001,72
5294,-1.191,-3.607,1.499,0.001,-0.000,-0.005,72
5295,-1.187,-3.607,1.499,0.001,0.001,-0.001,72
5296,-1.184,-3.607,1.499,0.001,0.002,-0.003,72
5297,-1.181,-3.607,1.499,0.001,0.002,-0.005,72
5298,-1.178,-3.607,1.499,0.001,0.001,-0.005,72
5299,-1.174,-3.607,1.499,0.001,-0.000,-0.004,72
5300,-1.171,-3.607,1.499,0.001,-0.001,-0.002,72
5301,-1.168,-3.607,1.499,0.001,-0.002,-0.000,72
5302,-1.165,-3.607,1.499,0.001,-0.003,0.001,72
5303,-1.161,-3.607,1.499,0.001,-0.003,0.001,72
5304,-1.158,-3.607,1.499,0.001,-0.003,0.001,72
5305,-1.155,-3.607,1.499,0.001,-0.003,0.001,72
5306,-1.151,-3.607,1.499,0.001,-0.002,0.000,72
5307,-1.148,-3.607,1.499,0.001,-0.002,-0.000,72
5308,-1.145,-3.607,1.499,0.001,-0.001,-0.001,72
5309,-1.142,-3.607,1.499,0.001,-0.001,-0.001,72
5310,-1.138,-3.607,1.499,0.001,-0.001,-0.000,72
5311,-1.135,-3.607,1.499,0.001,-0.001,-0.000,72
5312,-1.132,-3.607,1.499,0.001,-0.002,0.000,72
5313,-1.129,-3.607,1.499,0.001,-0.002,0.000,72
5314,-1.125,-3.607,1.499,0.001,-0.002,0.000,72
5315,-1.122,-3.607,1.499,0.001,-0.002,0.000,72
5316,-1.119,-3.607,1.499,0.001,-0.002,0.000,72
5317,-1.115,-3.607,1.499,0.001,-0.002,0.000,72
5318,-1.112,-3.607,1.499,0.001,-0.002,0.000,72
5319,-1.109,-3.607,1.499,0.001,-0.002,0.000,72
5320,-1.106,-3.607,1.499,0.001,-0.002,0.000,72
5321,-1.102,-3.607,1.499,0.001,-0.002,0.000,72
5322,-1.099,-3.607,1.499,0.001,-0.002,0.000,72
5323,-1.096,-3.607,1.499,0.001,-0.002,0.000,72
5324,-1.093,-3.607,1.499,0.001,-0.002,0.000,72
5325,-1.089,-3.607,1.499,0.001,-0.002,0.000,72
5326,-1.086,-3.607,1.499,0.001,-0.002,0.000,72
5327,-1.083,-3.607,1.499,0.001,-0.002,0.000,72
5328,-1.079,-3.607,1.499,0.001,-0.002,0.000,72
5329,-1.076,-3.607,1.499,0.001,-0.002,0.000,72
5330,-1.073,-3.607,1.499,0.001,-0.002,0.000,72
5331,-1.070,-3.607,1.499,0.001,-0.002,0.000,72
5332,-1.066,-3.607,1.499,0.001,-0.002,0.000,72
5333,-1.063,-3.607,1.499,0.001,-0.002,0.000,72
5334,-1.060,-3.607,1.499,0.001,-0.002,0.000,72
5335,-1.057,-3.607,1.499,0.001,-0.002,0.000,72
5336,-1.053,-3.607,1.499,0.001,-0.002,0.000,72
5337,-1.050,-3.607,1.499,0.001,-0.002,0.000,72
5338,-1.047,-3.607,1.499,0.001,-0.002,0.000,72
5339,-1.044,-3.607,1.499,0.001,-0.002,0.000,72
5340,-1.040,-3.607,1.499,0.001,-0.002,0.000,72
5341,-1.037,-3.607,1.499,0.001,-0.002,0.000,72
5342,-1.034,-3.607,1.499,0.001,-0.002,0.000,72
5343,-1.031,-3.607,1.499,0.001,-0.002,-0.000,72
5344,-1.027,-3.607,1.499,0.001,-0.002,-0.000,72
5345,-1.024,-3.607,1.499,0.001,-0.002,-0.000,72
5346,-1.021,-3.607,1.499,0.001,-0.002,-0.000,72
5347,-1.018,-3.607,1.499,0.001,-0.002,0.000,72
5348,-1.014,-3.607,1.499,0.001,-0.002,0.000,72
5349,-1.011,-3.607,1.499,0.001,-0.002,0.000,72
5350,-1.008,-3.607,1.499,0.001,-0.002,0.000,72
5351,-1.004,-3.607,1.499,0.001,-0.002,0.000,72
5352,-1.001,-3.607,1.499,0.001,-0.002,0.000,72
5353,-0.998,-3.607,1.499,0.001,-0.002,0.000,72
5354,-0.995,-3.607,1.499,0.001,-0.002,0.000,72
5355,-0.991,-3.607,1.499,0.001,-0.002,-0.000,72
5356,-0.988,-3.607,1.499,0.001,-0.002,-0.000,72
5357,-0.985,-3.607,1.499,0.001,-0.002,-0.000,72
5358,-0.982,-3.607,1.499,0.001,-0.002,-0.000,72
5359,-0.978,-3.607,1.499,0.001,-0.002,-0.000,72
5360,-0.975,-3.607,1.499,0.001,-0.002,0.000,72
5361,-0.972,-3.607,1.499,0.001,-0.002,0.000,72
5362,-0.969,-3.607,1.499,0.001,-0.002,0.000,72
5363,-0.965,-3.607,1.499,0.001,-0.002,-0.000,72
5364,-0.962,-3.607,1.499,0.001,-0.002,-0.000,72
5365,-0.959,-3.607,1.499,0.001,-0.002,-0.000,72
5366,-0.956,-3.607,1.499,0.001,-0.002,-0.000,72
5367,-0.952,-3.607,1.499,0.001,-0.002,-0.000,72
5368,-0.949,-3.607,1.499,0.001,-0.002,-0.000,72
5369,-0.946,-3.607,1.499,0.001,-0.002,-0.000,72
5370,-0.942,-3.607,1.499,0.001,-0.002,-0.000,72
5371,-0.939,-3.607,1.499,0.001,-0.002,-0.000,72
5372,-0.936,-3.607,1.499,0.001,-0.002,-0.000,72
5373,-0.933,-3.607,1.499,0.001,-0.002,-0.000,72
5374,-0.929,-3.607,1.499,0.001,-0.002,-0.000,72
5375,-0.926,-3.607,1.499,0.001,-0.002,-0.000,72
5376,-0.923,-3.607,1.499,0.001,-0.002,-0.000,72
5377,-0.920,-3.607,1.499,0.001,-0.002,-0.000,72
5378,-0.916,-3.607,1.499,0.001,-0.002,-0.000,72
5379,-0.913,-3.607,1.499,0.001,-0.002,-0.000,72
5380,-0.910,-3.607,1.499,0.001,-0.002,-0.000,72
5381,-0.907,-3.607,1.499,0.001,-0.002,-0.000,72
5382,-0.903,-3.607,1.499,0.001,-0.002,-0.000,72
5383,-0.900,-3.607,1.499,0.001,-0.002,-0.000,72
5384,-0.897,-3.607,1.499,0.001,-0.002,-0.000,72
5385,-0.894,-3.607,1.499,0.001,-0.002,-0.000,72
5386,-0.890,-3.607,1.499,0.001,-0.002,-0.000,72
5387,-0.887,-3.607,1.499,0.001,-0.002,-0.000,72
5388,-0.884,-3.607,1.499,0.001,-0.002,-0.000,72
5389,-0.881,-3.607,1.499,0.001,-0.002,-0.000,72
5390,-0.877,-3.607,1.499,0.001,-0.002,-0.000,72
5391,-0.874,-3.607,1.499,0.001,-0.002,-0.000,72
5392,-0.871,-3.607,1.499,0.001,-0.002,-0.000,72
5393,-0.867,-3.607,1.499,0.001,-0.002,-0.000,72
5394,-0.864,-3.607,1.499,0.001,-0.002,-0.000,72
5395,-0.861,-3.607,1.499,0.001,-0.002,-0.000,72
5396,-0.858,-3.607,1.499,0.001,-0.002,-0.000,72
5397,-0.854,-3.607,1.499,0.001,-0.002,-0.000,72
5398,-0.851,-3.607,1.499,0.001,-0.002,-0.000,72
5399,-0.848,-3.607,1.499,0.001,-0.002,-0.000,72
5400,-0.845,-3.607,1.499,0.001,-0.002,-0.000,72
5401,-0.841,-3.607,1.499,0.001,-0.002,-0.000,72
5402,-0.838,-3.607,1.499,0.001,-0.002,-0.000,72
5403,-0.835,-3.607,1.499,0.001,-0.002,-0.000,72
5404,-0.832,-3.607,1.499,0.001,-0.002,-0.000,72
5405,-0.828,-3.607,1.499,0.001,-0.002,-0.000,72
5406,-0.825,-3.607,1.499,0.001,-0.002,-0.000,72
5407,-0.822,-3.607,1.499,0.001,-0.002,-0.000,72
5408,-0.819,-3.607,1.499,0.001,-0.002,-0.000,72
5409,-0.815,-3.607,1.499,0.001,-0.002,-0.000,72
5410,-0.812,-3.607,1.499,0.001,-0.002,-0.000,72
5411,-0.809,-3.607,1.499,0.001,-0.002,-0.000,72
5412,-0.805,-3.607,1.499,0.001,-0.002,-0.000,72
5413,-0.802,-3.607,1.499,0.001,-0.002,-0.000,72
5414,-0.799,-3.607,1.499,0.001,-0.002,-0.000,72
5415,-0.796,-3.607,1.499,0.001,-0.002,-0.000,72
5416,-0.792,-3.607,1.499,0.001,-0.002,-0.000,72
5417,-0.789,-3.607,1.499,0.001,-0.002,-0.000,72
5418,-0.786,-3.607,1.499,0.001,-0.002,-0.000,72
5419,-0.783,-3.607,1.499,0.001,-0.002,-0.000,72
5420,-0.779,-3.607,1.499,0.001,-0.002,0.000,72
5421,-0.776,-3.607,1.499,0.001,-0.002,-0.000,72
5422,-0.773,-3.607,1.499,0.001,-0.002,-0.000,72
5423,-0.770,-3.607,1.499,0.001,-0.002,-0.000,72
5424,-0.766,-3.607,1.499,0.001,-0.002,-0.000,72
5425,-0.763,-3.607,1.499,0.001,-0.002,-0.000,72
5426,-0.760,-3.607,1.499,0.001,-0.002,-0.000,72
5427,-0.757,-3.607,1.499,0.001,-0.002,-0.000,72
5428,-0.753,-3.607,1.499,0.001,-0.002,-0.000,72
5429,-0.750,-3.607,1.499,0.001,-0.002,-0.000,72
5430,-0.747,-3.607,1.499,0.001,-0.002,-0.000,72
5431,-0.743,-3.607,1.499,0.001,-0.002,-0.000,72
5432,-0.740,-3.607,1.499,0.001,-0.002,-0.000,72
5433,-0.737,-3.607,1.499,0.001,-0.002,-0.000,72
5434,-0.734,-3.607,1.499,0.001,-0.002,-0.000,72
5435,-0.730,-3.607,1.499,0.001,-0.002,-0.000,72
5436,-0.727,-3.607,1.499,0.001,-0.002,-0.000,72
5437,-0.724,-3.607,1.499,0.001,-0.002,0.000,72
5438,-0.721,-3.607,1.499,0.001,-0.002,0.000,72
5439,-0.717,-3.607,1.499,0.001,-0.001,-0.000,72
5440,-0.714,-3.607,1.499,0.001,-0.002,-0.000,72
5441,-0.711,-3.607,1.499,0.001,-0.002,-0.000,72
5442,-0.708,-3.607,1.499,0.001,-0.002,-0.000,72
5443,-0.704,-3.607,1.499,0.001,-0.003,-0.000,72
5444,-0.701,-3.607,1.499,0.001,-0.004,-0.000,72
5445,-0.698,-3.607,1.499,0.001,-0.004,-0.000,72
5446,-0.695,-3.607,1.499,0.001,-0.004,-0.000,72
5447,-0.691,-3.607,1.499,0.001,-0.004,-0.000,72
5448,-0.688,-3.607,1.499,0.001,-0.004,-0.000,72
5449,-0.685,-3.607,1.499,0.001,-0.003,-0.000,72
5450,-0.682,-3.607,1.499,0.001,-0.002,-0.000,72
5451,-0.678,-3.607,1.499,0.001,-0.001,-0.000,72
5452,-0.675,-3.607,1.499,0.001,-0.002,0.030,72
5453,-0.672,-3.607,1.499,0.001,-0.002,0.051,72
5454,-0.669,-3.608,1.499,0.001,-0.001,0.054,72
5455,-0.666,-3.608,1.499,0.001,-0.001,0.043,72
5456,-0.662,-3.609,1.499,0.001,-0.001,0.023,72
5457,-0.659,-3.609,1.499,0.001,-0.000,0.002,72
5458,-0.656,-3.610,1.499,0.001,-0.001,-0.014,72
5459,-0.653,-3.611,1.499,0.001,-0.001,-0.021,72
5460,-0.649,-3.611,1.499,0.001,-0.001,-0.020,72
5461,-0.646,-3.612,1.499,0.001,-0.001,-0.013,72
5462,-0.643,-3.612,1.499,0.001,-0.001,-0.004,72
5463,-0.640,-3.613,1.499,0.001,-0.001,0.004,72
5464,-0.637,-3.613,1.499,0.001,-0.001,0.008,72
5465,-0.633,-3.614,1.499,0.001,-0.000,0.009,72
5466,-0.630,-3.614,1.499,0.001,-0.000,0.006,72
5467,-0.627,-3.615,1.499,0.001,-0.000,0.002,72
5468,-0.623,-3.615,1.499,0.001,-0.000,-0.002,72
5469,-0.620,-3.616,1.499,0.001,-0.001,-0.006,72
5470,-0.617,-3.617,1.499,0.001,-0.001,-0.007,72
5471,-0.614,-3.617,1.499,0.001,-0.002,-0.006,72
5472,-0.610,-3.618,1.499,0.001,-0.002,-0.004,72
5473,-0.607,-3.618,1.499,0.001,-0.002,-0.002,72
5474,-0.604,-3.618,1.499,0.001,-0.002,-0.001,72
5475,-0.601,-3.619,1.499,0.001,-0.002,0.000,72
5476,-0.597,-3.619,1.499,0.001,-0.002,0.000,72
5477,-0.594,-3.620,1.499,0.001,-0.002,-0.000,72
5478,-0.591,-3.620,1.499,0.001,-0.002,-0.001,72
5479,-0.588,-3.621,1.499,0.001,-0.002,-0.002,72
5480,-0.584,-3.621,1.499,0.001,-0.002,-0.003,72
5481,-0.581,-3.622,1.499,0.001,-0.002,-0.003,72
5482,-0.578,-3.622,1.499,0.001,-0.002,-0.003,72
5483,-0.574,-3.623,1.499,0.001,-0.002,-0.003,72
5484,-0.571,-3.623,1.499,0.001,-0.002,-0.002,72
5485,-0.568,-3.623,1.499,0.001,-0.001,-0.001,72
5486,-0.565,-3.624,1.499,0.001,-0.001,-0.001,72
5487,-0.561,-3.624,1.499,0.001,-0.001,-0.001,72
5488,-0.558,-3.625,1.499,0.001,-0.001,-0.001,72
5489,-0.555,-3.625,1.499,0.001,-0.001,-0.002,72
5490,-0.552,-3.625,1.499,0.001,-0.002,-0.002,72
5491,-0.548,-3.626,1.499,0.001,-0.002,-0.002,72
5492,-0.545,-3.626,1.499,0.001,-0.002,-0.002,72
5493,-0.542,-3.627,1.499,0.001,-0.002,-0.002,72
5494,-0.539,-3.627,1.499,0.001,-0.001,-0.002,72
5495,-0.535,-3.627,1.499,0.001,-0.001,-0.002,72
5496,-0.532,-3.628,1.499,0.001,-0.001,-0.002,72
5497,-0.529,-3.628,1.499,0.001,-0.001,-0.001,72
5498,-0.525,-3.628,1.499,0.001,-0.002,-0.001,72
5499,-0.522,-3.629,1.499,0.001,-0.002,-0.001,72
5500,-0.519,-3.629,1.499,0.001,-0.002,-0.001,72
5501,-0.516,-3.629,1.499,0.001,-0.002,-0.002,72
5502,-0.512,-3.630,1.499,0.001,-0.002,-0.002,72
5503,-0.509,-3.630,1.499,0.001,-0.002,-0.002,72
5504,-0.506,-3.630,1.499,0.001,-0.002,-0.001,72
5505,-0.503,-3.631,1.499,0.001,-0.002,-0.001,72
5506,-0.499,-3.631,1.499,0.001,-0.002,-0.001,72
5507,-0.496,-3.631,1.499,0.001,-0.002,-0.001,72
5508,-0.493,-3.632,1.499,0.001,-0.002,-0.001,72
5509,-0.489,-3.632,1.499,0.001,-0.002,-0.001,72
5510,-0.486,-3.632,1.499,0.001,-0.002,-0.001,72
5511,-0.483,-3.633,1.499,0.001,-0.002,-0.001,72
5512,-0.480,-3.633,1.499,0.001,-0.002,-0.001,72
5513,-0.476,-3.633,1.499,0.001,-0.002,-0.001,72
5514,-0.473,-3.633,1.499,0.001,-0.002,-0.001,72
5515,-0.470,-3.634,1.499,0.001,-0.002,-0.001,72
5516,-0.467,-3.634,1.499,0.001,-0.002,-0.001,72
5517,-0.463,-3.634,1.499,0.001,-0.002,-0.001,72
5518,-0.460,-3.635,1.499,0.001,-0.002,-0.001,72
5519,-0.457,-3.635,1.499,0.001,-0.002,-0.001,72
5520,-0.454,-3.635,1.499,0.001,-0.002,-0.001,72
5521,-0.450,-3.635,1.499,0.001,-0.002,-0.001,72
5522,-0.447,-3.636,1.499,0.001,-0.002,-0.001,72
5523,-0.444,-3.636,1.499,0.001,-0.002,-0.001,72
5524,-0.440,-3.636,1.499,0.001,-0.002,-0.001,72
5525,-0.437,-3.636,1.499,0.001,-0.002,-0.001,72
5526,-0.434,-3.637,1.499,0.001,-0.002,-0.001,72
5527,-0.431,-3.637,1.499,0.001,-0.002,-0.001,72
5528,-0.427,-3.637,1.499,0.001,-0.002,-0.001,72
5529,-0.424,-3.637,1.499,0.001,-0.002,-0.001,72
5530,-0.421,-3.638,1.499,0.001,-0.002,-0.001,72
5531,-0.418,-3.638,1.499,0.001,-0.002,-0.001,72
5532,-0.414,-3.638,1.499,0.001,-0.002,-0.001,72
5533,-0.411,-3.638,1.499,0.001,-0.002,-0.001,72
5534,-0.408,-3.638,1.499,0.001,-0.002,-0.001,72
5535,-0.405,-3.639,1.499,0.001,-0.002,-0.001,72
5536,-0.401,-3.639,1.499,0.001,-0.002,-0.001,72
5537,-0.398,-3.639,1.499,0.001,-0.002,-0.001,72
5538,-0.395,-3.639,1.499,0.001,-0.002,-0.001,72
5539,-0.392,-3.639,1.499,0.001,-0.002,-0.001,72
5540,-0.388,-3.640,1.499,0.001,-0.002,-0.001,72
5541,-0.385,-3.640,1.499,0.001,-0.002,-0.001,72
5542,-0.382,-3.640,1.499,0.001,-0.002,-0.001,72
5543,-0.379,-3.640,1.499,0.001,-0.002,-0.001,72
5544,-0.375,-3.640,1.499,0.001,-0.002,-0.001,72
5545,-0.372,-3.641,1.499,0.001,-0.002,-0.001,72
5546,-0.369,-3.641,1.499,0.001,-0.002,-0.001,72
5547,-0.366,-3.641,1.499,0.001,-0.002,-0.001,72
5548,-0.362,-3.641,1.499,0.001,-0.002,-0.001,72
5549,-0.359,-3.641,1.499,0.001,-0.002,-0.001,72
5550,-0.356,-3.642,1.499,0.001,-0.002,-0.001,72
5551,-0.353,-3.642,1.499,0.001,-0.002,-0.001,72
5552,-0.349,-3.642,1.499,0.001,-0.002,-0.001,72
5553,-0.346,-3.642,1.499,0.001,-0.002,-0.001,72
5554,-0.343,-3.642,1.499,0.001,-0.002,-0.001,72
5555,-0.339,-3.642,1.499,0.001,-0.002,-0.001,72
5556,-0.336,-3.643,1.499,0.001,-0.002,-0.001,72
5557,-0.333,-3.643,1.499,0.001,-0.002,-0.001,72
5558,-0.330,-3.643,1.499,0.001,-0.002,-0.001,72
5559,-0.326,-3.643,1.499,0.001,-0.002,-0.001,72
5560,-0.323,-3.643,1.499,0.001,-0.002,-0.001,72
5561,-0.320,-3.643,1.499,0.001,-0.002,-0.001,72
5562,-0.317,-3.643,1.499,0.001,-0.001,-0.001,72
5563,-0.313,-3.644,1.499,0.001,-0.001,-0.001,72
5564,-0.310,-3.644,1.499,0.001,-0.001,-0.001,72
5565,-0.307,-3.644,1.499,0.001,-0.001,-0.001,72
5566,-0.304,-3.644,1.499,0.001,-0.001,-0.001,72
5567,-0.300,-3.644,1.499,0.001,-0.001,-0.001,72
5568,-0.297,-3.644,1.499,0.001,-0.001,-0.001,72
5569,-0.294,-3.645,1.499,0.001,-0.002,-0.001,72
5570,-0.291,-3.645,1.499,0.001,-0.002,-0.001,72
5571,-0.287,-3.645,1.499,0.001,-0.002,-0.001,72
5572,-0.284,-3.645,1.499,0.001,-0.002,-0.001,72
5573,-0.281,-3.645,1.499,0.001,-0.002,-0.001,72
5574,-0.278,-3.645,1.499,0.001,-0.002,-0.001,72
5575,-0.274,-3.645,1.499,0.001,-0.002,-0.001,72
5576,-0.271,-3.645,1.499,0.001,-0.002,-0.007,72
5577,-0.268,-3.646,1.499,0.001,-0.002,-0.011,72
5578,-0.265,-3.646,1.499,0.001,-0.002,-0.011,72
5579,-0.261,-3.646,1.499,0.001,-0.002,-0.008,72
5580,-0.258,-3.646,1.499,0.001,-0.002,-0.004,72
5581,-0.255,-3.646,1.499,0.001,-0.002,-0.001,72
5582,-0.252,-3.646,1.499,0.001,-0.002,0.002,72
5583,-0.248,-3.646,1.499,0.001,-0.002,0.003,72
5584,-0.245,-3.646,1.499,0.001,-0.002,0.003,72
5585,-0.242,-3.646,1.499,0.001,-0.002,0.001,72
5586,-0.239,-3.646,1.499,0.001,-0.002,-0.000,72
5587,-0.235,-3.646,1.499,0.001,-0.002,-0.001,72
5588,-0.232,-3.646,1.499,0.001,-0.002,-0.002,72
5589,-0.229,-3.646,1.499,0.001,-0.001,-0.002,72
5590,-0.226,-3.646,1.499,0.001,-0.002,-0.001,72
5591,-0.222,-3.646,1.499,0.001,-0.002,-0.000,72
5592,-0.219,-3.646,1.499,0.001,-0.002,0.000,72
5593,-0.216,-3.646,1.499,0.001,-0.002,0.001,72
5594,-0.213,-3.646,1.499,0.001,-0.002,0.001,72
5595,-0.209,-3.646,1.499,0.001,-0.002,0.000,72
5596,-0.206,-3.646,1.499,0.001,-0.002,0.000,72
5597,-0.203,-3.646,1.499,0.001,-0.002,-0.000,72
5598,-0.199,-3.646,1.499,0.001,-0.002,-0.000,72
5599,-0.196,-3.646,1.499,0.001,-0.002,-0.000,72
5600,-0.193,-3.646,1.499,0.001,-0.002,-0.000,72
5601,-0.190,-3.646,1.499,0.001,-0.002,-0.000,72
5602,-0.186,-3.646,1.499,0.001,-0.002,-0.000,72
5603,-0.183,-3.646,1.499,0.001,-0.002,0.000,72
5604,-0.180,-3.646,1.499,0.001,-0.002,0.000,72
5605,-0.177,-3.646,1.499,0.001,-0.002,0.000,72
5606,-0.173,-3.646,1.499,0.001,-0.001,-0.000,72
5607,-0.170,-3.646,1.499,0.001,-0.001,-0.000,72
5608,-0.167,-3.646,1.499,0.001,-0.002,-0.000,72
5609,-0.164,-3.646,1.499,0.001,-0.001,-0.000,72
5610,-0.160,-3.646,1.499,0.001,-0.001,-0.000,72
5611,-0.157,-3.646,1.499,0.001,-0.001,0.000,72
5612,-0.154,-3.646,1.499,0.001,-0.002,0.000,72
5613,-0.151,-3.646,1.499,0.001,-0.002,0.000,72
5614,-0.147,-3.646,1.499,0.001,-0.002,0.000,72
5615,-0.144,-3.646,1.499,0.001,-0.002,0.000,72
5616,-0.141,-3.646,1.499,0.001,-0.002,-0.000,72
5617,-0.138,-3.646,1.499,0.001,-0.002,-0.000,72
5618,-0.134,-3.646,1.499,0.001,-0.002,-0.000,72
5619,-0.131,-3.646,1.499,0.001,-0.002,-0.000,72
5620,-0.128,-3.646,1.499,0.001,-0.002,-0.000,72
5621,-0.125,-3.646,1.499,0.001,-0.002,0.000,72
5622,-0.121,-3.646,1.499,0.001,-0.001,0.000,72
5623,-0.118,-3.646,1.499,0.001,-0.002,0.000,72
5624,-0.115,-3.646,1.499,0.001,-0.002,-0.000,72
5625,-0.112,-3.646,1.499,0.001,-0.002,-0.000,72
5626,-0.108,-3.646,1.499,0.001,-0.002,-0.000,72
5627,-0.105,-3.646,1.499,0.001,-0.002,-0.000,72
5628,-0.102,-3.646,1.499,0.001,-0.001,-0.000,72
5629,-0.099,-3.646,1.500,0.001,-0.001,-0.000,72
5630,-0.095,-3.646,1.500,0.001,-0.001,-0.000,72
5631,-0.092,-3.646,1.500,0.001,-0.002,-0.000,72
5632,-0.089,-3.646,1.500,0.001,-0.002,-0.000,72
5633,-0.086,-3.646,1.500,0.001,-0.002,-0.000,72
5634,-0.082,-3.646,1.500,0.001,-0.002,-0.000,72
5635,-0.079,-3.646,1.500,0.001,-0.002,-0.000,72
5636,-0.076,-3.646,1.500,0.001,-0.002,-0.000,72
5637,-0.073,-3.646,1.500,0.001,-0.002,0.000,72
5638,-0.069,-3.646,1.500,0.001,-0.002,0.000,72
5639,-0.066,-3.646,1.500,0.001,-0.002,0.000,72
5640,-0.063,-3.646,1.500,0.001,-0.002,0.000,72
5641,-0.059,-3.646,1.500,0.001,-0.002,0.000,72
5642,-0.056,-3.646,1.500,0.001,-0.002,-0.000,72
5643,-0.053,-3.646,1.500,0.001,-0.002,-0.000,72
5644,-0.050,-3.646,1.500,0.001,-0.002,-0.000,72
5645,-0.046,-3.646,1.500,0.001,-0.002,-0.000,72
5646,-0.043,-3.646,1.500,0.001,-0.002,-0.000,72
5647,-0.040,-3.646,1.500,0.001,-0.002,-0.000,72
5648,-0.037,-3.646,1.500,0.001,-0.002,-0.000,72
5649,-0.033,-3.646,1.500,0.001,-0.002,-0.000,72
5650,-0.030,-3.646,1.500,0.001,-0.002,0.000,72
5651,-0.027,-3.646,1.500,0.001,-0.002,0.000,72
5652,-0.024,-3.646,1.500,0.001,-0.002,0.000,72
5653,-0.020,-3.646,1.500,0.001,-0.002,0.000,72
5654,-0.017,-3.646,1.500,0.001,-0.002,0.000,72
5655,-0.014,-3.646,1.500,0.001,-0.002,-0.000,72
5656,-0.011,-3.646,1.500,0.001,-0.002,-0.000,72
5657,-0.007,-3.646,1.500,0.001,-0.002,0.000,72
5658,-0.004,-3.646,1.499,0.001,-0.002,0.000,72
5659,-0.001,-3.646,1.499,0.001,-0.002,0.000,72
5660,0.003,-3.646,1.499,0.001,-0.002,0.000,72
5661,0.006,-3.646,1.499,0.001,-0.002,0.000,72
5662,0.009,-3.646,1.499,0.001,-0.002,0.000,72
5663,0.012,-3.645,1.499,0.001,-0.002,0.000,72
5664,0.016,-3.645,1.499,0.001,-0.002,0.000,72
5665,0.019,-3.645,1.499,0.001,-0.002,0.000,72
5666,0.022,-3.645,1.499,0.001,-0.002,0.000,72
5667,0.025,-3.645,1.499,0.001,-0.002,0.000,72
5668,0.029,-3.645,1.499,0.001,-0.002,0.000,72
5669,0.032,-3.645,1.499,0.001,-0.002,0.000,72
5670,0.035,-3.645,1.499,0.001,-0.002,0.000,72
5671,0.038,-3.645,1.499,0.001,-0.002,0.000,72
5672,0.042,-3.645,1.499,0.001,-0.002,0.000,72
5673,0.045,-3.645,1.499,0.001,-0.002,0.000,72
5674,0.048,-3.645,1.499,0.001,-0.002,0.000,72
5675,0.051,-3.645,1.499,0.001,-0.002,0.000,72
5676,0.055,-3.645,1.499,0.001,-0.002,0.000,72
5677,0.058,-3.645,1.499,0.001,-0.002,0.000,72
5678,0.061,-3.645,1.499,0.001,-0.002,0.000,72
5679,0.064,-3.645,1.499,0.001,-0.002,0.000,72
5680,0.068,-3.645,1.499,0.001,-0.002,0.000,72
5681,0.071,-3.645,1.499,0.001,-0.002,0.000,72
5682,0.074,-3.645,1.499,0.001,-0.002,0.000,72
5683,0.078,-3.645,1.499,0.001,-0.002,0.000,72
5684,0.081,-3.645,1.499,0.001,-0.002,0.000,72
5685,0.084,-3.645,1.499,0.001,-0.002,0.000,72
5686,0.087,-3.645,1.499,0.001,-0.002,0.000,72
5687,0.091,-3.645,1.499,0.001,-0.002,0.000,72
5688,0.094,-3.645,1.499,0.001,-0.002,0.000,72
5689,0.097,-3.645,1.499,0.001,-0.002,0.000,72
5690,0.100,-3.646,1.499,0.001,-0.002,0.000,72
5691,0.104,-3.646,1.499,0.001,-0.002,0.000,72
5692,0.107,-3.646,1.499,0.001,-0.002,-0.000,72
5693,0.110,-3.646,1.499,0.001,-0.002,0.000,72
5694,0.113,-3.646,1.499,0.001,-0.002,0.000,72
5695,0.117,-3.646,1.499,0.001,-0.002,0.000,72
5696,0.120,-3.646,1.499,0.001,-0.002,0.000,72
5697,0.123,-3.646,1.499,0.001,-0.002,0.000,72
5698,0.126,-3.646,1.499,0.001,-0.002,0.000,72
5699,0.130,-3.646,1.499,0.001,-0.002,0.000,72
5700,0.133,-3.646,1.499,0.001,-0.002,0.000,72
5701,0.136,-3.646,1.499,0.001,-0.002,0.000,72
5702,0.140,-3.646,1.499,0.001,-0.002,0.000,72
5703,0.143,-3.646,1.499,0.001,-0.002,0.000,72
5704,0.146,-3.646,1.499,0.001,-0.002,0.000,72
5705,0.149,-3.646,1.499,0.001,-0.002,0.000,72
5706,0.153,-3.646,1.499,0.001,-0.002,0.000,72
5707,0.156,-3.646,1.499,0.001,-0.002,0.000,72
5708,0.159,-3.646,1.499,0.001,-0.002,0.000,72
5709,0.162,-3.646,1.499,0.001,-0.002,0.000,72
5710,0.166,-3.646,1.499,0.001,-0.002,0.000,72
5711,0.169,-3.646,1.499,0.001,-0.002,0.000,72
5712,0.172,-3.646,1.499,0.001,-0.001,0.006,72
5713,0.175,-3.646,1.499,0.001,-0.001,0.011,72
5714,0.179,-3.646,1.499,0.001,-0.001,0.011,72
5715,0.182,-3.646,1.499,0.001,-0.001,0.009,72
5716,0.185,-3.646,1.499,0.001,-0.001,0.005,72
5717,0.189,-3.646,1.499,0.001,-0.003,-0.006,72
5718,0.192,-3.646,1.499,0.001,-0.003,-0.013,72
5719,0.195,-3.646,1.498,0.001,-0.003,-0.015,72
5720,0.198,-3.646,1.498,0.001,-0.003,-0.012,72
5721,0.202,-3.646,1.498,0.001,-0.002,-0.006,72
5722,0.205,-3.646,1.498,0.001,-0.002,-0.001,72
5723,0.208,-3.646,1.498,0.001,-0.001,0.003,72
5724,0.211,-3.646,1.498,0.001,-0.001,0.005,72
5725,0.215,-3.646,1.498,0.001,-0.001,0.004,72
5726,0.218,-3.646,1.498,0.001,-0.001,0.003,72
5727,0.221,-3.647,1.498,0.001,-0.002,0.000,72
5728,0.224,-3.647,1.498,0.001,-0.002,-0.001,72
5729,0.228,-3.647,1.498,0.001,-0.002,-0.002,72
5730,0.231,-3.647,1.498,0.001,-0.002,-0.002,72
5731,0.234,-3.647,1.498,0.001,-0.002,-0.002,72
5732,0.237,-3.647,1.498,0.001,-0.002,-0.001,72
5733,0.241,-3.647,1.498,0.001,-0.002,0.000,72
5734,0.244,-3.647,1.498,0.001,-0.002,0.001,72
5735,0.247,-3.647,1.498,0.001,-0.002,0.001,72
5736,0.251,-3.647,1.498,0.001,-0.002,0.001,72
5737,0.254,-3.647,1.498,0.001,-0.002,0.000,72
5738,0.257,-3.647,1.498,0.001,-0.002,-0.000,72
5739,0.260,-3.647,1.498,0.001,-0.002,-0.000,72
5740,0.264,-3.647,1.498,0.001,-0.002,-0.000,72
5741,0.267,-3.647,1.498,0.001,-0.002,-0.000,72
5742,0.270,-3.647,1.498,0.001,-0.002,-0.000,72
5743,0.273,-3.647,1.498,0.001,-0.002,-0.000,72
5744,0.277,-3.647,1.498,0.001,-0.002,-0.000,72
5745,0.280,-3.647,1.498,0.001,-0.002,0.000,72
5746,0.283,-3.647,1.498,0.001,-0.002,0.000,72
5747,0.286,-3.647,1.498,0.001,-0.002,0.000,72
5748,0.290,-3.647,1.498,0.001,-0.002,0.000,72
5749,0.293,-3.647,1.498,0.001,-0.002,-0.000,72
5750,0.296,-3.647,1.498,0.001,-0.002,-0.000,72
5751,0.299,-3.647,1.498,0.001,-0.002,-0.000,72
5752,0.303,-3.647,1.498,0.001,-0.002,-0.000,72
5753,0.306,-3.647,1.498,0.001,-0.002,-0.000,72
5754,0.309,-3.647,1.498,0.001,-0.002,-0.000,72
5755,0.313,-3.647,1.498,0.001,-0.002,-0.000,72
5756,0.316,-3.647,1.498,0.001,-0.002,-0.000,72
5757,0.319,-3.647,1.498,0.001,-0.002,-0.000,72
5758,0.322,-3.647,1.498,0.001,-0.002,-0.000,72
5759,0.326,-3.647,1.498,0.001,-0.002,-0.000,72
5760,0.329,-3.647,1.498,0.001,-0.002,-0.000,72
5761,0.332,-3.647,1.498,0.001,-0.002,-0.000,72
5762,0.335,-3.647,1.498,0.001,-0.002,-0.000,72
5763,0.339,-3.647,1.498,0.001,-0.002,-0.000,72
5764,0.342,-3.647,1.498,0.001,-0.002,-0.000,72
5765,0.345,-3.647,1.498,0.001,-0.002,-0.000,72
5766,0.348,-3.647,1.498,0.001,-0.002,-0.000,72
5767,0.352,-3.647,1.498,0.001,-0.002,-0.000,72
5768,0.355,-3.647,1.498,0.001,-0.002,-0.000,72
5769,0.358,-3.647,1.498,0.001,-0.002,-0.000,72
5770,0.361,-3.647,1.498,0.001,-0.002,-0.000,72
5771,0.365,-3.647,1.498,0.001,-0.002,-0.000,72
5772,0.368,-3.647,1.498,0.001,-0.002,-0.000,72
5773,0.371,-3.647,1.498,0.001,-0.002,-0.000,72
5774,0.374,-3.647,1.498,0.001,-0.002,-0.000,72
5775,0.378,-3.647,1.498,0.001,-0.002,0.000,72
5776,0.381,-3.647,1.498,0.001,-0.002,0.000,72
5777,0.384,-3.647,1.498,0.001,-0.002,-0.000,72
5778,0.388,-3.647,1.498,0.001,-0.002,-0.000,72
5779,0.391,-3.647,1.498,0.001,-0.002,-0.000,72
5780,0.394,-3.647,1.498,0.001,-0.002,-0.000,72
5781,0.397,-3.647,1.498,0.001,-0.002,-0.000,72
5782,0.401,-3.647,1.498,0.001,-0.002,-0.000,72
5783,0.404,-3.647,1.498,0.001,-0.002,-0.000,72
5784,0.407,-3.647,1.498,0.001,-0.002,-0.000,72
5785,0.410,-3.647,1.498,0.001,-0.002,-0.000,72
5786,0.414,-3.647,1.498,0.001,-0.002,-0.000,72
5787,0.417,-3.647,1.498,0.001,-0.002,-0.000,72
5788,0.420,-3.647,1.498,0.001,-0.002,-0.000,72
5789,0.423,-3.647,1.498,0.001,-0.002,-0.000,72
5790,0.427,-3.647,1.498,0.001,-0.002,-0.000,72
5791,0.430,-3.647,1.498,0.001,-0.002,-0.000,72
5792,0.433,-3.647,1.498,0.001,-0.002,-0.000,72
5793,0.436,-3.647,1.498,0.001,-0.002,-0.000,72
5794,0.440,-3.647,1.498,0.001,-0.002,-0.000,72
5795,0.443,-3.647,1.498,0.001,-0.002,-0.000,72
5796,0.446,-3.647,1.498,0.001,-0.002,0.000,72
5797,0.450,-3.647,1.498,0.001,-0.002,0.000,72
5798,0.453,-3.647,1.498,0.001,-0.002,0.000,72
5799,0.456,-3.647,1.498,0.001,-0.002,0.000,72
5800,0.459,-3.647,1.498,0.001,-0.002,0.000,72
5801,0.463,-3.647,1.498,0.001,-0.002,0.000,72
5802,0.466,-3.647,1.498,0.001,-0.002,0.000,72
5803,0.469,-3.647,1.498,0.001,-0.002,-0.000,72
5804,0.472,-3.647,1.498,0.001,-0.002,-0.000,72
5805,0.476,-3.647,1.498,0.001,-0.002,-0.000,72
5806,0.479,-3.647,1.498,0.001,-0.002,-0.000,72
5807,0.482,-3.647,1.498,0.001,-0.002,0.000,72
5808,0.485,-3.647,1.498,0.001,-0.002,0.000,72
5809,0.489,-3.647,1.498,0.001,-0.002,0.000,72
5810,0.492,-3.647,1.498,0.001,-0.002,0.000,72
5811,0.495,-3.647,1.498,0.001,-0.002,0.000,72
5812,0.498,-3.647,1.498,0.001,-0.002,0.000,72
5813,0.502,-3.647,1.498,0.001,-0.002,0.000,72
5814,0.505,-3.647,1.498,0.001,-0.002,0.000,72
5815,0.508,-3.647,1.498,0.001,-0.002,0.000,72
5816,0.512,-3.647,1.498,0.001,-0.002,0.000,72
5817,0.515,-3.647,1.498,0.001,-0.002,0.000,72
5818,0.518,-3.647,1.498,0.001,-0.002,0.000,72
5819,0.521,-3.647,1.498,0.001,-0.002,0.000,72
5820,0.525,-3.647,1.498,0.001,-0.002,0.000,72
5821,0.528,-3.647,1.498,0.001,-0.002,0.000,72
5822,0.531,-3.647,1.498,0.001,-0.002,0.000,72
5823,0.534,-3.647,1.498,0.001,-0.002,0.000,72
5824,0.538,-3.647,1.498,0.001,-0.002,0.000,72
5825,0.541,-3.647,1.498,0.001,-0.002,-0.000,72
5826,0.544,-3.647,1.498,0.001,-0.002,-0.000,72
5827,0.547,-3.647,1.498,0.001,-0.001,-0.000,72
5828,0.551,-3.647,1.498,0.001,-0.001,-0.000,72
5829,0.554,-3.647,1.498,0.001,-0.001,0.000,72
5830,0.557,-3.647,1.498,0.001,-0.001,0.000,72
5831,0.560,-3.647,1.498,0.001,-0.002,-0.000,72
5832,0.564,-3.647,1.498,0.001,-0.002,-0.000,72
5833,0.567,-3.647,1.498,0.001,-0.002,0.000,72
5834,0.570,-3.647,1.498,0.001,-0.002,0.000,72
5835,0.574,-3.647,1.498,0.001,-0.002,0.000,72
5836,0.577,-3.647,1.498,0.001,-0.002,0.000,72
5837,0.580,-3.647,1.498,0.001,-0.002,0.000,72
5838,0.583,-3.647,1.498,0.001,-0.002,0.000,72
5839,0.587,-3.647,1.498,0.001,-0.002,-0.000,72
5840,0.590,-3.647,1.498,0.001,-0.002,-0.000,72
5841,0.593,-3.647,1.498,0.001,-0.001,-0.000,72
5842,0.596,-3.647,1.498,0.001,-0.002,-0.000,72
5843,0.600,-3.647,1.498,0.001,-0.002,-0.000,72
5844,0.603,-3.647,1.498,0.001,-0.002,0.000,72
5845,0.606,-3.647,1.498,0.001,-0.002,0.000,72
5846,0.609,-3.647,1.498,0.001,-0.002,0.000,72
5847,0.613,-3.647,1.498,0.001,-0.001,0.000,72
5848,0.616,-3.647,1.498,0.001,-0.001,0.000,72
5849,0.619,-3.647,1.498,0.001,-0.002,0.000,72
5850,0.623,-3.647,1.498,0.001,-0.001,-0.000,72
5851,0.626,-3.647,1.498,0.001,-0.001,-0.000,72
5852,0.629,-3.647,1.498,0.001,-0.001,0.000,72
5853,0.632,-3.647,1.498,0.001,-0.001,0.000,72
5854,0.636,-3.647,1.498,0.001,-0.001,0.000,72
5855,0.639,-3.647,1.498,0.001,-0.001,0.000,72
5856,0.642,-3.647,1.498,0.001,-0.001,0.000,72
5857,0.645,-3.647,1.498,0.001,-0.001,0.000,72
5858,0.649,-3.647,1.498,0.001,-0.002,0.000,72
5859,0.652,-3.647,1.498,0.001,-0.002,0.000,72
5860,0.655,-3.647,1.498,0.001,-0.002,0.000,72
5861,0.659,-3.647,1.498,0.001,-0.002,0.000,72
5862,0.662,-3.647,1.498,0.001,-0.002,0.000,72
5863,0.665,-3.647,1.498,0.001,-0.002,0.000,72
5864,0.668,-3.647,1.498,0.001,-0.002,0.000,72
5865,0.672,-3.647,1.498,0.001,-0.002,0.000,72
5866,0.675,-3.647,1.498,0.001,-0.002,0.000,72
5867,0.678,-3.647,1.498,0.001,-0.002,0.000,72
5868,0.681,-3.647,1.498,0.001,-0.002,0.000,72
5869,0.685,-3.647,1.498,0.001,-0.002,0.000,72
5870,0.688,-3.647,1.498,0.001,-0.002,0.000,72
5871,0.691,-3.647,1.498,0.001,-0.002,0.000,72
5872,0.695,-3.647,1.498,0.001,-0.002,0.000,72
5873,0.698,-3.647,1.498,0.001,-0.002,0.000,72
5874,0.701,-3.647,1.498,0.001,-0.002,0.000,72
5875,0.704,-3.647,1.498,0.001,-0.002,-0.000,72
5876,0.708,-3.647,1.498,0.001,-0.002,-0.000,72
5877,0.711,-3.647,1.498,0.001,-0.002,-0.000,72
5878,0.714,-3.647,1.498,0.001,-0.002,-0.000,72
5879,0.717,-3.647,1.498,0.001,-0.002,0.000,72
5880,0.721,-3.647,1.498,0.001,-0.002,0.000,72
5881,0.724,-3.647,1.498,0.001,-0.002,0.000,72
5882,0.727,-3.647,1.498,0.001,-0.001,-0.025,72
5883,0.731,-3.647,1.498,0.001,-0.001,-0.041,72
5884,0.734,-3.647,1.498,0.001,-0.001,-0.042,72
5885,0.737,-3.646,1.498,0.001,-0.001,-0.033,72
5886,0.740,-3.646,1.498,0.001,-0.002,-0.016,72
5887,0.744,-3.645,1.498,0.001,-0.002,-0.001,72
5888,0.747,-3.645,1.498,0.001,-0.002,0.010,72
5889,0.750,-3.644,1.498,0.001,-0.002,0.015,72
5890,0.753,-3.644,1.498,0.001,-0.002,0.013,72
5891,0.757,-3.643,1.498,0.001,-0.002,0.009,72
5892,0.760,-3.643,1.498,0.001,-0.002,0.003,72
5893,0.763,-3.642,1.498,0.001,-0.002,-0.002,72
5894,0.766,-3.642,1.498,0.001,-0.002,-0.005,72
5895,0.770,-3.642,1.498,0.001,-0.002,-0.005,72
5896,0.773,-3.641,1.498,0.001,-0.002,-0.003,72
5897,0.776,-3.641,1.498,0.001,-0.002,-0.000,72
5898,0.780,-3.640,1.498,0.001,-0.002,0.002,72
5899,0.783,-3.640,1.498,0.001,-0.002,0.004,72
5900,0.786,-3.640,1.498,0.001,-0.002,0.004,72
5901,0.789,-3.639,1.498,0.001,-0.002,0.004,72
5902,0.793,-3.639,1.498,0.001,-0.002,0.003,72
5903,0.796,-3.638,1.498,0.001,-0.002,0.002,72
5904,0.799,-3.638,1.498,0.001,-0.002,0.001,72
5905,0.802,-3.638,1.498,0.001,-0.002,0.001,72
5906,0.806,-3.637,1.498,0.001,-0.002,0.000,72
5907,0.809,-3.637,1.498,0.001,-0.002,0.001,72
5908,0.812,-3.637,1.498,0.001,-0.002,0.001,72
5909,0.815,-3.636,1.497,0.001,-0.002,0.001,72
5910,0.819,-3.636,1.497,0.001,-0.003,0.001,72
5911,0.822,-3.636,1.497,0.001,-0.002,0.002,72
5912,0.825,-3.635,1.497,0.001,-0.002,0.002,72
5913,0.828,-3.635,1.497,0.001,-0.002,0.002,72
5914,0.832,-3.635,1.497,0.001,-0.002,0.002,72
5915,0.835,-3.634,1.497,0.001,-0.002,0.001,72
5916,0.838,-3.634,1.497,0.001,-0.002,0.001,72
5917,0.841,-3.634,1.497,0.001,-0.002,0.001,72
5918,0.845,-3.633,1.497,0.001,-0.001,0.001,72
5919,0.848,-3.633,1.497,0.001,-0.001,0.001,72
5920,0.851,-3.633,1.497,0.001,-0.002,0.001,72
5921,0.854,-3.632,1.497,0.001,-0.001,0.002,72
5922,0.858,-3.632,1.497,0.001,-0.001,0.001,72
5923,0.861,-3.632,1.497,0.001,-0.001,0.001,72
5924,0.864,-3.631,1.497,0.001,-0.001,0.002,72
5925,0.867,-3.631,1.497,0.001,-0.002,0.001,72
5926,0.871,-3.631,1.497,0.001,-0.002,0.002,72
5927,0.874,-3.631,1.497,0.001,-0.002,0.002,72
5928,0.877,-3.630,1.497,0.001,-0.002,0.001,72
5929,0.880,-3.630,1.497,0.001,-0.001,0.001,72
5930,0.884,-3.630,1.497,0.001,-0.002,0.002,72
5931,0.887,-3.629,1.497,0.001,-0.001,0.002,72
5932,0.890,-3.629,1.497,0.001,-0.002,0.002,72
5933,0.893,-3.629,1.497,0.001,-0.002,0.002,72
5934,0.897,-3.629,1.497,0.001,-0.002,0.001,72
5935,0.900,-3.629,1.497,0.001,-0.002,0.001,72
5936,0.903,-3.628,1.497,0.001,-0.002,0.001,72
5937,0.906,-3.628,1.497,0.001,-0.002,0.001,72
5938,0.910,-3.628,1.497,0.001,-0.002,0.001,72
5939,0.913,-3.628,1.497,0.001,-0.001,0.001,72
5940,0.916,-3.627,1.497,0.001,-0.001,0.001,72
5941,0.919,-3.627,1.497,0.001,-0.001,0.001,72
5942,0.923,-3.627,1.496,0.001,-0.001,0.001,72
5943,0.926,-3.627,1.496,0.001,-0.001,0.000,72
5944,0.929,-3.626,1.496,0.001,-0.001,0.000,72
5945,0.932,-3.626,1.496,0.001,-0.001,0.001,72
5946,0.936,-3.626,1.496,0.001,-0.002,0.000,72
5947,0.939,-3.626,1.496,0.001,-0.002,0.001,72
5948,0.942,-3.626,1.496,0.001,-0.002,0.000,72
5949,0.946,-3.625,1.496,0.001,-0.002,0.001,72
5950,0.949,-3.625,1.496,0.001,-0.002,0.000,72
5951,0.952,-3.625,1.496,0.001,-0.002,-0.000,72
5952,0.955,-3.625,1.496,0.001,-0.002,0.000,72
5953,0.959,-3.625,1.496,0.001,-0.002,-0.000,72
5954,0.962,-3.624,1.496,0.001,-0.002,0.000,72
5955,0.965,-3.624,1.496,0.001,-0.002,0.000,72
5956,0.968,-3.624,1.496,0.001,-0.002,0.001,72
5957,0.972,-3.624,1.496,0.001,-0.002,0.001,72
5958,0.975,-3.624,1.496,0.001,-0.002,0.001,72
5959,0.978,-3.623,1.496,0.001,-0.001,0.000,72
5960,0.981,-3.623,1.496,0.001,-0.001,0.000,72
5961,0.985,-3.623,1.496,0.001,-0.001,0.000,72
5962,0.988,-3.623,1.496,0.001,-0.001,0.001,72
5963,0.991,-3.623,1.496,0.001,-0.001,0.001,72
5964,0.994,-3.622,1.496,0.001,-0.001,0.001,72
5965,0.998,-3.622,1.496,0.001,-0.002,0.001,72
5966,1.001,-3.622,1.496,0.001,-0.002,0.002,72
5967,1.004,-3.622,1.496,0.001,-0.002,0.001,72
5968,1.008,-3.622,1.496,0.001,-0.002,0.001,72
5969,1.011,-3.621,1.496,0.001,-0.002,0.001,72
5970,1.014,-3.621,1.496,0.001,-0.002,0.001,72
5971,1.017,-3.621,1.496,0.001,-0.001,0.001,72
5972,1.021,-3.621,1.496,0.001,-0.001,0.000,72
5973,1.024,-3.621,1.496,0.001,-0.002,-0.000,72
5974,1.027,-3.621,1.496,0.001,-0.002,-0.000,72
5975,1.030,-3.620,1.496,0.001,-0.002,-0.000,72
5976,1.034,-3.620,1.496,0.001,-0.002,0.000,72
5977,1.037,-3.620,1.496,0.001,-0.002,0.001,72
5978,1.040,-3.620,1.496,0.001,-0.002,0.001,72
5979,1.044,-3.620,1.496,0.001,-0.002,0.001,72
5980,1.047,-3.620,1.496,0.001,-0.002,0.001,72
5981,1.050,-3.620,1.496,0.001,-0.002,0.001,72
5982,1.053,-3.619,1.496,0.001,-0.002,0.001,72
5983,1.057,-3.619,1.496,0.001,-0.002,0.007,72
5984,1.060,-3.619,1.496,0.001,-0.002,0.005,72
5985,1.063,-3.619,1.496,0.001,-0.002,0.001,72
5986,1.066,-3.619,1.496,0.001,-0.002,-0.001,72
5987,1.070,-3.619,1.496,0.001,-0.002,-0.004,72
5988,1.073,-3.619,1.496,0.001,-0.002,-0.003,72
5989,1.076,-3.619,1.496,0.001,-0.002,-0.002,72
5990,1.079,-3.618,1.495,0.001,-0.002,-0.001,72
5991,1.083,-3.618,1.495,0.001,-0.002,0.007,72
5992,1.086,-3.618,1.495,0.001,-0.002,0.005,72
5993,1.089,-3.618,1.495,0.001,-0.002,0.008,72
5994,1.093,-3.618,1.495,0.001,-0.002,0.009,72
5995,1.096,-3.618,1.495,0.001,-0.002,0.008,72
5996,1.099,-3.618,1.495,0.001,-0.002,0.005,72
5997,1.102,-3.618,1.495,0.001,-0.002,0.001,72
5998,1.106,-3.618,1.495,0.001,-0.002,-0.001,72
5999,1.109,-3.618,1.495,0.001,-0.002,-0.002,72
6000,1.112,-3.618,1.495,0.001,-0.002,-0.002,72
6001,1.115,-3.618,1.495,0.001,-0.002,-0.001,72
6002,1.119,-3.618,1.495,0.001,-0.002,-0.000,72
6003,1.122,-3.618,1.495,0.001,-0.002,0.001,72
6004,1.125,-3.618,1.495,0.001,-0.002,0.001,72
6005,1.128,-3.618,1.495,0.001,-0.002,0.001,72
6006,1.132,-3.618,1.495,0.001,-0.002,0.001,72
6007,1.135,-3.618,1.495,0.001,-0.002,0.001,72
6008,1.138,-3.618,1.495,0.001,-0.001,0.000,72
6009,1.141,-3.618,1.495,0.001,-0.002,-0.000,72
6010,1.145,-3.618,1.495,0.001,-0.002,-0.000,72
6011,1.148,-3.618,1.495,0.001,-0.002,-0.000,72
6012,1.151,-3.618,1.495,0.001,-0.002,-0.000,72
6013,1.154,-3.618,1.495,0.001,-0.002,0.000,72
6014,1.158,-3.618,1.495,0.001,-0.002,0.000,72
6015,1.161,-3.618,1.495,0.001,-0.002,0.000,72
6016,1.164,-3.618,1.496,0.001,-0.002,0.000,72
6017,1.168,-3.618,1.496,0.001,-0.002,0.000,72
6018,1.171,-3.618,1.496,0.001,-0.002,0.000,72
6019,1.174,-3.618,1.496,0.001,-0.002,0.000,72
6020,1.177,-3.618,1.496,0.001,-0.002,-0.000,72
6021,1.181,-3.618,1.496,0.001,-0.002,-0.000,72
6022,1.184,-3.618,1.496,0.001,-0.002,-0.000,72
6023,1.187,-3.618,1.496,0.001,-0.002,-0.000,72
6024,1.190,-3.618,1.496,0.001,-0.002,0.000,72
6025,1.194,-3.618,1.496,0.001,-0.002,0.000,72
6026,1.197,-3.618,1.496,0.001,-0.002,0.000,72
6027,1.200,-3.618,1.496,0.001,-0.002,0.000,72
6028,1.203,-3.618,1.496,0.001,-0.002,0.000,72
6029,1.207,-3.618,1.496,0.001,-0.002,0.000,72
6030,1.210,-3.618,1.496,0.001,-0.002,0.000,72
6031,1.213,-3.618,1.496,0.001,-0.002,0.000,72
6032,1.216,-3.618,1.496,0.001,-0.002,0.000,72
6033,1.220,-3.618,1.496,0.001,-0.002,0.000,72
6034,1.223,-3.618,1.496,0.001,-0.002,0.000,72
6035,1.226,-3.618,1.496,0.001,-0.002,0.000,72
6036,1.229,-3.618,1.496,0.001,-0.002,0.000,72
6037,1.233,-3.618,1.496,0.001,-0.002,0.000,72
6038,1.236,-3.618,1.496,0.001,-0.002,0.000,72
6039,1.239,-3.618,1.496,0.001,-0.002,0.000,72
6040,1.243,-3.618,1.496,0.001,-0.002,0.000,72
6041,1.246,-3.618,1.496,0.001,-0.002,0.000,72
6042,1.249,-3.618,1.496,0.001,-0.002,0.000,72
6043,1.252,-3.618,1.496,0.001,-0.002,0.000,72
6044,1.256,-3.618,1.496,0.001,-0.002,0.000,72
6045,1.259,-3.618,1.496,0.001,-0.002,0.000,72
6046,1.262,-3.618,1.496,0.001,-0.002,0.000,72
6047,1.265,-3.618,1.496,0.001,-0.002,0.000,72
6048,1.269,-3.618,1.496,0.001,-0.002,0.000,72
6049,1.272,-3.618,1.496,0.001,-0.002,0.000,72
6050,1.275,-3.618,1.496,0.001,-0.002,-0.000,72
6051,1.278,-3.618,1.496,0.001,-0.002,0.000,72
6052,1.282,-3.618,1.496,0.001,-0.002,0.000,72
6053,1.285,-3.618,1.496,0.001,-0.002,0.000,72
6054,1.288,-3.618,1.496,0.001,-0.002,0.000,72
6055,1.291,-3.618,1.496,0.001,-0.002,0.000,72
6056,1.295,-3.618,1.496,0.001,-0.002,0.000,72
6057,1.298,-3.618,1.496,0.001,-0.002,0.000,72
6058,1.301,-3.618,1.496,0.001,-0.002,0.000,72
6059,1.305,-3.618,1.496,0.001,-0.002,-0.000,72
6060,1.308,-3.618,1.496,0.001,-0.001,-0.000,72
6061,1.311,-3.618,1.496,0.001,-0.001,-0.006,72
6062,1.314,-3.618,1.496,0.001,-0.001,-0.004,72
6063,1.318,-3.618,1.496,0.001,-0.002,-0.000,72
6064,1.321,-3.618,1.496,0.001,-0.002,0.002,72
6065,1.324,-3.618,1.496,0.001,-0.002,0.004,72
6066,1.327,-3.618,1.496,0.001,-0.002,0.004,72
6067,1.331,-3.618,1.496,0.001,-0.002,0.003,72
6068,1.334,-3.618,1.496,0.001,-0.002,0.001,72
6069,1.337,-3.618,1.496,0.001,-0.002,-0.000,72
6070,1.340,-3.618,1.496,0.001,-0.002,-0.001,72
6071,1.344,-3.618,1.496,0.001,-0.002,-0.001,72
6072,1.347,-3.618,1.496,0.001,-0.002,-0.001,72
6073,1.350,-3.618,1.496,0.001,-0.002,-0.001,72
6074,1.353,-3.618,1.496,0.001,-0.002,0.000,72
6075,1.357,-3.618,1.496,0.001,-0.002,0.000,72
6076,1.360,-3.618,1.496,0.001,-0.002,0.001,72
6077,1.363,-3.618,1.496,0.001,-0.002,0.001,72
6078,1.367,-3.618,1.496,0.001,-0.002,0.000,72
6079,1.370,-3.618,1.496,0.001,-0.002,0.000,72
6080,1.373,-3.618,1.496,0.001,-0.002,-0.000,72
6081,1.376,-3.618,1.496,0.001,-0.002,-0.000,72
6082,1.380,-3.618,1.496,0.001,-0.002,-0.000,72
6083,1.383,-3.618,1.496,0.001,-0.002,-0.000,72
6084,1.386,-3.618,1.496,0.001,-0.002,-0.000,72
6085,1.389,-3.618,1.496,0.001,-0.002,0.000,72
6086,1.393,-3.618,1.497,0.001,-0.002,0.000,72
6087,1.396,-3.618,1.497,0.001,-0.002,0.000,72
6088,1.399,-3.618,1.497,0.001,-0.002,0.000,72
6089,1.402,-3.618,1.497,0.001,-0.002,0.000,72
6090,1.406,-3.618,1.497,0.001,-0.002,-0.000,72
6091,1.409,-3.618,1.497,0.001,-0.002,-0.000,72
6092,1.412,-3.618,1.497,0.001,-0.002,-0.000,72
6093,1.415,-3.618,1.497,0.001,-0.002,-0.000,72
6094,1.419,-3.618,1.497,0.001,-0.002,-0.000,72
6095,1.422,-3.618,1.497,0.001,-0.002,0.000,72
6096,1.425,-3.618,1.497,0.001,-0.002,0.000,72
6097,1.428,-3.618,1.497,0.001,-0.002,0.000,72
6098,1.432,-3.618,1.497,0.001,-0.002,-0.000,72
6099,1.435,-3.618,1.497,0.001,-0.002,-0.000,72
6100,1.438,-3.618,1.497,0.001,-0.001,-0.000,72
6101,1.441,-3.618,1.497,0.001,-0.001,-0.000,72
6102,1.445,-3.618,1.497,0.001,-0.001,-0.000,72
6103,1.448,-3.618,1.497,0.001,-0.001,-0.000,72
6104,1.451,-3.618,1.497,0.001,-0.000,-0.000,72
6105,1.454,-3.618,1.497,0.001,-0.001,-0.000,72
6106,1.458,-3.618,1.497,0.001,-0.001,-0.000,72
6107,1.461,-3.618,1.497,0.001,-0.001,0.000,72
6108,1.464,-3.618,1.497,0.001,-0.002,0.000,72
6109,1.467,-3.618,1.497,0.001,-0.002,0.000,72
6110,1.471,-3.618,1.497,0.001,-0.002,0.000,72
6111,1.474,-3.618,1.497,0.001,-0.003,0.000,72
6112,1.477,-3.618,1.496,0.001,-0.003,0.000,72
6113,1.481,-3.618,1.496,0.001,-0.002,0.000,72
6114,1.484,-3.618,1.496,0.001,-0.002,-0.000,72
6115,1.487,-3.618,1.496,0.001,-0.002,-0.000,72
6116,1.490,-3.618,1.496,0.001,-0.002,-0.000,72
6117,1.494,-3.618,1.496,0.001,-0.002,-0.000,72
6118,1.497,-3.618,1.496,0.001,-0.001,-0.000,72
6119,1.500,-3.618,1.496,0.001,-0.001,-0.000,72
6120,1.503,-3.618,1.496,0.001,-0.002,-0.000,72
6121,1.507,-3.618,1.496,0.001,-0.002,-0.000,72
6122,1.510,-3.618,1.496,0.001,-0.002,-0.000,72
6123,1.513,-3.618,1.496,0.001,-0.002,0.000,72
6124,1.516,-3.618,1.496,0.001,-0.002,0.000,72
6125,1.520,-3.618,1.496,0.001,-0.002,0.000,72
6126,1.523,-3.618,1.496,0.001,-0.002,-0.000,72
6127,1.526,-3.618,1.496,0.001,-0.002,-0.000,72
6128,1.529,-3.618,1.496,0.001,-0.002,-0.000,72
6129,1.533,-3.618,1.496,0.001,-0.002,-0.000,72
6130,1.536,-3.618,1.496,0.001,-0.002,-0.000,72
6131,1.539,-3.618,1.496,0.001,-0.002,-0.000,72
6132,1.543,-3.618,1.496,0.001,-0.002,-0.000,72
6133,1.546,-3.618,1.496,0.001,-0.002,-0.000,72
6134,1.549,-3.618,1.496,0.001,-0.002,-0.000,72
6135,1.552,-3.618,1.496,0.001,-0.002,-0.000,72
6136,1.556,-3.618,1.496,0.001,-0.002,0.000,72
6137,1.559,-3.618,1.496,0.001,-0.002,0.000,72
6138,1.562,-3.618,1.496,0.001,-0.002,0.000,72
6139,1.565,-3.618,1.496,0.001,-0.002,0.000,72
6140,1.569,-3.618,1.496,0.001,-0.002,0.000,72
6141,1.572,-3.618,1.496,0.001,-0.002,0.000,72
6142,1.575,-3.618,1.496,0.001,-0.002,0.000,72
6143,1.578,-3.618,1.496,0.001,-0.002,0.000,72
6144,1.582,-3.618,1.496,0.001,-0.002,0.000,72
6145,1.585,-3.618,1.496,0.001,-0.002,0.000,72
6146,1.588,-3.618,1.496,0.001,-0.002,0.000,72
6147,1.591,-3.618,1.496,0.001,-0.002,0.000,72
6148,1.595,-3.618,1.496,0.001,-0.002,0.000,72
6149,1.598,-3.618,1.495,0.001,-0.002,-0.000,72
6150,1.601,-3.618,1.495,0.001,-0.002,-0.000,72
6151,1.605,-3.618,1.495,0.001,-0.002,0.000,72
6152,1.608,-3.618,1.495,0.001,-0.002,0.000,72
6153,1.611,-3.618,1.495,0.001,-0.002,0.000,72
6154,1.614,-3.618,1.495,0.001,-0.002,0.000,72
6155,1.618,-3.618,1.495,0.001,-0.002,0.000,72
6156,1.621,-3.618,1.495,0.001,-0.002,0.000,72
6157,1.624,-3.618,1.495,0.001,-0.002,0.000,72
6158,1.627,-3.618,1.495,0.001,-0.002,-0.000,72
6159,1.631,-3.618,1.495,0.001,-0.002,-0.000,72
6160,1.634,-3.618,1.495,0.001,-0.002,-0.000,72
6161,1.637,-3.618,1.495,0.001,-0.002,-0.000,72
6162,1.640,-3.618,1.495,0.001,-0.002,-0.000,72
6163,1.644,-3.618,1.495,0.001,-0.002,0.000,72
6164,1.647,-3.618,1.495,0.001,-0.002,0.000,72
6165,1.650,-3.618,1.495,0.001,-0.002,0.000,72
6166,1.653,-3.618,1.495,0.001,-0.002,0.000,72
6167,1.657,-3.618,1.495,0.001,-0.002,0.000,72
6168,1.660,-3.618,1.495,0.001,-0.002,0.000,72
6169,1.663,-3.618,1.495,0.001,-0.002,-0.000,72
6170,1.666,-3.618,1.495,0.001,-0.002,-0.000,72
6171,1.670,-3.618,1.495,0.001,-0.002,-0.000,72
6172,1.673,-3.618,1.495,0.001,-0.002,-0.000,72
6173,1.676,-3.618,1.495,0.001,-0.002,-0.000,72
6174,1.680,-3.618,1.495,0.001,-0.002,-0.000,72
6175,1.683,-3.618,1.495,0.001,-0.002,0.000,72
6176,1.686,-3.618,1.495,0.001,-0.002,0.000,72
6177,1.689,-3.618,1.495,0.001,-0.002,0.000,72
6178,1.693,-3.618,1.495,0.001,-0.002,-0.000,72
6179,1.696,-3.618,1.495,0.001,-0.002,-0.000,72
6180,1.699,-3.618,1.495,0.001,-0.002,-0.000,72
6181,1.702,-3.618,1.495,0.001,-0.002,-0.000,72
6182,1.706,-3.618,1.495,0.001,-0.002,0.000,72
6183,1.709,-3.618,1.495,0.001,-0.002,0.000,72
6184,1.712,-3.618,1.495,0.001,-0.002,0.000,72
6185,1.715,-3.618,1.495,0.001,-0.002,0.000,72
6186,1.719,-3.618,1.495,0.001,-0.002,0.000,72
6187,1.722,-3.618,1.495,0.001,-0.002,0.000,72
6188,1.725,-3.618,1.495,0.001,-0.002,0.000,72
6189,1.728,-3.618,1.495,0.001,-0.002,0.000,72
6190,1.732,-3.618,1.495,0.001,-0.002,0.000,72
6191,1.735,-3.618,1.495,0.001,-0.002,0.000,72
6192,1.738,-3.618,1.495,0.001,-0.002,0.000,72
6193,1.742,-3.618,1.495,0.001,-0.002,0.000,72
6194,1.745,-3.618,1.495,0.001,-0.002,0.000,72
6195,1.748,-3.618,1.495,0.001,-0.002,0.000,72
6196,1.751,-3.618,1.495,0.001,-0.002,0.000,72
6197,1.755,-3.618,1.495,0.001,-0.002,0.000,72
6198,1.758,-3.618,1.494,0.001,-0.002,-0.000,72
6199,1.761,-3.618,1.494,0.001,-0.001,-0.000,72
6200,1.764,-3.618,1.494,0.001,-0.002,-0.000,72
6201,1.768,-3.618,1.494,0.001,-0.002,-0.000,72
6202,1.771,-3.618,1.494,0.001,-0.002,0.000,72
6203,1.774,-3.618,1.494,0.001,-0.002,0.000,72
6204,1.777,-3.618,1.494,0.001,-0.002,0.000,72
6205,1.781,-3.618,1.494,0.001,-0.002,0.000,72
6206,1.784,-3.618,1.494,0.001,-0.002,0.000,72
6207,1.787,-3.618,1.494,0.001,-0.002,-0.000,72
6208,1.791,-3.618,1.494,0.001,-0.002,-0.000,72
6209,1.794,-3.618,1.494,0.001,-0.002,-0.000,72
6210,1.797,-3.618,1.494,0.001,-0.002,-0.000,72
6211,1.800,-3.618,1.494,0.001,-0.002,0.000,72
6212,1.804,-3.618,1.494,0.001,-0.002,0.000,72
6213,1.807,-3.618,1.494,0.001,-0.002,0.000,72
6214,1.810,-3.618,1.494,0.001,-0.002,0.000,72
6215,1.813,-3.618,1.494,0.001,-0.002,0.000,72
6216,1.817,-3.618,1.494,0.001,-0.001,0.000,72
6217,1.820,-3.618,1.494,0.001,-0.001,0.000,72
6218,1.823,-3.618,1.494,0.001,-0.002,0.000,72
6219,1.826,-3.618,1.494,0.001,-0.002,0.000,72
6220,1.830,-3.618,1.494,0.001,-0.002,0.000,72
6221,1.833,-3.618,1.494,0.001,-0.002,-0.000,72
6222,1.836,-3.618,1.494,0.001,-0.002,-0.000,72
6223,1.840,-3.618,1.494,0.001,-0.002,-0.000,72
6224,1.843,-3.618,1.494,0.001,-0.002,-0.000,72
6225,1.846,-3.618,1.494,0.001,-0.002,-0.000,72
6226,1.849,-3.618,1.494,0.001,-0.002,-0.000,72
6227,1.853,-3.618,1.494,0.001,-0.002,-0.000,72
6228,1.856,-3.618,1.494,0.001,-0.002,-0.000,72
6229,1.859,-3.618,1.494,0.001,-0.002,-0.000,72
6230,1.862,-3.618,1.494,0.001,-0.002,-0.000,72
6231,1.866,-3.618,1.494,0.001,-0.002,-0.000,72
6232,1.869,-3.618,1.494,0.001,-0.002,-0.000,72
6233,1.872,-3.618,1.494,0.001,-0.002,-0.000,72
6234,1.875,-3.618,1.494,0.001,-0.002,-0.000,72
6235,1.879,-3.618,1.494,0.001,-0.002,0.000,72
6236,1.882,-3.618,1.494,0.001,-0.002,0.000,72
6237,1.885,-3.618,1.494,0.001,-0.002,0.000,72
6238,1.888,-3.618,1.494,0.001,-0.002,0.000,72
6239,1.892,-3.618,1.494,0.001,-0.002,-0.000,72
6240,1.895,-3.618,1.494,0.001,-0.002,-0.000,72
6241,1.898,-3.618,1.494,0.001,-0.002,-0.000,72
6242,1.902,-3.618,1.494,0.001,-0.002,-0.000,72
6243,1.905,-3.618,1.494,0.001,-0.002,0.000,72
6244,1.908,-3.618,1.494,0.001,-0.002,0.000,72
6245,1.911,-3.618,1.494,0.001,-0.002,0.000,72
6246,1.915,-3.618,1.494,0.001,-0.002,-0.006,72
6247,1.918,-3.618,1.494,0.001,-0.002,-0.010,72
6248,1.921,-3.618,1.494,0.001,-0.002,-0.011,72
6249,1.924,-3.618,1.494,0.001,-0.002,-0.009,72
6250,1.928,-3.618,1.494,0.001,-0.002,0.002,72
6251,1.931,-3.618,1.494,0.001,-0.001,0.003,72
6252,1.934,-3.618,1.494,0.001,-0.001,0.003,72
6253,1.937,-3.618,1.494,0.001,-0.001,0.001,72
6254,1.941,-3.618,1.494,0.001,-0.001,0.006,72
6255,1.944,-3.617,1.494,0.001,-0.001,0.002,72
6256,1.947,-3.617,1.494,0.001,-0.002,0.004,72
6257,1.950,-3.617,1.494,0.001,-0.002,0.006,72
6258,1.954,-3.617,1.494,0.001,-0.002,-0.001,72
6259,1.957,-3.617,1.494,0.001,-0.002,-0.000,72
6260,1.960,-3.617,1.494,0.001,-0.002,0.002,72
6261,1.963,-3.617,1.494,0.001,-0.002,0.003,72
6262,1.967,-3.617,1.494,0.001,-0.002,0.003,72
6263,1.970,-3.617,1.494,0.001,-0.002,0.003,72
6264,1.973,-3.617,1.494,0.001,-0.001,0.002,72
6265,1.976,-3.617,1.494,0.001,-0.001,0.001,72
6266,1.980,-3.617,1.494,0.001,-0.001,-0.000,72
6267,1.983,-3.617,1.494,0.001,-0.001,-0.001,72
6268,1.986,-3.617,1.494,0.001,-0.002,-0.001,72
6269,1.989,-3.617,1.494,0.001,-0.002,-0.000,72
6270,1.993,-3.617,1.494,0.001,-0.002,-0.000,72
6271,1.996,-3.617,1.494,0.001,-0.002,0.000,72
6272,1.999,-3.617,1.494,0.001,-0.002,0.000,72
6273,2.003,-3.617,1.494,0.001,-0.002,0.000,72
6274,2.006,-3.617,1.494,0.001,-0.001,0.000,72
6275,2.009,-3.617,1.494,0.001,-0.001,0.000,72
6276,2.012,-3.617,1.494,0.001,-0.002,-0.000,72
6277,2.016,-3.617,1.494,0.001,-0.002,-0.000,72
6278,2.019,-3.617,1.494,0.001,-0.002,-0.000,72
6279,2.022,-3.617,1.494,0.001,-0.002,-0.000,72
6280,2.025,-3.617,1.494,0.001,-0.002,-0.000,72
6281,2.029,-3.617,1.494,0.001,-0.002,0.000,72
6282,2.032,-3.617,1.494,0.001,-0.002,0.000,72
6283,2.035,-3.617,1.494,0.001,-0.001,0.000,72
6284,2.038,-3.617,1.494,0.001,-0.001,0.000,72
6285,2.042,-3.617,1.494,0.001,-0.002,0.000,72
6286,2.045,-3.617,1.494,0.001,-0.002,-0.000,72
6287,2.048,-3.617,1.494,0.001,-0.002,-0.000,72
6288,2.052,-3.617,1.494,0.001,-0.002,-0.000,72
6289,2.055,-3.617,1.494,0.001,-0.002,-0.000,72
6290,2.058,-3.617,1.494,0.001,-0.002,-0.006,72
6291,2.061,-3.617,1.494,0.001,-0.002,-0.004,72
6292,2.065,-3.617,1.494,0.001,-0.002,-0.000,72
6293,2.068,-3.617,1.494,0.001,-0.002,0.003,72
6294,2.071,-3.617,1.494,0.001,-0.002,0.004,72
6295,2.074,-3.617,1.494,0.001,-0.002,0.004,72
6296,2.078,-3.617,1.494,0.001,-0.002,0.003,72
6297,2.081,-3.617,1.494,0.001,-0.002,0.001,72
6298,2.084,-3.617,1.494,0.001,-0.002,-0.000,72
6299,2.087,-3.617,1.494,0.001,-0.002,-0.001,72
6300,2.091,-3.617,1.494,0.001,-0.002,-0.002,72
6301,2.094,-3.617,1.494,0.001,-0.002,-0.001,72
6302,2.097,-3.617,1.494,0.001,-0.002,-0.001,72
6303,2.101,-3.617,1.494,0.001,-0.002,0.000,72
6304,2.104,-3.617,1.494,0.001,-0.002,0.001,72
6305,2.107,-3.617,1.494,0.001,-0.002,0.001,72
6306,2.110,-3.617,1.494,0.001,-0.002,0.001,72
6307,2.114,-3.617,1.494,0.001,-0.002,0.000,72
6308,2.117,-3.617,1.494,0.001,-0.002,-0.000,72
6309,2.120,-3.617,1.494,0.001,-0.002,-0.000,72
6310,2.123,-3.617,1.494,0.001,-0.002,-0.000,72
6311,2.127,-3.617,1.494,0.001,-0.002,-0.000,72
6312,2.130,-3.617,1.494,0.001,-0.002,-0.000,72
6313,2.133,-3.617,1.494,0.001,-0.002,-0.000,72
6314,2.136,-3.617,1.494,0.001,-0.002,0.000,72
6315,2.140,-3.617,1.494,0.001,-0.002,0.000,72
6316,2.143,-3.617,1.494,0.001,-0.002,0.000,72
6317,2.146,-3.617,1.494,0.001,-0.002,0.000,72
6318,2.149,-3.617,1.494,0.001,-0.002,0.000,72
6319,2.153,-3.617,1.494,0.001,-0.002,-0.000,72
6320,2.156,-3.617,1.494,0.001,-0.002,-0.000,72
6321,2.159,-3.617,1.494,0.001,-0.002,-0.000,72
6322,2.162,-3.617,1.494,0.001,-0.002,-0.000,72
6323,2.166,-3.617,1.494,0.001,-0.002,-0.000,72
6324,2.169,-3.617,1.494,0.001,-0.002,-0.000,72
6325,2.172,-3.617,1.494,0.001,-0.002,-0.000,72
6326,2.176,-3.617,1.494,0.001,-0.002,0.000,72
6327,2.179,-3.617,1.494,0.001,-0.002,0.000,72
6328,2.182,-3.617,1.494,0.001,-0.002,0.000,72
6329,2.185,-3.617,1.494,0.001,-0.002,0.000,72
6330,2.189,-3.617,1.494,0.001,-0.002,0.000,72
6331,2.192,-3.617,1.494,0.001,-0.002,0.000,72
6332,2.195,-3.617,1.494,0.001,-0.002,0.000,72
6333,2.198,-3.617,1.494,0.001,-0.002,0.000,72
6334,2.202,-3.617,1.494,0.001,-0.002,0.000,72
6335,2.205,-3.617,1.494,0.001,-0.002,0.000,72
6336,2.208,-3.617,1.494,0.001,-0.002,0.000,72
6337,2.211,-3.617,1.494,0.001,-0.002,0.000,72
6338,2.215,-3.617,1.494,0.001,-0.002,0.000,72
6339,2.218,-3.617,1.494,0.001,-0.002,0.000,72
6340,2.221,-3.617,1.494,0.001,-0.002,0.000,72
6341,2.224,-3.617,1.494,0.001,-0.002,0.000,72
6342,2.228,-3.617,1.494,0.001,-0.002,0.000,72
6343,2.231,-3.617,1.494,0.001,-0.002,0.000,72
6344,2.234,-3.617,1.494,0.001,-0.002,0.000,72
6345,2.238,-3.617,1.494,0.001,-0.002,0.000,72
6346,2.241,-3.617,1.494,0.001,-0.002,0.000,72
6347,2.244,-3.617,1.494,0.001,-0.002,0.000,72
6348,2.247,-3.617,1.494,0.001,-0.002,0.000,72
6349,2.251,-3.617,1.494,0.001,-0.002,0.000,72
6350,2.254,-3.617,1.494,0.001,-0.002,0.000,72
6351,2.257,-3.617,1.494,0.001,-0.002,0.000,72
6352,2.260,-3.617,1.494,0.001,-0.002,0.000,72
6353,2.264,-3.617,1.494,0.001,-0.002,0.000,72
6354,2.267,-3.617,1.494,0.001,-0.002,0.000,72
6355,2.270,-3.617,1.494,0.001,-0.002,0.000,72
6356,2.273,-3.617,1.494,0.001,-0.002,0.000,72
6357,2.277,-3.617,1.494,0.001,-0.002,-0.000,72
6358,2.280,-3.617,1.494,0.001,-0.002,0.000,72
6359,2.283,-3.617,1.494,0.001,-0.002,0.000,72
6360,2.286,-3.617,1.494,0.001,-0.002,0.000,72
6361,2.290,-3.617,1.494,0.001,-0.002,0.000,72
6362,2.293,-3.617,1.494,0.001,-0.002,0.000,72
6363,2.296,-3.617,1.494,0.001,-0.002,0.000,72
6364,2.299,-3.617,1.494,0.001,-0.002,0.000,72
6365,2.303,-3.617,1.494,0.001,-0.002,0.000,72
6366,2.306,-3.617,1.494,0.001,-0.002,0.000,72
6367,2.309,-3.617,1.494,0.001,-0.002,0.000,72
6368,2.313,-3.617,1.494,0.001,-0.002,0.000,72
6369,2.316,-3.617,1.494,0.001,-0.002,-0.000,72
6370,2.319,-3.617,1.494,0.001,-0.002,-0.000,72
6371,2.322,-3.617,1.494,0.001,-0.002,-0.000,72
6372,2.326,-3.617,1.494,0.001,-0.002,-0.000,72
6373,2.329,-3.617,1.494,0.001,-0.002,-0.000,72
6374,2.332,-3.617,1.494,0.001,-0.002,0.000,72
6375,2.335,-3.617,1.494,0.001,-0.002,-0.000,72
6376,2.339,-3.617,1.494,0.001,-0.002,-0.000,72
6377,2.342,-3.617,1.494,0.001,-0.002,-0.000,72
6378,2.345,-3.617,1.494,0.001,-0.002,-0.000,72
6379,2.348,-3.617,1.494,0.001,-0.002,-0.000,72
6380,2.352,-3.617,1.494,0.001,-0.002,-0.000,72
6381,2.355,-3.617,1.494,0.001,-0.002,0.000,72
6382,2.358,-3.617,1.494,0.001,-0.002,0.000,72
6383,2.361,-3.617,1.494,0.001,-0.002,0.000,72
6384,2.365,-3.617,1.494,0.001,-0.002,0.000,72
6385,2.368,-3.617,1.494,0.001,-0.002,0.000,72
6386,2.371,-3.617,1.494,0.001,-0.002,0.000,72
6387,2.375,-3.617,1.494,0.001,-0.002,0.000,72
6388,2.378,-3.617,1.494,0.001,-0.002,-0.000,72
6389,2.381,-3.617,1.494,0.001,-0.002,-0.000,72
6390,2.384,-3.617,1.494,0.001,-0.002,0.000,72
6391,2.388,-3.617,1.494,0.001,-0.002,0.000,72
6392,2.391,-3.617,1.494,0.001,-0.002,0.000,72
6393,2.394,-3.617,1.494,0.001,-0.002,0.000,72
6394,2.397,-3.617,1.494,0.001,-0.002,-0.006,72
6395,2.401,-3.617,1.494,0.001,-0.003,-0.004,72
6396,2.404,-3.617,1.494,0.001,-0.003,-0.007,72
6397,2.407,-3.617,1.494,0.001,-0.003,-0.002,72
6398,2.410,-3.617,1.494,0.001,-0.002,0.003,72
6399,2.414,-3.617,1.494,0.001,-0.001,0.007,72
6400,2.417,-3.617,1.494,0.001,-0.001,0.007,72
6401,2.420,-3.617,1.494,0.001,-0.002,-0.001,72
6402,2.423,-3.617,1.494,0.001,-0.002,-0.002,72
6403,2.427,-3.617,1.494,0.001,-0.001,-0.001,72
6404,2.430,-3.617,1.494,0.001,-0.002,0.001,72
6405,2.433,-3.617,1.494,0.001,-0.002,-0.005,72
6406,2.436,-3.617,1.494,0.001,-0.002,-0.002,72
6407,2.440,-3.617,1.494,0.001,-0.002,-0.005,72
6408,2.443,-3.617,1.494,0.001,-0.002,-0.001,72
6409,2.446,-3.617,1.494,0.001,-0.001,0.004,72
6410,2.449,-3.617,1.494,0.001,-0.001,0.006,72
6411,2.453,-3.617,1.494,0.001,-0.001,0.006,72
6412,2.456,-3.617,1.494,0.001,-0.001,0.005,72
6413,2.459,-3.617,1.494,0.001,-0.001,0.002,72
6414,2.462,-3.617,1.494,0.001,-0.001,-0.000,72
6415,2.466,-3.617,1.494,0.001,-0.001,-0.002,72
6416,2.469,-3.617,1.494,0.001,-0.001,-0.002,72
6417,2.472,-3.617,1.494,0.001,-0.001,-0.002,72
6418,2.475,-3.617,1.494,0.001,-0.002,-0.001,72
6419,2.479,-3.617,1.494,0.001,-0.002,-0.000,72
6420,2.482,-3.617,1.494,0.001,-0.002,0.001,72
6421,2.485,-3.617,1.494,0.001,-0.002,0.001,72
6422,2.488,-3.617,1.494,0.001,-0.002,0.001,72
6423,2.492,-3.617,1.494,0.001,-0.002,0.001,72
6424,2.495,-3.617,1.494,0.001,-0.002,0.000,72
6425,2.498,-3.617,1.494,0.001,-0.002,-0.000,72
6426,2.501,-3.617,1.494,0.001,-0.002,-0.000,72
6427,2.505,-3.617,1.494,0.001,-0.002,-0.000,72
6428,2.508,-3.617,1.494,0.001,-0.002,-0.000,72
6429,2.511,-3.617,1.494,0.001,-0.002,-0.000,72
6430,2.514,-3.617,1.494,0.001,-0.002,-0.000,72
6431,2.518,-3.617,1.494,0.001,-0.002,0.000,72
6432,2.521,-3.617,1.494,0.001,-0.002,0.000,72
6433,2.524,-3.617,1.494,0.001,-0.002,0.000,72
6434,2.528,-3.617,1.494,0.001,-0.002,0.000,72
6435,2.531,-3.617,1.494,0.001,-0.002,-0.000,72
6436,2.534,-3.617,1.494,0.001,-0.002,-0.000,72
6437,2.537,-3.617,1.494,0.001,-0.002,-0.000,72
6438,2.541,-3.617,1.494,0.001,-0.002,-0.000,72
6439,2.544,-3.617,1.494,0.001,-0.002,-0.000,72
6440,2.547,-3.617,1.494,0.001,-0.002,-0.000,72
6441,2.550,-3.617,1.494,0.001,-0.002,0.000,72
6442,2.554,-3.617,1.494,0.001,-0.002,0.000,72
6443,2.557,-3.617,1.494,0.001,-0.002,0.000,72
6444,2.560,-3.617,1.494,0.001,-0.002,0.000,72
6445,2.563,-3.617,1.494,0.001,-0.002,0.000,72
6446,2.567,-3.617,1.494,0.001,-0.002,-0.000,72
6447,2.570,-3.617,1.494,0.001,-0.002,-0.000,72
6448,2.573,-3.617,1.494,0.001,-0.002,-0.000,72
6449,2.576,-3.617,1.494,0.001,-0.002,-0.000,72
6450,2.580,-3.617,1.494,0.001,-0.002,-0.000,72
6451,2.583,-3.617,1.494,0.001,-0.002,-0.000,72
6452,2.586,-3.617,1.494,0.001,-0.002,0.000,72
6453,2.590,-3.617,1.494,0.001,-0.002,0.000,72
6454,2.593,-3.617,1.493,0.001,-0.002,0.000,72
6455,2.596,-3.617,1.493,0.001,-0.002,0.000,72
6456,2.599,-3.617,1.493,0.001,-0.002,0.000,72
6457,2.603,-3.617,1.493,0.001,-0.002,0.000,72
6458,2.606,-3.617,1.493,0.001,-0.002,0.000,72
6459,2.609,-3.617,1.493,0.001,-0.002,0.000,72
6460,2.612,-3.617,1.493,0.001,-0.002,0.000,72
6461,2.616,-3.617,1.493,0.001,-0.002,0.000,72
6462,2.619,-3.617,1.493,0.001,-0.002,0.000,72
6463,2.622,-3.617,1.493,0.001,-0.002,0.000,72
6464,2.625,-3.617,1.493,0.001,-0.002,0.000,72
6465,2.629,-3.617,1.493,0.001,-0.002,0.000,72
6466,2.632,-3.617,1.493,0.001,-0.002,-0.000,72
6467,2.635,-3.617,1.493,0.001,-0.002,-0.000,72
6468,2.638,-3.617,1.493,0.001,-0.002,-0.000,72
6469,2.642,-3.617,1.493,0.001,-0.002,-0.000,72
6470,2.645,-3.617,1.493,0.001,-0.002,-0.000,72
6471,2.648,-3.617,1.493,0.001,-0.002,0.000,72
6472,2.651,-3.617,1.493,0.001,-0.002,0.000,72
6473,2.655,-3.617,1.492,0.001,-0.002,0.000,72
6474,2.658,-3.617,1.492,0.001,-0.002,0.000,72
6475,2.661,-3.617,1.492,0.001,-0.002,0.000,72
6476,2.665,-3.617,1.492,0.001,-0.002,0.000,72
6477,2.668,-3.617,1.492,0.001,-0.002,0.000,72
6478,2.671,-3.617,1.492,0.001,-0.002,0.000,72
6479,2.674,-3.617,1.492,0.001,-0.002,-0.000,72
6480,2.678,-3.617,1.492,0.001,-0.002,0.000,72
6481,2.681,-3.617,1.492,0.001,-0.002,0.000,72
6482,2.684,-3.617,1.492,0.001,-0.002,0.000,72
6483,2.687,-3.617,1.492,0.001,-0.002,0.000,72
6484,2.691,-3.617,1.492,0.001,-0.002,0.000,72
6485,2.694,-3.617,1.492,0.001,-0.002,0.000,72
6486,2.697,-3.617,1.492,0.001,-0.002,0.000,72
6487,2.700,-3.617,1.492,0.001,-0.002,0.000,72
6488,2.704,-3.617,1.492,0.001,-0.002,0.000,72
6489,2.707,-3.617,1.492,0.001,-0.002,0.000,72
6490,2.710,-3.617,1.492,0.001,-0.002,0.000,72
6491,2.713,-3.617,1.492,0.001,-0.002,0.000,72
6492,2.717,-3.617,1.492,0.001,-0.002,0.000,72
6493,2.720,-3.617,1.492,0.001,-0.002,0.000,72
6494,2.723,-3.617,1.491,0.001,-0.002,0.000,72
6495,2.727,-3.617,1.491,0.001,-0.002,0.000,72
6496,2.730,-3.617,1.491,0.001,-0.002,0.000,72
6497,2.733,-3.617,1.491,0.001,-0.002,0.000,72
6498,2.736,-3.617,1.491,0.001,-0.002,0.000,72
6499,2.740,-3.617,1.491,0.001,-0.002,0.000,72
6500,2.743,-3.617,1.491,0.001,-0.002,0.000,72
6501,2.746,-3.617,1.491,0.001,-0.002,0.000,72
6502,2.749,-3.617,1.491,0.001,-0.002,0.000,72
6503,2.753,-3.617,1.491,0.001,-0.002,0.000,72
6504,2.756,-3.617,1.491,0.001,-0.002,0.000,72
6505,2.759,-3.617,1.491,0.001,-0.002,0.000,72
6506,2.762,-3.617,1.491,0.001,-0.002,0.000,72
6507,2.766,-3.617,1.491,0.001,-0.002,0.000,72
6508,2.769,-3.617,1.491,0.001,-0.001,0.000,72
6509,2.772,-3.617,1.491,0.001,-0.002,0.000,72
6510,2.775,-3.617,1.491,0.001,-0.002,0.000,72
6511,2.779,-3.617,1.491,0.001,-0.002,0.000,72
6512,2.782,-3.617,1.491,0.001,-0.002,0.000,72
6513,2.785,-3.617,1.491,0.001,-0.001,-0.006,72
6514,2.788,-3.617,1.491,0.001,-0.001,-0.004,72
6515,2.792,-3.617,1.491,0.001,-0.002,-0.000,72
6516,2.795,-3.617,1.491,0.001,-0.002,0.002,72
6517,2.798,-3.617,1.491,0.001,-0.002,0.004,72
6518,2.802,-3.617,1.491,0.001,-0.002,0.004,72
6519,2.805,-3.617,1.490,0.001,-0.002,0.003,72
6520,2.808,-3.617,1.490,0.001,-0.001,-0.005,72
6521,2.811,-3.617,1.490,0.001,-0.001,-0.005,72
6522,2.815,-3.617,1.490,0.001,-0.002,-0.002,72
6523,2.818,-3.617,1.490,0.001,-0.002,0.001,72
6524,2.821,-3.617,1.490,0.001,-0.002,0.003,72
6525,2.824,-3.616,1.490,0.001,-0.002,0.003,72
6526,2.828,-3.616,1.490,0.001,-0.002,0.003,72
6527,2.831,-3.617,1.490,0.001,-0.002,0.002,72
6528,2.834,-3.617,1.490,0.001,-0.001,0.000,72
6529,2.837,-3.617,1.490,0.001,-0.001,-0.001,72
6530,2.841,-3.617,1.490,0.001,-0.001,-0.007,72
6531,2.844,-3.617,1.490,0.001,-0.001,-0.005,72
6532,2.847,-3.617,1.490,0.001,-0.002,-0.001,72
6533,2.850,-3.616,1.490,0.001,-0.002,-0.004,72
6534,2.854,-3.616,1.490,0.001,-0.002,0.000,72
6535,2.857,-3.616,1.490,0.001,-0.003,-0.003,72
6536,2.860,-3.616,1.490,0.001,-0.002,0.001,72
6537,2.864,-3.616,1.490,0.001,-0.002,0.005,72
6538,2.867,-3.616,1.490,0.001,-0.002,0.006,72
6539,2.870,-3.616,1.490,0.001,-0.001,0.006,72
6540,2.873,-3.616,1.490,0.001,-0.001,0.003,72
6541,2.877,-3.616,1.490,0.001,-0.002,0.001,72
6542,2.880,-3.616,1.490,0.001,-0.002,-0.001,72
6543,2.883,-3.616,1.490,0.001,-0.002,-0.002,72
6544,2.886,-3.616,1.490,0.001,-0.002,-0.002,72
6545,2.890,-3.616,1.490,0.001,-0.002,-0.002,72
6546,2.893,-3.616,1.490,0.001,-0.002,-0.001,72
6547,2.896,-3.616,1.490,0.001,-0.002,0.000,72
6548,2.899,-3.616,1.490,0.001,-0.002,0.001,72
6549,2.903,-3.616,1.490,0.001,-0.002,0.001,72
6550,2.906,-3.616,1.490,0.001,-0.002,0.001,72
6551,2.909,-3.616,1.490,0.001,-0.002,0.000,72
6552,2.913,-3.616,1.490,0.001,-0.002,0.000,72
6553,2.916,-3.616,1.490,0.001,-0.002,-0.000,72
6554,2.919,-3.616,1.490,0.001,-0.002,-0.000,72
6555,2.922,-3.616,1.491,0.001,-0.002,-0.000,72
6556,2.926,-3.616,1.491,0.001,-0.002,-0.000,72
6557,2.929,-3.616,1.491,0.001,-0.002,-0.000,72
6558,2.932,-3.616,1.491,0.001,-0.002,-0.000,72
6559,2.935,-3.616,1.491,0.001,-0.002,0.000,72
6560,2.939,-3.616,1.491,0.001,-0.002,0.000,72
6561,2.942,-3.616,1.491,0.001,-0.002,0.000,72
6562,2.945,-3.616,1.491,0.001,-0.002,-0.000,72
6563,2.948,-3.616,1.491,0.001,-0.002,-0.000,72
6564,2.952,-3.616,1.491,0.001,-0.002,-0.000,72
6565,2.955,-3.616,1.491,0.001,-0.002,-0.000,72
6566,2.958,-3.616,1.491,0.001,-0.002,-0.000,72
6567,2.961,-3.616,1.491,0.001,-0.002,-0.000,72
6568,2.965,-3.616,1.491,0.001,-0.002,0.000,72
6569,2.968,-3.616,1.491,0.001,-0.002,0.000,72
6570,2.971,-3.616,1.491,0.001,-0.002,-0.000,72
6571,2.975,-3.616,1.491,0.001,-0.002,-0.000,72
6572,2.978,-3.616,1.491,0.001,-0.002,-0.000,72
6573,2.981,-3.616,1.491,0.001,-0.002,-0.000,72
6574,2.984,-3.616,1.491,0.001,-0.002,-0.000,72
6575,2.988,-3.616,1.491,0.001,-0.002,-0.000,72
6576,2.991,-3.616,1.491,0.001,-0.002,-0.000,72
6577,2.994,-3.616,1.491,0.001,-0.002,-0.000,72
6578,2.997,-3.616,1.491,0.001,-0.002,-0.000,72
6579,3.001,-3.616,1.491,0.001,-0.002,-0.000,72
6580,3.004,-3.616,1.491,0.001,-0.002,-0.000,72
6581,3.007,-3.616,1.491,0.001,-0.002,-0.000,72
6582,3.010,-3.616,1.492,0.001,-0.002,-0.000,72
6583,3.014,-3.616,1.492,0.001,-0.002,-0.000,72
6584,3.017,-3.616,1.492,0.001,-0.002,-0.000,72
6585,3.020,-3.616,1.492,0.001,-0.002,-0.000,72
6586,3.023,-3.616,1.492,0.001,-0.002,-0.000,72
6587,3.027,-3.616,1.492,0.001,-0.002,-0.000,72
6588,3.030,-3.616,1.492,0.001,-0.002,-0.000,72
6589,3.033,-3.616,1.492,0.001,-0.002,0.000,72
6590,3.036,-3.616,1.492,0.001,-0.002,0.000,72
6591,3.040,-3.616,1.492,0.001,-0.002,0.000,72
6592,3.043,-3.616,1.492,0.001,-0.002,0.000,72
6593,3.046,-3.616,1.492,0.001,-0.002,0.000,72
6594,3.049,-3.616,1.492,0.001,-0.002,0.000,72
6595,3.053,-3.616,1.492,0.001,-0.002,0.000,72
6596,3.056,-3.616,1.492,0.001,-0.002,0.000,72
6597,3.059,-3.616,1.492,0.001,-0.001,0.000,72
6598,3.062,-3.616,1.492,0.001,-0.001,-0.000,72
6599,3.066,-3.616,1.492,0.001,-0.001,-0.000,72
6600,3.069,-3.616,1.492,0.001,-0.001,-0.000,72
6601,3.072,-3.616,1.492,0.001,-0.002,-0.000,72
6602,3.075,-3.616,1.492,0.001,-0.002,-0.000,72
6603,3.079,-3.616,1.492,0.001,-0.002,-0.000,72
6604,3.082,-3.616,1.492,0.001,-0.002,-0.000,72
6605,3.085,-3.616,1.492,0.001,-0.002,-0.000,72
6606,3.089,-3.616,1.492,0.001,-0.001,-0.000,72
6607,3.092,-3.616,1.492,0.001,-0.001,-0.000,72
6608,3.095,-3.616,1.492,0.001,-0.002,-0.000,72
6609,3.098,-3.616,1.492,0.001,-0.002,-0.000,72
6610,3.102,-3.616,1.492,0.001,-0.002,-0.000,72
6611,3.105,-3.616,1.492,0.001,-0.002,-0.000,72
6612,3.108,-3.616,1.492,0.001,-0.002,-0.000,72
6613,3.111,-3.616,1.492,0.001,-0.002,-0.000,72
6614,3.115,-3.616,1.492,0.001,-0.002,-0.000,72
6615,3.118,-3.616,1.492,0.001,-0.002,-0.000,72
6616,3.121,-3.616,1.492,0.001,-0.002,-0.000,72
6617,3.124,-3.616,1.491,0.001,-0.002,-0.000,72
6618,3.128,-3.616,1.491,0.001,-0.002,0.000,72
6619,3.131,-3.616,1.491,0.001,-0.002,0.000,72
6620,3.134,-3.616,1.491,0.001,-0.002,0.000,72
6621,3.138,-3.616,1.491,0.001,-0.002,0.000,72
6622,3.141,-3.616,1.491,0.001,-0.002,0.000,72
6623,3.144,-3.616,1.491,0.001,-0.002,0.000,72
6624,3.147,-3.616,1.491,0.001,-0.002,0.000,72
6625,3.151,-3.616,1.491,0.001,-0.002,0.000,72
6626,3.154,-3.616,1.491,0.001,-0.002,-0.000,72
6627,3.157,-3.616,1.491,0.001,-0.002,-0.000,72
6628,3.160,-3.616,1.491,0.001,-0.002,-0.000,72
6629,3.164,-3.616,1.491,0.001,-0.002,-0.000,72
6630,3.167,-3.616,1.491,0.001,-0.002,0.000,72
6631,3.170,-3.616,1.491,0.001,-0.002,0.000,72
6632,3.173,-3.616,1.491,0.001,-0.002,0.000,72
6633,3.177,-3.616,1.491,0.001,-0.002,0.000,72
6634,3.180,-3.616,1.491,0.001,-0.002,0.000,72
6635,3.183,-3.616,1.491,0.001,-0.002,0.000,72
6636,3.187,-3.616,1.491,0.001,-0.002,-0.000,72
6637,3.190,-3.616,1.491,0.001,-0.002,-0.000,72
6638,3.193,-3.616,1.491,0.001,-0.002,0.000,72
6639,3.196,-3.616,1.491,0.001,-0.002,0.000,72
6640,3.200,-3.616,1.491,0.001,-0.002,0.000,72
6641,3.203,-3.616,1.491,0.001,-0.002,0.000,72
6642,3.206,-3.616,1.491,0.001,-0.002,0.000,72
6643,3.209,-3.616,1.491,0.001,-0.002,0.000,72
6644,3.213,-3.616,1.491,0.001,-0.002,0.000,72
6645,3.216,-3.616,1.491,0.001,-0.002,0.000,72
6646,3.219,-3.616,1.491,0.001,-0.002,0.000,72
6647,3.222,-3.616,1.491,0.001,-0.002,0.000,72
6648,3.226,-3.616,1.491,0.001,-0.002,0.000,72
6649,3.229,-3.616,1.491,0.001,-0.002,0.000,72
6650,3.232,-3.616,1.491,0.001,-0.002,0.000,72
6651,3.235,-3.616,1.491,0.001,-0.002,0.000,72
6652,3.239,-3.616,1.490,0.001,-0.002,0.000,72
6653,3.242,-3.616,1.490,0.001,-0.002,0.000,72
6654,3.245,-3.616,1.490,0.001,-0.002,0.000,72
6655,3.248,-3.616,1.490,0.001,-0.001,0.000,72
6656,3.252,-3.616,1.490,0.001,-0.001,0.000,72
6657,3.255,-3.616,1.490,0.001,-0.001,0.000,72
6658,3.258,-3.616,1.490,0.001,-0.001,0.000,72
6659,3.262,-3.616,1.490,0.001,-0.001,0.000,72
6660,3.265,-3.616,1.490,0.001,-0.001,0.000,72
6661,3.268,-3.616,1.490,0.001,-0.002,0.000,72
6662,3.271,-3.616,1.490,0.001,-0.002,0.000,72
6663,3.275,-3.616,1.490,0.001,-0.002,0.000,72
6664,3.278,-3.616,1.490,0.001,-0.002,0.000,72
6665,3.281,-3.616,1.490,0.001,-0.002,0.000,72
6666,3.284,-3.616,1.490,0.001,-0.002,0.000,72
6667,3.288,-3.616,1.490,0.001,-0.002,0.000,72
6668,3.291,-3.616,1.490,0.001,-0.002,0.000,72
6669,3.294,-3.616,1.490,0.001,-0.002,0.000,72
6670,3.297,-3.616,1.490,0.001,-0.002,-0.000,72
6671,3.301,-3.616,1.490,0.001,-0.002,-0.000,72
6672,3.304,-3.616,1.490,0.001,-0.002,-0.000,72
6673,3.307,-3.616,1.496,0.001,-0.001,-0.000,72
6674,3.310,-3.616,1.497,0.001,-0.001,0.000,72
6675,3.314,-3.616,1.499,0.001,-0.001,0.000,72
6676,3.317,-3.616,1.500,0.001,-0.002,0.000,72
6677,3.320,-3.616,1.501,0.001,-0.002,0.000,72
6678,3.324,-3.616,1.501,0.001,-0.002,0.000,72
6679,3.327,-3.616,1.502,0.001,-0.002,0.000,72
6680,3.330,-3.616,1.503,0.001,-0.002,-0.000,72
6681,3.333,-3.616,1.503,0.001,-0.002,-0.000,72
6682,3.337,-3.616,1.504,0.001,-0.002,-0.000,72
6683,3.340,-3.616,1.505,0.001,-0.002,0.000,72
6684,3.343,-3.616,1.505,0.001,-0.002,0.000,72
6685,3.346,-3.616,1.505,0.001,-0.002,0.000,72
6686,3.350,-3.616,1.506,0.001,-0.002,0.000,72
6687,3.353,-3.616,1.506,0.001,-0.002,0.000,72
6688,3.356,-3.616,1.507,0.001,-0.002,0.000,72
6689,3.359,-3.616,1.507,0.001,-0.002,0.000,72
6690,3.363,-3.616,1.507,0.001,-0.002,0.000,72
6691,3.366,-3.616,1.507,0.001,-0.002,0.000,72
6692,3.369,-3.616,1.508,0.001,-0.002,0.000,72
6693,3.372,-3.616,1.508,0.001,-0.002,-0.000,72
6694,3.376,-3.616,1.508,0.001,-0.002,-0.000,72
6695,3.379,-3.616,1.508,0.001,-0.002,-0.000,72
6696,3.382,-3.616,1.508,0.001,-0.002,-0.000,72
6697,3.386,-3.616,1.508,0.001,-0.002,-0.000,72
6698,3.389,-3.616,1.509,0.001,-0.002,-0.000,72
6699,3.392,-3.616,1.509,0.001,-0.002,-0.000,72
6700,3.395,-3.616,1.509,0.001,-0.002,0.000,72
6701,3.399,-3.616,1.509,0.001,-0.002,0.000,72
6702,3.402,-3.616,1.509,0.001,-0.002,0.000,72
6703,3.405,-3.616,1.509,0.001,-0.002,0.000,72
6704,3.408,-3.616,1.509,0.001,-0.002,-0.000,72
6705,3.412,-3.616,1.509,0.001,-0.002,-0.000,72
6706,3.415,-3.616,1.509,0.001,-0.002,-0.000,72
6707,3.418,-3.616,1.509,0.001,-0.002,-0.000,72
6708,3.421,-3.616,1.509,0.001,-0.002,-0.000,72
6709,3.425,-3.616,1.509,0.001,-0.002,0.000,72
6710,3.428,-3.616,1.509,0.001,-0.002,0.000,72
6711,3.431,-3.616,1.509,0.001,-0.002,0.000,72
6712,3.434,-3.616,1.509,0.001,-0.002,0.000,72
6713,3.438,-3.616,1.509,0.001,-0.002,0.000,72
6714,3.441,-3.617,1.509,0.001,-0.002,0.000,72
6715,3.444,-3.617,1.509,0.001,-0.002,-0.000,72
6716,3.447,-3.617,1.509,0.001,-0.002,-0.000,72
6717,3.451,-3.617,1.509,0.001,-0.002,-0.000,72
6718,3.454,-3.617,1.509,0.001,-0.002,-0.000,72
6719,3.457,-3.617,1.509,0.001,-0.002,-0.000,72
6720,3.461,-3.617,1.509,0.001,-0.002,-0.000,72
6721,3.464,-3.617,1.509,0.001,-0.002,-0.000,72
6722,3.467,-3.617,1.509,0.001,-0.002,0.000,72
6723,3.470,-3.617,1.509,0.001,-0.002,0.000,72
6724,3.474,-3.617,1.509,0.001,-0.002,-0.000,72
6725,3.477,-3.617,1.509,0.001,-0.002,-0.000,72
6726,3.480,-3.617,1.509,0.001,-0.002,-0.000,72
6727,3.483,-3.617,1.509,0.001,-0.002,-0.000,72
6728,3.487,-3.617,1.509,0.001,-0.002,-0.000,72
6729,3.490,-3.617,1.509,0.001,-0.002,-0.000,72
6730,3.493,-3.617,1.509,0.001,-0.002,-0.000,72
6731,3.496,-3.617,1.509,0.001,-0.002,-0.000,72
6732,3.500,-3.617,1.509,0.001,-0.002,-0.000,72
6733,3.503,-3.617,1.509,0.001,-0.002,-0.000,72
6734,3.506,-3.617,1.509,0.001,-0.002,-0.000,72
6735,3.509,-3.617,1.509,0.001,-0.002,-0.000,72
6736,3.513,-3.617,1.509,0.001,-0.002,-0.000,72
6737,3.516,-3.617,1.509,0.001,-0.002,-0.000,72
6738,3.519,-3.617,1.509,0.001,-0.002,-0.000,72
6739,3.522,-3.617,1.509,0.001,-0.002,-0.000,72
6740,3.526,-3.617,1.509,0.001,-0.002,0.000,72
6741,3.529,-3.617,1.509,0.001,-0.002,0.000,72
6742,3.532,-3.617,1.509,0.001,-0.002,0.000,72
6743,3.536,-3.617,1.509,0.001,-0.002,-0.000,72
6744,3.539,-3.617,1.509,0.001,-0.002,-0.000,72
6745,3.542,-3.617,1.509,0.001,-0.002,-0.000,72
6746,3.545,-3.617,1.509,0.001,-0.002,-0.000,72
6747,3.549,-3.617,1.509,0.001,-0.002,-0.000,72
6748,3.552,-3.617,1.509,0.001,-0.002,-0.000,72
6749,3.555,-3.617,1.509,0.001,-0.002,-0.000,72
6750,3.558,-3.617,1.509,0.001,-0.002,-0.000,72
6751,3.562,-3.617,1.509,0.001,-0.002,0.000,72
6752,3.565,-3.617,1.509,0.001,-0.002,0.000,72
6753,3.568,-3.617,1.509,0.001,-0.002,0.000,72
6754,3.571,-3.617,1.509,0.001,-0.002,-0.000,72
6755,3.575,-3.617,1.509,0.001,-0.002,-0.000,72
6756,3.578,-3.617,1.509,0.001,-0.002,-0.000,72
6757,3.581,-3.617,1.509,0.001,-0.002,0.000,72
6758,3.584,-3.617,1.509,0.001,-0.002,0.000,72
6759,3.588,-3.617,1.509,0.001,-0.002,0.000,72
6760,3.591,-3.617,1.509,0.001,-0.002,0.000,72
6761,3.594,-3.617,1.509,0.001,-0.002,0.000,72
6762,3.598,-3.617,1.509,0.001,-0.002,-0.000,72
6763,3.601,-3.617,1.509,0.001,-0.002,-0.000,72
6764,3.604,-3.617,1.509,0.001,-0.002,-0.000,72
6765,3.607,-3.617,1.509,0.001,-0.002,-0.000,72
6766,3.611,-3.617,1.509,0.001,-0.002,-0.000,72
6767,3.614,-3.617,1.509,0.001,-0.002,-0.000,72
6768,3.617,-3.617,1.509,0.001,-0.002,-0.000,72
6769,3.620,-3.617,1.509,0.001,-0.002,-0.000,72
6770,3.624,-3.617,1.509,0.001,-0.002,-0.000,72
6771,3.627,-3.617,1.509,0.001,-0.002,-0.000,72
6772,3.630,-3.617,1.509,0.001,-0.002,-0.000,72
6773,3.633,-3.617,1.509,0.001,-0.002,-0.000,72
6774,3.637,-3.617,1.509,0.001,-0.002,0.000,72
6775,3.640,-3.617,1.509,0.001,-0.001,0.000,72
6776,3.643,-3.617,1.509,0.001,-0.001,0.000,72
6777,3.646,-3.617,1.509,0.001,-0.001,0.000,72
6778,3.650,-3.617,1.509,0.001,-0.002,-0.000,72
6779,3.653,-3.617,1.510,0.001,-0.002,-0.000,72
6780,3.656,-3.617,1.510,0.001,-0.002,-0.000,72
6781,3.660,-3.617,1.510,0.001,-0.002,-0.000,72
6782,3.663,-3.617,1.510,0.001,-0.002,-0.000,72
6783,3.666,-3.617,1.510,0.001,-0.002,-0.000,72
6784,3.669,-3.617,1.510,0.001,-0.002,-0.000,72
6785,3.673,-3.617,1.510,0.001,-0.002,0.000,72
6786,3.676,-3.617,1.510,0.001,-0.002,0.000,72
6787,3.679,-3.617,1.510,0.001,-0.002,0.000,72
6788,3.682,-3.617,1.510,0.001,-0.002,0.000,72
6789,3.686,-3.617,1.510,0.001,-0.002,0.000,72
6790,3.689,-3.617,1.510,0.001,-0.002,-0.000,72
6791,3.692,-3.617,1.510,0.001,-0.002,-0.000,72
6792,3.695,-3.617,1.510,0.001,-0.002,-0.000,72
6793,3.699,-3.617,1.510,0.001,-0.002,0.000,72
6794,3.702,-3.617,1.510,0.001,-0.002,0.000,72
6795,3.705,-3.617,1.510,0.001,-0.002,0.000,72
6796,3.708,-3.617,1.510,0.001,-0.002,0.000,72
6797,3.712,-3.617,1.510,0.001,-0.002,0.000,72
6798,3.715,-3.617,1.510,0.001,-0.002,-0.000,72
6799,3.718,-3.617,1.510,0.001,-0.002,-0.000,72
6800,3.722,-3.617,1.510,0.001,-0.002,-0.000,72
6801,3.725,-3.617,1.510,0.001,-0.002,-0.000,72
6802,3.728,-3.617,1.510,0.001,-0.002,-0.000,72
6803,3.731,-3.617,1.510,0.001,-0.002,0.000,72
6804,3.735,-3.617,1.510,0.001,-0.002,0.000,72
6805,3.738,-3.617,1.510,0.001,-0.002,0.000,72
6806,3.741,-3.617,1.510,0.001,-0.002,0.000,72
6807,3.744,-3.617,1.510,0.001,-0.002,0.000,72
6808,3.748,-3.617,1.510,0.001,-0.002,0.000,72
6809,3.751,-3.617,1.510,0.001,-0.002,0.000,72
6810,3.754,-3.617,1.510,0.001,-0.002,0.000,72
6811,3.757,-3.617,1.510,0.001,-0.002,0.000,72
6812,3.761,-3.617,1.510,0.001,-0.002,-0.000,72
6813,3.764,-3.617,1.504,0.001,-0.002,-0.000,72
6814,3.767,-3.617,1.502,0.001,-0.002,0.000,72
6815,3.770,-3.617,1.501,0.001,-0.002,0.000,72
6816,3.774,-3.617,1.500,0.001,-0.002,0.000,72
6817,3.777,-3.617,1.499,0.001,-0.002,0.000,72
6818,3.780,-3.617,1.499,0.001,-0.002,0.000,72
6819,3.784,-3.617,1.498,0.001,-0.002,0.000,72
6820,3.787,-3.617,1.497,0.001,-0.002,0.000,72
6821,3.790,-3.617,1.496,0.001,-0.002,-0.000,72
6822,3.793,-3.617,1.496,0.001,-0.002,-0.000,72
6823,3.797,-3.617,1.495,0.001,-0.002,-0.000,72
6824,3.800,-3.617,1.495,0.001,-0.002,-0.000,72
6825,3.803,-3.617,1.494,0.001,-0.002,-0.000,72
6826,3.806,-3.617,1.494,0.001,-0.002,-0.000,72
6827,3.810,-3.617,1.494,0.001,-0.002,-0.000,72
6828,3.813,-3.617,1.493,0.001,-0.002,-0.000,72
6829,3.816,-3.617,1.493,0.001,-0.002,-0.000,72
6830,3.819,-3.617,1.493,0.001,-0.002,-0.000,72
6831,3.823,-3.617,1.493,0.001,-0.002,-0.000,72
6832,3.826,-3.617,1.492,0.001,-0.002,-0.000,72
6833,3.829,-3.617,1.492,0.001,-0.002,0.000,72
6834,3.832,-3.617,1.492,0.001,-0.002,0.000,72
6835,3.836,-3.617,1.492,0.001,-0.002,0.000,72
6836,3.839,-3.617,1.492,0.001,-0.002,-0.000,72
6837,3.842,-3.617,1.491,0.001,-0.002,-0.000,72
6838,3.845,-3.617,1.491,0.001,-0.002,-0.000,72
6839,3.849,-3.617,1.491,0.001,-0.002,-0.000,72
6840,3.852,-3.617,1.491,0.001,-0.002,-0.000,72
6841,3.855,-3.617,1.491,0.001,-0.002,-0.000,72
6842,3.859,-3.617,1.491,0.001,-0.002,-0.000,72
6843,3.862,-3.617,1.491,0.001,-0.002,0.000,72
6844,3.865,-3.617,1.491,0.001,-0.002,-0.000,72
6845,3.868,-3.617,1.491,0.001,-0.002,-0.000,72
6846,3.872,-3.617,1.491,0.001,-0.002,-0.000,72
6847,3.875,-3.617,1.491,0.001,-0.002,-0.000,72
6848,3.878,-3.617,1.491,0.001,-0.002,-0.000,72
6849,3.881,-3.617,1.491,0.001,-0.002,-0.000,72
6850,3.885,-3.617,1.490,0.001,-0.002,-0.000,72
6851,3.888,-3.617,1.490,0.001,-0.002,-0.000,72
6852,3.891,-3.617,1.490,0.001,-0.002,-0.000,72
6853,3.894,-3.617,1.490,0.001,-0.002,-0.000,72
6854,3.898,-3.617,1.490,0.001,-0.002,-0.000,72
6855,3.901,-3.617,1.490,0.001,-0.002,-0.000,72
6856,3.904,-3.617,1.490,0.001,-0.002,-0.000,72
6857,3.907,-3.617,1.490,0.001,-0.002,0.000,72
6858,3.911,-3.617,1.490,0.001,-0.002,0.000,72
6859,3.914,-3.617,1.490,0.001,-0.002,0.000,72
6860,3.917,-3.617,1.490,0.001,-0.002,0.000,72
6861,3.920,-3.617,1.490,0.001,-0.002,0.000,72
6862,3.924,-3.617,1.490,0.001,-0.002,0.000,72
6863,3.927,-3.617,1.490,0.001,-0.002,0.000,72
6864,3.930,-3.617,1.490,0.001,-0.002,0.000,72
6865,3.934,-3.617,1.490,0.001,-0.002,0.000,72
6866,3.937,-3.617,1.490,0.001,-0.002,0.000,72
6867,3.940,-3.617,1.490,0.001,-0.002,0.000,72
6868,3.943,-3.617,1.490,0.001,-0.002,0.000,72
6869,3.947,-3.617,1.490,0.001,-0.002,0.000,72
6870,3.950,-3.617,1.490,0.001,-0.002,0.000,72
6871,3.953,-3.617,1.490,0.001,-0.002,0.000,72
6872,3.956,-3.617,1.490,0.001,-0.002,0.000,72
6873,3.960,-3.617,1.490,0.001,-0.002,0.000,72
6874,3.963,-3.617,1.490,0.001,-0.002,-0.000,72
6875,3.966,-3.617,1.490,0.001,-0.002,-0.000,72
6876,3.969,-3.617,1.490,0.001,-0.002,-0.000,72
6877,3.973,-3.617,1.490,0.001,-0.002,0.000,72
6878,3.976,-3.617,1.490,0.001,-0.002,0.000,72
6879,3.979,-3.617,1.490,0.001,-0.002,0.000,72
6880,3.982,-3.617,1.490,0.001,-0.002,0.000,72
6881,3.986,-3.617,1.490,0.001,-0.002,0.000,72
6882,3.989,-3.617,1.490,0.001,-0.002,0.000,72
6883,3.992,-3.617,1.490,0.001,-0.002,0.000,72
6884,3.995,-3.617,1.490,0.001,-0.002,0.000,72
6885,3.999,-3.617,1.490,0.001,-0.002,0.000,72
6886,4.002,-3.617,1.490,0.001,-0.002,0.000,72
6887,4.005,-3.617,1.490,0.001,-0.001,-0.000,72
6888,4.008,-3.617,1.490,0.001,-0.002,-0.000,72
6889,4.012,-3.617,1.490,0.001,-0.002,0.000,72
6890,4.015,-3.617,1.490,0.001,-0.002,0.000,72
6891,4.018,-3.617,1.490,0.001,-0.002,0.000,72
6892,4.021,-3.617,1.490,0.001,-0.002,0.000,72
6893,4.025,-3.617,1.490,0.001,-0.002,0.000,72
6894,4.028,-3.617,1.490,0.001,-0.002,0.000,72
6895,4.031,-3.617,1.490,0.001,-0.002,0.000,72
6896,4.035,-3.617,1.490,0.001,-0.002,0.000,72
6897,4.038,-3.617,1.490,0.001,-0.002,0.000,72
6898,4.041,-3.617,1.491,0.001,-0.002,0.000,72
6899,4.044,-3.617,1.491,0.001,-0.002,0.000,72
6900,4.048,-3.617,1.491,0.001,-0.002,0.000,72
6901,4.051,-3.617,1.491,0.001,-0.002,0.000,72
6902,4.054,-3.617,1.491,0.001,-0.002,0.000,72
6903,4.057,-3.617,1.491,0.001,-0.002,0.000,72
6904,4.061,-3.617,1.491,0.001,-0.002,0.000,72
6905,4.064,-3.617,1.491,0.001,-0.002,0.000,72
6906,4.067,-3.617,1.491,0.001,-0.002,-0.000,72
6907,4.070,-3.617,1.491,0.001,-0.002,-0.000,72
6908,4.074,-3.617,1.491,0.001,-0.002,-0.000,72
6909,4.077,-3.617,1.491,0.001,-0.002,-0.000,72
6910,4.080,-3.617,1.491,0.001,-0.002,-0.000,72
6911,4.083,-3.617,1.491,0.001,-0.002,0.000,72
6912,4.087,-3.617,1.491,0.001,-0.002,0.000,72
6913,4.090,-3.617,1.491,0.001,-0.002,0.000,72
6914,4.093,-3.617,1.491,0.001,-0.002,-0.000,72
6915,4.096,-3.617,1.491,0.001,-0.002,-0.000,72
6916,4.100,-3.617,1.491,0.001,-0.002,-0.000,72
6917,4.103,-3.617,1.491,0.001,-0.002,-0.000,72
6918,4.106,-3.617,1.491,0.001,-0.002,-0.000,72
6919,4.110,-3.617,1.491,0.001,-0.002,-0.000,72
6920,4.113,-3.617,1.491,0.001,-0.002,-0.000,72
6921,4.116,-3.617,1.491,0.001,-0.002,0.000,72
6922,4.119,-3.617,1.491,0.001,-0.002,0.000,72
6923,4.123,-3.617,1.491,0.001,-0.002,0.000,72
6924,4.126,-3.617,1.491,0.001,-0.002,0.000,72
6925,4.129,-3.617,1.491,0.001,-0.002,0.000,72
6926,4.132,-3.617,1.491,0.001,-0.002,-0.000,72
6927,4.136,-3.617,1.491,0.001,-0.002,-0.000,72
6928,4.139,-3.617,1.491,0.001,-0.002,-0.000,72
6929,4.142,-3.617,1.491,0.001,-0.002,-0.000,72
6930,4.145,-3.617,1.491,0.001,-0.002,-0.000,72
6931,4.149,-3.617,1.491,0.001,-0.002,-0.000,72
6932,4.152,-3.617,1.491,0.001,-0.002,0.000,72
6933,4.155,-3.617,1.491,0.001,-0.002,0.000,72
6934,4.158,-3.617,1.491,0.001,-0.002,0.000,72
6935,4.162,-3.617,1.491,0.001,-0.002,0.000,72
6936,4.165,-3.617,1.491,0.001,-0.002,0.000,72
6937,4.168,-3.617,1.491,0.001,-0.002,-0.000,72
6938,4.172,-3.617,1.491,0.001,-0.002,-0.000,72
6939,4.175,-3.617,1.491,0.001,-0.002,-0.000,72
6940,4.178,-3.617,1.491,0.001,-0.002,-0.000,72
6941,4.181,-3.617,1.491,0.001,-0.002,-0.000,72
6942,4.185,-3.617,1.491,0.001,-0.002,-0.000,72
6943,4.188,-3.617,1.491,0.001,-0.002,-0.000,72
6944,4.191,-3.617,1.491,0.001,-0.002,-0.000,72
6945,4.194,-3.617,1.491,0.001,-0.002,-0.000,72
6946,4.198,-3.617,1.491,0.001,-0.002,-0.000,72
6947,4.201,-3.617,1.491,0.001,-0.002,-0.000,72
6948,4.204,-3.617,1.491,0.001,-0.002,-0.000,72
6949,4.207,-3.617,1.491,0.001,-0.002,0.000,72
6950,4.211,-3.617,1.491,0.001,-0.002,-0.000,72
6951,4.214,-3.617,1.491,0.001,-0.002,-0.000,72
6952,4.217,-3.617,1.491,0.001,-0.002,-0.000,72
6953,4.220,-3.617,1.491,0.001,-0.002,-0.000,72
6954,4.224,-3.617,1.491,0.001,-0.001,-0.000,72
6955,4.227,-3.617,1.491,0.001,-0.001,-0.000,72
6956,4.230,-3.617,1.491,0.001,-0.001,0.000,72
6957,4.234,-3.617,1.491,0.001,-0.001,0.000,72
6958,4.237,-3.617,1.491,0.001,-0.002,0.000,72
6959,4.240,-3.617,1.491,0.001,-0.002,-0.000,72
6960,4.243,-3.617,1.491,0.001,-0.002,-0.000,72
6961,4.247,-3.617,1.491,0.001,-0.002,-0.000,72
6962,4.250,-3.617,1.491,0.001,-0.002,-0.000,72
6963,4.253,-3.617,1.491,0.001,-0.002,-0.000,72
6964,4.256,-3.617,1.491,0.001,-0.002,-0.000,72
6965,4.260,-3.617,1.491,0.001,-0.002,-0.000,72
6966,4.263,-3.617,1.491,0.001,-0.002,-0.000,72
6967,4.266,-3.617,1.491,0.001,-0.002,-0.000,72
6968,4.269,-3.617,1.491,0.001,-0.002,-0.000,72
6969,4.273,-3.617,1.491,0.001,-0.002,0.000,72
6970,4.276,-3.617,1.491,0.001,-0.002,0.000,72
6971,4.279,-3.617,1.491,0.001,-0.002,0.000,72
6972,4.283,-3.617,1.491,0.001,-0.002,0.000,72
6973,4.286,-3.617,1.491,0.001,-0.002,-0.000,72
6974,4.289,-3.617,1.491,0.001,-0.002,-0.000,72
6975,4.292,-3.617,1.491,0.001,-0.002,-0.000,72
6976,4.296,-3.617,1.491,0.001,-0.002,0.000,72
6977,4.299,-3.617,1.491,0.001,-0.002,0.000,72
6978,4.302,-3.617,1.491,0.001,-0.002,0.000,72
6979,4.305,-3.617,1.491,0.001,-0.002,0.000,72
6980,4.309,-3.617,1.491,0.001,-0.002,0.000,72
6981,4.312,-3.617,1.491,0.001,-0.002,0.000,72
6982,4.315,-3.617,1.491,0.001,-0.002,0.000,72
6983,4.318,-3.617,1.491,0.001,-0.002,0.000,72
6984,4.322,-3.617,1.491,0.001,-0.002,-0.000,72
6985,4.325,-3.617,1.491,0.001,-0.002,-0.000,72
6986,4.328,-3.617,1.491,0.001,-0.002,-0.000,72
6987,4.331,-3.617,1.491,0.001,-0.002,-0.000,72
6988,4.335,-3.617,1.491,0.001,-0.002,-0.000,72
6989,4.338,-3.617,1.491,0.001,-0.002,-0.000,72
6990,4.341,-3.617,1.491,0.001,-0.002,0.000,72
6991,4.345,-3.617,1.491,0.001,-0.002,0.000,72
6992,4.348,-3.617,1.491,0.001,-0.002,0.000,72
6993,4.351,-3.617,1.491,0.001,-0.002,0.000,72
6994,4.354,-3.617,1.491,0.001,-0.002,0.000,72
6995,4.358,-3.617,1.491,0.001,-0.002,0.000,72
6996,4.361,-3.617,1.491,0.001,-0.002,-0.000,72
6997,4.364,-3.617,1.491,0.001,-0.002,-0.000,72
6998,4.367,-3.617,1.491,0.001,-0.002,-0.000,72
6999,4.371,-3.617,1.491,0.001,-0.002,-0.000,72
7000,4.374,-3.617,1.491,0.001,-0.002,-0.000,72
7001,4.377,-3.617,1.491,0.001,-0.002,-0.000,72
7002,4.380,-3.617,1.491,0.001,-0.002,0.000,72
7003,4.384,-3.617,1.491,0.001,-0.002,0.000,72
7004,4.387,-3.617,1.491,0.001,-0.002,0.000,72
7005,4.390,-3.617,1.491,0.001,-0.002,0.000,72
7006,4.393,-3.617,1.491,0.001,-0.002,0.000,72
7007,4.397,-3.617,1.491,0.001,-0.002,0.000,72
7008,4.400,-3.617,1.491,0.001,-0.002,0.000,72
7009,4.403,-3.617,1.491,0.001,-0.002,0.000,72
7010,4.407,-3.617,1.491,0.001,-0.002,-0.000,72
7011,4.410,-3.617,1.491,0.001,-0.002,-0.000,72
7012,4.413,-3.617,1.491,0.001,-0.002,-0.000,72
7013,4.416,-3.617,1.491,0.001,-0.002,-0.000,72
7014,4.420,-3.617,1.491,0.001,-0.002,0.000,72
7015,4.423,-3.617,1.491,0.001,-0.002,0.000,72
7016,4.426,-3.617,1.491,0.001,-0.002,0.000,72
7017,4.429,-3.617,1.491,0.001,-0.002,0.000,72
7018,4.433,-3.617,1.491,0.001,-0.001,0.000,72
7019,4.436,-3.617,1.491,0.001,-0.001,0.000,72
7020,4.439,-3.617,1.491,0.001,-0.002,0.000,72
7021,4.442,-3.617,1.491,0.001,-0.002,-0.000,72
7022,4.446,-3.617,1.491,0.001,-0.002,-0.000,72
7023,4.449,-3.617,1.491,0.001,-0.002,-0.000,72
7024,4.452,-3.617,1.491,0.001,-0.002,-0.000,72
7025,4.455,-3.617,1.491,0.001,-0.002,-0.000,72
7026,4.459,-3.617,1.491,0.001,-0.002,0.000,72
7027,4.462,-3.617,1.491,0.001,-0.002,0.000,72
7028,4.465,-3.617,1.491,0.001,-0.002,0.000,72
7029,4.468,-3.617,1.491,0.001,-0.002,0.000,72
7030,4.472,-3.617,1.491,0.001,-0.002,0.000,72
7031,4.475,-3.617,1.491,0.001,-0.002,0.000,72
7032,4.478,-3.617,1.491,0.001,-0.002,0.000,72
7033,4.482,-3.617,1.491,0.001,-0.002,0.000,72
7034,4.485,-3.617,1.491,0.001,-0.002,0.000,72
7035,4.488,-3.617,1.491,0.001,-0.002,0.000,72
7036,4.491,-3.617,1.491,0.001,-0.002,0.000,72
7037,4.495,-3.617,1.491,0.001,-0.002,0.000,72
7038,4.498,-3.617,1.491,0.001,-0.002,0.000,72
7039,4.501,-3.617,1.491,0.001,-0.002,-0.000,72
7040,4.504,-3.617,1.491,0.001,-0.002,-0.000,72
7041,4.508,-3.617,1.491,0.001,-0.002,-0.000,72
7042,4.511,-3.617,1.490,0.001,-0.002,-0.000,72
7043,4.514,-3.617,1.490,0.001,-0.002,-0.000,72
7044,4.517,-3.617,1.490,0.001,-0.002,-0.000,72
7045,4.521,-3.617,1.490,0.001,-0.002,0.000,72
7046,4.524,-3.617,1.490,0.001,-0.002,0.000,72
7047,4.527,-3.617,1.490,0.001,-0.002,0.000,72
7048,4.530,-3.617,1.490,0.001,-0.002,0.000,72
7049,4.534,-3.617,1.490,0.001,-0.002,0.000,72
7050,4.537,-3.617,1.490,0.001,-0.002,0.000,72
7051,4.540,-3.617,1.490,0.001,-0.002,-0.000,72
7052,4.543,-3.617,1.490,0.001,-0.002,-0.000,72
7053,4.547,-3.617,1.490,0.001,-0.002,-0.000,72
7054,4.550,-3.617,1.490,0.001,-0.002,-0.000,72
7055,4.553,-3.617,1.490,0.001,-0.002,-0.000,72
7056,4.557,-3.617,1.490,0.001,-0.002,0.000,72
7057,4.560,-3.617,1.490,0.001,-0.002,0.000,72
7058,4.563,-3.617,1.490,0.001,-0.002,0.000,72
7059,4.566,-3.617,1.490,0.001,-0.002,0.000,72
7060,4.570,-3.617,1.490,0.001,-0.002,0.000,72
7061,4.573,-3.617,1.490,0.001,-0.002,0.000,72
7062,4.576,-3.617,1.490,0.001,-0.002,0.000,72
7063,4.579,-3.617,1.490,0.001,-0.002,0.000,72
7064,4.583,-3.617,1.490,0.001,-0.002,0.000,72
7065,4.586,-3.617,1.490,0.001,-0.002,0.000,72
7066,4.589,-3.617,1.490,0.001,-0.002,0.000,72
7067,4.592,-3.617,1.490,0.001,-0.002,0.000,72
7068,4.596,-3.617,1.490,0.001,-0.002,-0.000,72
7069,4.599,-3.617,1.490,0.001,-0.002,-0.000,72
7070,4.602,-3.617,1.490,0.001,-0.002,-0.000,72
7071,4.605,-3.617,1.490,0.001,-0.002,0.000,72
7072,4.609,-3.617,1.490,0.001,-0.002,0.000,72
7073,4.612,-3.617,1.490,0.001,-0.002,0.000,72
7074,4.615,-3.617,1.490,0.001,-0.002,0.000,72
7075,4.618,-3.617,1.490,0.001,-0.002,0.000,72
7076,4.622,-3.617,1.490,0.001,-0.002,0.000,72
7077,4.625,-3.617,1.490,0.001,-0.002,0.000,72
7078,4.628,-3.617,1.490,0.001,-0.002,-0.000,72
7079,4.632,-3.617,1.490,0.001,-0.002,-0.000,72
7080,4.635,-3.617,1.490,0.001,-0.002,-0.000,72
7081,4.638,-3.617,1.490,0.001,-0.002,-0.000,72
7082,4.641,-3.617,1.490,0.001,-0.002,-0.000,72
7083,4.645,-3.617,1.490,0.001,-0.002,0.000,72
7084,4.648,-3.617,1.490,0.001,-0.002,0.000,72
7085,4.651,-3.617,1.490,0.001,-0.002,0.000,72
7086,4.654,-3.617,1.490,0.001,-0.002,0.000,72
7087,4.658,-3.617,1.490,0.001,-0.002,-0.000,72
7088,4.661,-3.617,1.490,0.001,-0.002,-0.000,72
7089,4.664,-3.617,1.490,0.001,-0.002,-0.000,72
7090,4.667,-3.617,1.490,0.001,-0.002,-0.000,72
7091,4.671,-3.617,1.490,0.001,-0.002,-0.000,72
7092,4.674,-3.617,1.490,0.001,-0.002,-0.000,72
7093,4.677,-3.617,1.490,0.001,-0.002,-0.000,72
7094,4.680,-3.617,1.490,0.001,-0.002,-0.000,72
7095,4.684,-3.617,1.490,0.001,-0.002,-0.000,72
7096,4.687,-3.617,1.490,0.001,-0.002,-0.000,72
7097,4.690,-3.617,1.490,0.001,-0.002,-0.000,72
7098,4.694,-3.617,1.490,0.001,-0.002,-0.000,72
7099,4.697,-3.617,1.490,0.001,-0.002,0.000,72
7100,4.700,-3.617,1.490,0.001,-0.002,0.000,72
7101,4.703,-3.617,1.490,0.001,-0.002,0.000,72
7102,4.707,-3.617,1.490,0.001,-0.002,0.000,72
7103,4.710,-3.617,1.490,0.001,-0.002,0.000,72
7104,4.713,-3.617,1.490,0.001,-0.001,-0.000,72
7105,4.716,-3.617,1.490,0.001,-0.001,-0.000,72
7106,4.720,-3.617,1.490,0.001,-0.001,-0.000,72
7107,4.723,-3.617,1.490,0.001,-0.001,-0.000,72
7108,4.726,-3.617,1.490,0.001,-0.001,-0.000,72
7109,4.729,-3.617,1.490,0.001,-0.001,-0.000,72
7110,4.733,-3.617,1.490,0.001,-0.002,-0.000,72
7111,4.736,-3.617,1.490,0.001,-0.002,-0.000,72
7112,4.739,-3.617,1.490,0.001,-0.002,-0.000,72
7113,4.743,-3.617,1.490,0.001,-0.002,-0.000,72
7114,4.746,-3.617,1.490,0.001,-0.002,-0.000,72
7115,4.749,-3.617,1.490,0.001,-0.002,-0.000,72
7116,4.752,-3.617,1.490,0.001,-0.002,-0.000,72
7117,4.756,-3.617,1.490,0.001,-0.002,-0.000,72
7118,4.759,-3.617,1.490,0.001,-0.002,-0.000,72
7119,4.762,-3.617,1.490,0.001,-0.002,-0.000,72
7120,4.765,-3.617,1.490,0.001,-0.002,-0.000,72
7121,4.769,-3.617,1.490,0.001,-0.002,-0.000,72
7122,4.772,-3.617,1.490,0.001,-0.002,-0.000,72
7123,4.775,-3.617,1.490,0.001,-0.002,-0.000,72
7124,4.779,-3.617,1.490,0.001,-0.002,-0.000,72
7125,4.782,-3.617,1.490,0.001,-0.002,-0.000,72
7126,4.785,-3.617,1.490,0.001,-0.002,0.000,72
7127,4.788,-3.617,1.490,0.001,-0.002,0.000,72
7128,4.792,-3.617,1.490,0.001,-0.002,-0.000,72
7129,4.795,-3.617,1.490,0.001,-0.002,-0.000,72
7130,4.798,-3.617,1.490,0.001,-0.002,-0.000,72
7131,4.802,-3.617,1.490,0.001,-0.002,-0.000,72
7132,4.805,-3.617,1.490,0.001,-0.002,-0.000,72
7133,4.808,-3.617,1.490,0.001,-0.002,-0.000,72
7134,4.811,-3.617,1.490,0.001,-0.002,-0.000,72
7135,4.815,-3.617,1.490,0.001,-0.002,-0.000,72
7136,4.818,-3.617,1.490,0.001,-0.002,-0.000,72
7137,4.821,-3.617,1.490,0.001,-0.002,0.000,72
7138,4.824,-3.617,1.490,0.001,-0.002,0.000,72
7139,4.828,-3.617,1.490,0.001,-0.002,0.000,72
7140,4.831,-3.617,1.490,0.001,-0.002,-0.000,72
7141,4.834,-3.617,1.490,0.001,-0.002,-0.000,72
7142,4.837,-3.617,1.490,0.001,-0.002,-0.000,72
7143,4.841,-3.617,1.490,0.001,-0.002,0.000,72
7144,4.844,-3.617,1.490,0.001,-0.002,0.000,72
7145,4.847,-3.617,1.490,0.001,-0.001,0.000,72
7146,4.850,-3.617,1.490,0.001,-0.001,0.000,72
7147,4.854,-3.617,1.490,0.001,-0.002,0.000,72
7148,4.857,-3.617,1.490,0.001,-0.002,0.000,72
7149,4.860,-3.617,1.490,0.001,-0.002,0.000,72
7150,4.863,-3.617,1.490,0.001,-0.002,-0.000,72
7151,4.867,-3.617,1.490,0.001,-0.002,-0.000,72
7152,4.870,-3.617,1.490,0.001,-0.002,-0.000,72
7153,4.873,-3.617,1.490,0.001,-0.002,-0.000,72
7154,4.876,-3.617,1.490,0.001,-0.002,0.000,72
7155,4.880,-3.617,1.490,0.001,-0.002,0.000,72
7156,4.883,-3.617,1.490,0.001,-0.002,0.000,72
7157,4.886,-3.617,1.490,0.001,-0.002,0.000,72
7158,4.890,-3.617,1.490,0.001,-0.002,-0.000,72
7159,4.893,-3.617,1.490,0.001,-0.002,-0.000,72
7160,4.896,-3.617,1.490,0.001,-0.002,-0.000,72
7161,4.899,-3.617,1.490,0.001,-0.002,-0.000,72
7162,4.903,-3.617,1.490,0.001,-0.002,-0.000,72
7163,4.906,-3.617,1.490,0.001,-0.002,-0.000,72
7164,4.909,-3.617,1.490,0.001,-0.002,0.000,72
7165,4.912,-3.617,1.490,0.001,-0.002,0.000,72
7166,4.916,-3.617,1.490,0.001,-0.002,0.000,72
7167,4.919,-3.617,1.490,0.001,-0.002,0.000,72
7168,4.922,-3.617,1.490,0.001,-0.002,0.000,72
7169,4.925,-3.617,1.490,0.001,-0.002,0.000,72
7170,4.929,-3.617,1.490,0.001,-0.002,0.000,72
7171,4.932,-3.617,1.490,0.001,-0.002,0.000,72
7172,4.935,-3.617,1.490,0.001,-0.002,0.000,72
7173,4.938,-3.617,1.490,0.001,-0.002,0.000,72
7174,4.942,-3.617,1.490,0.001,-0.002,0.000,72
7175,4.945,-3.617,1.490,0.001,-0.002,0.000,72
7176,4.948,-3.617,1.490,0.001,-0.002,0.000,72
7177,4.951,-3.617,1.490,0.001,-0.002,-0.000,72
7178,4.955,-3.617,1.490,0.001,-0.002,-0.000,72
7179,4.958,-3.617,1.490,0.001,-0.002,-0.000,72
7180,4.961,-3.617,1.490,0.001,-0.002,-0.000,72
7181,4.965,-3.617,1.490,0.001,-0.002,0.000,72
7182,4.968,-3.617,1.490,0.001,-0.002,0.000,72
7183,4.971,-3.617,1.490,0.001,-0.002,0.000,72
7184,4.974,-3.617,1.490,0.001,-0.002,0.000,72
7185,4.978,-3.617,1.490,0.001,-0.002,0.000,72
7186,4.981,-3.617,1.490,0.001,-0.002,-0.000,72
7187,4.984,-3.617,1.490,0.001,-0.002,-0.000,72
7188,4.987,-3.617,1.490,0.001,-0.002,-0.000,72
7189,4.991,-3.617,1.490,0.001,-0.002,-0.000,72
7190,4.994,-3.617,1.490,0.001,-0.002,0.000,72
7191,4.997,-3.617,1.490,0.001,-0.002,0.000,72
7192,5.000,-3.617,1.490,0.001,-0.002,0.000,72
7193,5.004,-3.617,1.490,0.001,-0.002,0.000,72
7194,5.007,-3.617,1.490,0.001,-0.002,0.000,72
7195,5.010,-3.617,1.490,0.001,-0.002,0.000,72
7196,5.013,-3.617,1.490,0.001,-0.002,0.000,72
7197,5.017,-3.617,1.490,0.001,-0.002,-0.000,72
7198,5.020,-3.617,1.490,0.001,-0.002,-0.000,72
7199,5.023,-3.617,1.490,0.001,-0.002,-0.000,72
7200,5.026,-3.617,1.490,0.001,-0.002,-0.000,72
7201,5.030,-3.617,1.490,0.001,-0.002,-0.000,72
7202,5.033,-3.617,1.490,0.001,-0.002,-0.000,72
7203,5.036,-3.617,1.490,0.001,-0.002,-0.000,72
7204,5.040,-3.617,1.490,0.001,-0.002,0.000,72
7205,5.043,-3.617,1.490,0.001,-0.002,0.000,72
7206,5.046,-3.617,1.490,0.001,-0.002,0.000,72
7207,5.049,-3.617,1.490,0.001,-0.002,0.000,72
7208,5.053,-3.617,1.490,0.001,-0.002,-0.000,72
7209,5.056,-3.617,1.490,0.001,-0.002,-0.000,72
7210,5.059,-3.617,1.490,0.001,-0.002,-0.000,72
7211,5.062,-3.617,1.490,0.001,-0.002,-0.000,72
7212,5.066,-3.617,1.490,0.001,-0.001,-0.000,72
7213,5.069,-3.617,1.490,0.001,-0.002,0.000,72
7214,5.072,-3.617,1.490,0.001,-0.002,0.000,72
7215,5.075,-3.617,1.490,0.001,-0.002,0.000,72
7216,5.079,-3.617,1.490,0.001,-0.002,0.000,72
7217,5.082,-3.617,1.490,0.001,-0.002,0.000,72
7218,5.085,-3.617,1.490,0.001,-0.002,0.000,72
7219,5.088,-3.617,1.490,0.001,-0.002,0.000,72
7220,5.092,-3.617,1.490,0.001,-0.002,0.000,72
7221,5.095,-3.617,1.490,0.001,-0.002,0.000,72
7222,5.098,-3.617,1.490,0.001,-0.002,-0.000,72
7223,5.101,-3.617,1.490,0.001,-0.002,-0.000,72
7224,5.105,-3.617,1.490,0.001,-0.002,-0.000,72
7225,5.108,-3.617,1.490,0.001,-0.002,-0.000,72
7226,5.111,-3.617,1.490,0.001,-0.002,-0.000,72
7227,5.115,-3.617,1.490,0.001,-0.002,-0.000,72
7228,5.118,-3.617,1.490,0.001,-0.002,-0.000,72
7229,5.121,-3.617,1.490,0.001,-0.002,-0.000,72
7230,5.124,-3.617,1.490,0.001,-0.002,0.000,72
7231,5.128,-3.617,1.490,0.001,-0.002,0.000,72
7232,5.131,-3.617,1.490,0.001,-0.002,0.000,72
7233,5.134,-3.617,1.490,0.001,-0.002,0.000,72
7234,5.137,-3.617,1.490,0.001,-0.001,0.000,72
7235,5.141,-3.617,1.490,0.001,-0.002,-0.000,72
7236,5.144,-3.617,1.490,0.001,-0.002,-0.000,72
7237,5.147,-3.617,1.490,0.001,-0.002,0.000,72
7238,5.150,-3.617,1.490,0.001,-0.002,0.000,72
7239,5.154,-3.617,1.490,0.001,-0.002,0.000,72
7240,5.157,-3.618,1.490,0.001,-0.002,0.000,72
7241,5.160,-3.618,1.490,0.001,-0.002,0.000,72
7242,5.163,-3.618,1.490,0.001,-0.002,0.000,72
7243,5.167,-3.618,1.490,0.001,-0.002,0.000,72
7244,5.170,-3.618,1.490,0.001,-0.001,0.000,72
7245,5.173,-3.618,1.490,0.001,-0.001,0.000,72
7246,5.176,-3.618,1.490,0.001,-0.002,0.000,72
7247,5.180,-3.618,1.490,0.001,-0.002,0.000,72
7248,5.183,-3.618,1.490,0.001,-0.002,-0.000,72
7249,5.186,-3.618,1.490,0.001,-0.002,-0.000,72
7250,5.189,-3.618,1.490,0.001,-0.002,-0.000,72
7251,5.193,-3.618,1.490,0.001,-0.002,-0.000,72
7252,5.196,-3.618,1.490,0.001,-0.002,-0.000,72
7253,5.199,-3.618,1.490,0.001,-0.001,-0.000,72
7254,5.202,-3.618,1.490,0.001,-0.001,-0.000,72
7255,5.206,-3.618,1.490,0.001,-0.001,-0.000,72
7256,5.209,-3.618,1.490,0.001,-0.002,-0.000,72
7257,5.212,-3.618,1.490,0.001,-0.002,-0.000,72
7258,5.216,-3.618,1.490,0.001,-0.002,-0.000,72
7259,5.219,-3.618,1.490,0.001,-0.002,0.000,72
7260,5.222,-3.618,1.490,0.001,-0.002,0.000,72
7261,5.225,-3.618,1.490,0.001,-0.002,0.000,72
7262,5.229,-3.618,1.490,0.001,-0.002,0.000,72
7263,5.232,-3.618,1.490,0.001,-0.002,-0.000,72
7264,5.235,-3.618,1.490,0.001,-0.002,-0.000,72
7265,5.238,-3.618,1.490,0.001,-0.002,-0.000,72
7266,5.242,-3.618,1.490,0.001,-0.002,-0.000,72
7267,5.245,-3.618,1.490,0.001,-0.001,-0.000,72
7268,5.248,-3.618,1.490,0.001,-0.001,-0.000,72
7269,5.251,-3.618,1.490,0.001,-0.001,-0.000,72
7270,5.255,-3.618,1.490,0.001,-0.001,-0.000,72
7271,5.258,-3.618,1.490,0.001,-0.001,-0.000,72
7272,5.261,-3.618,1.490,0.001,-0.002,-0.000,72
7273,5.264,-3.618,1.490,0.001,-0.002,-0.000,72
7274,5.268,-3.618,1.490,0.001,-0.002,-0.000,72
7275,5.271,-3.618,1.490,0.001,-0.002,-0.000,72
7276,5.274,-3.618,1.490,0.001,-0.002,-0.000,72
7277,5.278,-3.618,1.490,0.001,-0.002,-0.000,72
7278,5.281,-3.618,1.490,0.001,-0.002,-0.000,72
7279,5.284,-3.618,1.490,0.001,-0.002,-0.000,72
7280,5.287,-3.618,1.490,0.001,-0.002,-0.000,72
7281,5.291,-3.618,1.490,0.001,-0.002,-0.000,72
7282,5.294,-3.618,1.490,0.001,-0.002,-0.000,72
7283,5.297,-3.618,1.490,0.001,-0.001,-0.000,72
7284,5.300,-3.618,1.490,0.001,-0.002,-0.000,72
7285,5.304,-3.618,1.490,0.001,-0.002,-0.000,72
7286,5.307,-3.618,1.490,0.001,-0.002,-0.000,72
7287,5.310,-3.618,1.490,0.001,-0.002,-0.000,72
7288,5.313,-3.618,1.490,0.001,-0.002,-0.000,72
7289,5.317,-3.618,1.490,0.001,-0.002,-0.000,72
7290,5.320,-3.618,1.490,0.001,-0.001,-0.000,72
7291,5.323,-3.618,1.490,0.001,-0.001,-0.000,72
7292,5.326,-3.618,1.490,0.001,-0.001,-0.000,72
7293,5.330,-3.618,1.490,0.001,-0.001,-0.000,72
7294,5.333,-3.618,1.490,0.001,-0.002,-0.000,72
7295,5.336,-3.618,1.490,0.001,-0.002,0.000,72
7296,5.340,-3.618,1.490,0.001,-0.002,0.000,72
7297,5.343,-3.618,1.490,0.001,-0.002,0.000,72
7298,5.346,-3.618,1.490,0.001,-0.002,0.000,72
7299,5.349,-3.618,1.490,0.001,-0.002,0.000,72
7300,5.353,-3.618,1.490,0.001,-0.002,-0.000,72
7301,5.356,-3.618,1.490,0.001,-0.002,-0.000,72
7302,5.359,-3.618,1.490,0.001,-0.002,-0.000,72
7303,5.362,-3.618,1.490,0.001,-0.001,-0.000,72
7304,5.366,-3.618,1.490,0.001,-0.001,-0.000,72
7305,5.369,-3.618,1.490,0.001,-0.002,-0.000,72
7306,5.372,-3.618,1.490,0.001,-0.002,-0.000,72
7307,5.375,-3.618,1.490,0.001,-0.002,-0.000,72
7308,5.379,-3.618,1.490,0.001,-0.001,-0.000,72
7309,5.382,-3.618,1.490,0.001,-0.001,-0.000,72
7310,5.385,-3.618,1.490,0.001,-0.001,-0.000,72
7311,5.388,-3.618,1.490,0.001,-0.001,-0.000,72
7312,5.392,-3.618,1.490,0.001,-0.001,-0.000,72
7313,5.395,-3.618,1.490,0.001,-0.002,-0.000,72
7314,5.398,-3.618,1.490,0.001,-0.002,-0.000,72
7315,5.402,-3.618,1.490,0.001,-0.002,0.000,72
7316,5.405,-3.618,1.490,0.001,-0.002,0.000,72
7317,5.408,-3.618,1.490,0.001,-0.002,0.000,72
7318,5.411,-3.618,1.490,0.001,-0.002,0.000,72
7319,5.415,-3.618,1.490,0.001,-0.002,0.000,72
7320,5.418,-3.618,1.490,0.001,-0.002,0.000,72
7321,5.421,-3.618,1.490,0.001,-0.002,0.000,72
7322,5.424,-3.618,1.490,0.001,-0.002,-0.000,72
7323,5.428,-3.618,1.490,0.001,-0.002,-0.000,72
7324,5.431,-3.618,1.490,0.001,-0.002,0.000,72
7325,5.434,-3.618,1.490,0.001,-0.002,0.000,72
7326,5.438,-3.618,1.490,0.001,-0.002,0.000,72
7327,5.441,-3.618,1.490,0.001,-0.002,0.000,72
7328,5.444,-3.618,1.490,0.001,-0.002,0.000,72
7329,5.447,-3.618,1.490,0.001,-0.002,-0.000,72
7330,5.451,-3.618,1.490,0.001,-0.002,-0.000,72
7331,5.454,-3.618,1.490,0.001,-0.002,-0.000,72
7332,5.457,-3.618,1.490,0.001,-0.002,0.000,72
7333,5.460,-3.618,1.490,0.001,-0.002,0.000,72
7334,5.464,-3.618,1.490,0.001,-0.002,0.000,72
7335,5.467,-3.618,1.490,0.001,-0.002,0.000,72
7336,5.470,-3.618,1.490,0.001,-0.002,0.000,72
7337,5.473,-3.618,1.490,0.001,-0.002,-0.000,72
7338,5.477,-3.618,1.490,0.001,-0.002,-0.000,72
7339,5.480,-3.618,1.490,0.001,-0.002,-0.000,72
7340,5.483,-3.618,1.490,0.001,-0.002,-0.000,72
7341,5.486,-3.618,1.490,0.001,-0.002,-0.000,72
7342,5.490,-3.618,1.490,0.001,-0.002,0.000,72
7343,5.493,-3.618,1.490,0.001,-0.002,0.000,72
7344,5.496,-3.618,1.490,0.001,-0.002,0.000,72
7345,5.500,-3.618,1.490,0.001,-0.002,-0.000,72
7346,5.503,-3.618,1.490,0.001,-0.002,-0.000,72
7347,5.506,-3.618,1.490,0.001,-0.002,-0.000,72
7348,5.509,-3.618,1.490,0.001,-0.002,-0.000,72
7349,5.513,-3.618,1.490,0.001,-0.002,-0.000,72
7350,5.516,-3.618,1.490,0.001,-0.002,0.000,72
7351,5.519,-3.618,1.490,0.001,-0.002,0.000,72
7352,5.522,-3.618,1.490,0.001,-0.002,0.000,72
7353,5.526,-3.618,1.490,0.001,-0.002,0.000,72
7354,5.529,-3.618,1.490,0.001,-0.002,0.000,72
7355,5.532,-3.618,1.490,0.001,-0.002,0.000,72
7356,5.535,-3.618,1.490,0.001,-0.002,0.000,72
7357,5.539,-3.618,1.490,0.001,-0.002,0.000,72
7358,5.542,-3.618,1.490,0.001,-0.002,-0.000,72
7359,5.545,-3.618,1.490,0.001,-0.002,-0.000,72
7360,5.548,-3.618,1.490,0.001,-0.002,-0.000,72
7361,5.552,-3.618,1.490,0.001,-0.002,-0.000,72
7362,5.555,-3.618,1.490,0.001,-0.002,-0.000,72
7363,5.558,-3.618,1.490,0.001,-0.002,-0.000,72
7364,5.562,-3.618,1.490,0.001,-0.002,-0.000,72
7365,5.565,-3.618,1.490,0.001,-0.002,0.000,72
7366,5.568,-3.618,1.490,0.001,-0.002,0.000,72
7367,5.571,-3.618,1.490,0.001,-0.002,0.000,72
7368,5.575,-3.618,1.490,0.001,-0.002,0.000,72
7369,5.578,-3.618,1.490,0.001,-0.002,0.000,72
7370,5.581,-3.618,1.490,0.001,-0.002,-0.000,72
7371,5.584,-3.618,1.490,0.001,-0.002,-0.000,72
7372,5.588,-3.618,1.490,0.001,-0.002,-0.000,72
7373,5.591,-3.618,1.490,0.001,-0.002,-0.000,72
7374,5.594,-3.618,1.490,0.001,-0.002,-0.000,72
7375,5.597,-3.618,1.490,0.001,-0.002,-0.000,72
7376,5.601,-3.618,1.490,0.001,-0.002,-0.000,72
7377,5.604,-3.618,1.490,0.001,-0.002,-0.000,72
7378,5.607,-3.618,1.490,0.001,-0.002,-0.000,72
7379,5.610,-3.618,1.490,0.001,-0.002,-0.000,72
7380,5.614,-3.618,1.490,0.001,-0.002,-0.000,72
7381,5.617,-3.618,1.490,0.001,-0.002,0.000,72
7382,5.620,-3.618,1.490,0.001,-0.002,0.000,72
7383,5.623,-3.618,1.490,0.001,-0.002,-0.000,72
7384,5.627,-3.618,1.490,0.001,-0.002,-0.000,72
7385,5.630,-3.618,1.490,0.001,-0.002,-0.000,72
7386,5.633,-3.618,1.490,0.001,-0.002,-0.000,72
7387,5.637,-3.618,1.490,0.001,-0.002,-0.000,72
7388,5.640,-3.618,1.490,0.001,-0.002,-0.000,72
7389,5.643,-3.618,1.490,0.001,-0.002,-0.000,72
7390,5.646,-3.618,1.490,0.001,-0.002,-0.000,72
7391,5.650,-3.618,1.490,0.001,-0.002,-0.000,72
7392,5.653,-3.618,1.490,0.001,-0.002,-0.000,72
7393,5.656,-3.618,1.490,0.001,-0.002,-0.000,72
7394,5.659,-3.618,1.490,0.001,-0.002,-0.000,72
7395,5.663,-3.618,1.490,0.001,-0.002,-0.000,72
7396,5.666,-3.618,1.490,0.001,-0.002,-0.000,72
7397,5.669,-3.618,1.490,0.001,-0.002,-0.000,72
7398,5.672,-3.618,1.490,0.001,-0.002,-0.000,72
7399,5.676,-3.618,1.490,0.001,-0.002,-0.000,72
7400,5.679,-3.618,1.490,0.001,-0.002,-0.000,72
7401,5.682,-3.618,1.490,0.001,-0.002,-0.000,72
7402,5.685,-3.618,1.490,0.001,-0.002,-0.000,72
7403,5.689,-3.618,1.490,0.001,-0.002,-0.000,72
7404,5.692,-3.618,1.490,0.001,-0.002,-0.000,72
7405,5.695,-3.618,1.490,0.001,-0.002,-0.000,72
7406,5.699,-3.618,1.490,0.001,-0.002,-0.000,72
7407,5.702,-3.618,1.490,0.001,-0.002,-0.000,72
7408,5.705,-3.618,1.490,0.001,-0.002,-0.000,72
7409,5.708,-3.618,1.490,0.001,-0.002,-0.000,72
7410,5.712,-3.618,1.490,0.001,-0.002,-0.000,72
7411,5.715,-3.618,1.490,0.001,-0.002,0.000,72
7412,5.718,-3.618,1.490,0.001,-0.002,0.000,72
7413,5.721,-3.618,1.490,0.001,-0.002,0.000,72
7414,5.725,-3.618,1.490,0.001,-0.002,0.000,72
7415,5.728,-3.618,1.490,0.001,-0.002,0.000,72
7416,5.731,-3.618,1.490,0.001,-0.002,0.000,72
7417,5.734,-3.618,1.490,0.001,-0.002,0.000,72
7418,5.738,-3.618,1.490,0.001,-0.002,-0.000,72
7419,5.741,-3.618,1.490,0.001,-0.002,-0.000,72
7420,5.744,-3.618,1.490,0.001,-0.002,-0.000,72
7421,5.747,-3.618,1.490,0.001,-0.002,-0.000,72
7422,5.751,-3.618,1.490,0.001,-0.002,-0.000,72
7423,5.754,-3.618,1.490,0.001,-0.002,0.000,72
7424,5.757,-3.618,1.490,0.001,-0.001,0.000,72
7425,5.760,-3.618,1.490,0.001,-0.002,0.000,72
7426,5.764,-3.618,1.490,0.001,-0.002,0.000,72
7427,5.767,-3.618,1.490,0.001,-0.002,0.000,72
7428,5.770,-3.618,1.490,0.001,-0.002,0.000,72
7429,5.773,-3.618,1.490,0.001,-0.002,-0.000,72
7430,5.777,-3.618,1.490,0.001,-0.002,-0.000,72
7431,5.780,-3.618,1.490,0.001,-0.002,0.000,72
7432,5.783,-3.618,1.490,0.001,-0.001,0.000,72
7433,5.786,-3.618,1.490,0.001,-0.002,0.000,72
7434,5.790,-3.618,1.490,0.001,-0.002,0.000,72
7435,5.793,-3.618,1.490,0.001,-0.002,0.000,72
7436,5.796,-3.618,1.490,0.001,-0.002,0.000,72
7437,5.800,-3.618,1.490,0.001,-0.002,0.000,72
7438,5.803,-3.618,1.491,0.001,-0.002,0.000,72
7439,5.806,-3.618,1.491,0.001,-0.002,-0.000,72
7440,5.809,-3.618,1.491,0.001,-0.001,-0.000,72
7441,5.813,-3.618,1.491,0.001,-0.001,0.000,72
7442,5.816,-3.618,1.491,0.001,-0.000,0.000,72
7443,5.819,-3.618,1.491,0.001,-0.000,0.000,72
7444,5.822,-3.618,1.491,0.001,-0.001,0.000,72
7445,5.826,-3.618,1.491,0.001,-0.001,0.000,72
7446,5.829,-3.618,1.491,0.001,-0.002,0.000,72
7447,5.832,-3.618,1.491,0.001,-0.002,0.000,72
7448,5.836,-3.618,1.491,0.001,-0.002,0.000,72
7449,5.839,-3.618,1.491,0.001,-0.002,-0.000,72
7450,5.842,-3.618,1.491,0.001,-0.002,-0.000,72
7451,5.845,-3.618,1.491,0.001,-0.002,-0.000,72
7452,5.849,-3.618,1.491,0.001,-0.002,-0.000,72
7453,5.852,-3.618,1.491,0.001,-0.002,0.000,72
7454,5.855,-3.618,1.491,0.001,-0.002,0.000,72
7455,5.858,-3.618,1.491,0.001,-0.002,0.000,72
7456,5.862,-3.618,1.491,0.001,-0.002,0.000,72
7457,5.865,-3.618,1.491,0.001,-0.002,0.000,72
7458,5.868,-3.618,1.491,0.001,-0.003,0.000,72
7459,5.872,-3.618,1.491,0.001,-0.002,0.000,72
7460,5.875,-3.618,1.491,0.001,-0.002,0.000,72
7461,5.878,-3.618,1.491,0.001,-0.002,0.000,72
7462,5.881,-3.618,1.491,0.001,-0.002,0.000,72
7463,5.885,-3.618,1.491,0.001,-0.001,0.000,72
7464,5.888,-3.618,1.491,0.001,-0.001,0.000,72
7465,5.891,-3.618,1.491,0.001,-0.001,0.000,72
7466,5.894,-3.618,1.491,0.001,-0.001,0.000,72
7467,5.898,-3.618,1.491,0.001,-0.002,-0.000,72
7468,5.901,-3.618,1.491,0.001,-0.002,-0.000,72
7469,5.904,-3.618,1.491,0.001,-0.002,-0.000,72
7470,5.907,-3.618,1.491,0.001,-0.002,-0.000,72
7471,5.911,-3.618,1.491,0.001,-0.002,-0.000,72
7472,5.914,-3.618,1.491,0.001,-0.002,-0.000,72
7473,5.917,-3.618,1.491,0.001,-0.002,-0.000,72
7474,5.921,-3.618,1.491,0.001,-0.002,-0.000,72
7475,5.924,-3.618,1.491,0.001,-0.002,-0.000,72
7476,5.927,-3.618,1.491,0.001,-0.002,0.000,72
7477,5.930,-3.618,1.491,0.001,-0.001,0.000,72
7478,5.934,-3.618,1.491,0.001,-0.001,0.000,72
7479,5.937,-3.618,1.491,0.001,-0.001,-0.000,72
7480,5.940,-3.618,1.491,0.001,-0.001,-0.000,72
7481,5.943,-3.618,1.491,0.001,-0.002,-0.000,72
7482,5.947,-3.618,1.491,0.001,-0.002,-0.000,72
7483,5.950,-3.618,1.491,0.001,-0.002,-0.000,72
7484,5.953,-3.618,1.491,0.001,-0.002,-0.000,72
7485,5.956,-3.618,1.491,0.001,-0.002,-0.000,72
7486,5.960,-3.618,1.491,0.001,-0.002,-0.000,72
7487,5.963,-3.618,1.491,0.001,-0.002,-0.000,72
7488,5.966,-3.618,1.491,0.001,-0.002,-0.000,72
7489,5.969,-3.618,1.491,0.001,-0.002,-0.000,72
7490,5.973,-3.618,1.491,0.001,-0.002,-0.000,72
7491,5.976,-3.618,1.491,0.001,-0.002,-0.000,72
7492,5.979,-3.618,1.491,0.001,-0.002,-0.000,72
7493,5.983,-3.618,1.491,0.001,-0.002,-0.000,72
7494,5.986,-3.618,1.491,0.001,-0.002,0.000,72
7495,5.989,-3.618,1.491,0.001,-0.002,0.000,72
7496,5.992,-3.618,1.491,0.001,-0.002,0.000,72
7497,5.996,-3.618,1.491,0.001,-0.002,0.000,72
7498,5.999,-3.618,1.491,0.001,-0.002,0.000,72
7499,6.002,-3.618,1.491,0.001,-0.002,0.000,72
7500,6.005,-3.618,1.491,0.001,-0.002,0.000,72
7501,6.009,-3.618,1.491,0.001,-0.002,0.000,72
7502,6.012,-3.618,1.491,0.001,-0.002,0.000,72
7503,6.015,-3.618,1.491,0.001,-0.002,0.000,72
7504,6.018,-3.618,1.491,0.001,-0.002,0.000,72
7505,6.022,-3.618,1.491,0.001,-0.002,0.000,72
7506,6.025,-3.618,1.491,0.001,-0.002,0.000,72
7507,6.028,-3.618,1.491,0.001,-0.002,0.000,72
7508,6.031,-3.618,1.491,0.001,-0.002,-0.000,72
7509,6.035,-3.618,1.491,0.001,-0.002,-0.000,72
7510,6.038,-3.618,1.491,0.001,-0.002,-0.000,72
7511,6.041,-3.618,1.491,0.001,-0.002,-0.000,72
7512,6.045,-3.618,1.491,0.001,-0.002,-0.000,72
7513,6.048,-3.618,1.491,0.001,-0.002,-0.000,72
7514,6.051,-3.618,1.491,0.001,-0.002,-0.000,72
7515,6.054,-3.618,1.491,0.001,-0.002,-0.000,72
7516,6.058,-3.618,1.491,0.001,-0.002,-0.000,72
7517,6.061,-3.618,1.491,0.001,-0.002,-0.000,72
7518,6.064,-3.618,1.490,0.001,-0.002,-0.000,72
7519,6.067,-3.618,1.490,0.001,-0.002,-0.000,72
7520,6.071,-3.618,1.490,0.001,-0.002,-0.000,72
7521,6.074,-3.618,1.490,0.001,-0.002,-0.000,72
7522,6.077,-3.618,1.490,0.001,-0.002,-0.000,72
7523,6.080,-3.618,1.490,0.001,-0.002,-0.000,72
7524,6.084,-3.618,1.490,0.001,-0.002,-0.000,72
7525,6.087,-3.618,1.490,0.001,-0.002,-0.000,72
7526,6.090,-3.618,1.490,0.001,-0.002,-0.000,72
7527,6.093,-3.618,1.490,0.001,-0.002,0.000,72
7528,6.097,-3.618,1.490,0.001,-0.002,-0.000,72
7529,6.100,-3.618,1.490,0.001,-0.002,-0.000,72
7530,6.103,-3.618,1.490,0.001,-0.002,-0.000,72
7531,6.107,-3.618,1.490,0.001,-0.002,-0.000,72
7532,6.110,-3.618,1.490,0.001,-0.002,-0.000,72
7533,6.113,-3.618,1.490,0.001,-0.002,-0.000,72
7534,6.116,-3.618,1.490,0.001,-0.002,-0.000,72
7535,6.120,-3.618,1.490,0.001,-0.002,-0.000,72
7536,6.123,-3.618,1.490,0.001,-0.002,-0.000,72
7537,6.126,-3.618,1.490,0.001,-0.002,-0.000,72
7538,6.129,-3.618,1.496,0.001,-0.002,-0.000,72
7539,6.133,-3.618,1.497,0.001,-0.002,-0.000,72
7540,6.136,-3.618,1.499,0.001,-0.002,-0.000,72
7541,6.139,-3.618,1.500,0.001,-0.002,-0.000,72
7542,6.142,-3.618,1.501,0.001,-0.002,-0.000,72
7543,6.146,-3.618,1.501,0.001,-0.002,-0.000,72
7544,6.149,-3.618,1.502,0.001,-0.002,-0.000,72
7545,6.152,-3.618,1.503,0.001,-0.002,-0.000,72
7546,6.155,-3.618,1.503,0.001,-0.002,-0.000,72
7547,6.159,-3.618,1.504,0.001,-0.002,-0.000,72
7548,6.162,-3.618,1.505,0.001,-0.002,-0.000,72
7549,6.165,-3.618,1.505,0.001,-0.002,-0.000,72
7550,6.168,-3.618,1.505,0.001,-0.002,-0.000,72
7551,6.172,-3.618,1.506,0.001,-0.002,-0.000,72
7552,6.175,-3.618,1.506,0.001,-0.002,-0.000,72
7553,6.178,-3.618,1.507,0.001,-0.002,-0.000,72
7554,6.182,-3.618,1.507,0.001,-0.002,-0.000,72
7555,6.185,-3.618,1.507,0.001,-0.002,-0.000,72
7556,6.188,-3.618,1.507,0.001,-0.002,-0.000,72
7557,6.191,-3.618,1.508,0.001,-0.002,-0.000,72
7558,6.195,-3.618,1.508,0.001,-0.002,-0.000,72
7559,6.198,-3.618,1.508,0.001,-0.002,-0.000,72
7560,6.201,-3.618,1.508,0.001,-0.002,-0.000,72
7561,6.204,-3.618,1.508,0.001,-0.002,-0.000,72
7562,6.208,-3.618,1.508,0.001,-0.002,-0.000,72
7563,6.211,-3.618,1.508,0.001,-0.002,-0.000,72
7564,6.214,-3.618,1.509,0.001,-0.002,0.000,72
7565,6.217,-3.618,1.509,0.001,-0.002,0.000,72
7566,6.221,-3.618,1.509,0.001,-0.002,0.000,72
7567,6.224,-3.618,1.509,0.001,-0.002,0.000,72
7568,6.227,-3.618,1.509,0.001,-0.002,0.000,72
7569,6.230,-3.618,1.509,0.001,-0.002,0.000,72
7570,6.234,-3.618,1.509,0.001,-0.002,0.000,72
7571,6.237,-3.618,1.509,0.001,-0.002,-0.000,72
7572,6.240,-3.618,1.509,0.001,-0.002,-0.000,72
7573,6.244,-3.618,1.509,0.001,-0.002,-0.000,72
7574,6.247,-3.618,1.509,0.001,-0.002,-0.000,72
7575,6.250,-3.618,1.509,0.001,-0.002,0.000,72
7576,6.253,-3.618,1.509,0.001,-0.002,0.000,72
7577,6.257,-3.618,1.509,0.001,-0.002,0.000,72
7578,6.260,-3.618,1.509,0.001,-0.002,0.000,72
7579,6.263,-3.618,1.509,0.001,-0.002,0.000,72
7580,6.266,-3.618,1.509,0.001,-0.001,0.000,72
7581,6.270,-3.618,1.509,0.001,-0.001,0.000,72
7582,6.273,-3.618,1.509,0.001,-0.001,0.000,72
7583,6.276,-3.618,1.509,0.001,-0.001,0.000,72
7584,6.279,-3.618,1.509,0.001,-0.001,0.000,72
7585,6.283,-3.618,1.509,0.001,-0.001,-0.000,72
7586,6.286,-3.618,1.509,0.001,-0.001,-0.000,72
7587,6.289,-3.618,1.509,0.001,-0.001,-0.000,72
7588,6.293,-3.618,1.509,0.001,-0.001,0.000,72
7589,6.296,-3.618,1.509,0.001,-0.001,0.000,72
7590,6.299,-3.618,1.509,0.001,-0.002,0.000,72
7591,6.302,-3.618,1.509,0.001,-0.001,0.000,72
7592,6.306,-3.618,1.509,0.001,-0.002,0.000,72
7593,6.309,-3.618,1.509,0.001,-0.002,0.000,72
7594,6.312,-3.618,1.509,0.001,-0.002,0.000,72
7595,6.315,-3.618,1.509,0.001,-0.002,0.000,72
7596,6.319,-3.618,1.509,0.001,-0.002,-0.000,72
7597,6.322,-3.618,1.509,0.001,-0.002,-0.000,72
7598,6.325,-3.618,1.509,0.001,-0.002,-0.000,72
7599,6.329,-3.618,1.509,0.001,-0.002,-0.000,72
7600,6.332,-3.618,1.509,0.001,-0.002,0.000,72
7601,6.335,-3.618,1.509,0.001,-0.003,0.000,72
7602,6.338,-3.618,1.509,0.001,-0.003,0.000,72
7603,6.342,-3.618,1.509,0.001,-0.003,0.000,72
7604,6.345,-3.618,1.509,0.001,-0.003,0.000,72
7605,6.348,-3.618,1.509,0.001,-0.003,0.000,72
7606,6.351,-3.618,1.509,0.001,-0.003,0.000,72
7607,6.355,-3.618,1.509,0.001,-0.003,0.000,72
7608,6.358,-3.618,1.509,0.001,-0.002,-0.000,72
7609,6.361,-3.618,1.509,0.001,-0.002,-0.000,72
7610,6.365,-3.618,1.509,0.001,-0.002,-0.000,72
7611,6.368,-3.618,1.509,0.001,-0.002,-0.000,72
7612,6.371,-3.618,1.509,0.001,-0.002,-0.000,72
7613,6.374,-3.618,1.509,0.001,-0.002,0.000,72
7614,6.378,-3.618,1.509,0.001,-0.002,0.000,72
7615,6.381,-3.618,1.509,0.001,-0.002,0.000,72
7616,6.384,-3.618,1.509,0.001,-0.003,0.000,72
7617,6.387,-3.618,1.509,0.001,-0.002,-0.000,72
7618,6.390,-3.618,1.509,0.001,-0.002,0.000,72
7619,6.394,-3.618,1.509,0.001,-0.002,0.000,72
7620,6.397,-3.618,1.509,0.001,-0.002,0.000,72
7621,6.400,-3.618,1.509,0.001,-0.002,0.000,72
7622,6.403,-3.618,1.509,0.001,-0.002,0.000,72
7623,6.407,-3.618,1.509,0.001,-0.001,0.000,72
7624,6.410,-3.618,1.509,0.001,-0.001,-0.000,72
7625,6.413,-3.618,1.509,0.001,-0.001,-0.000,72
7626,6.416,-3.618,1.509,0.001,-0.001,-0.000,72
7627,6.420,-3.618,1.509,0.001,-0.001,-0.000,72
7628,6.423,-3.618,1.509,0.001,-0.001,-0.000,72
7629,6.426,-3.618,1.509,0.001,-0.002,-0.000,72
7630,6.429,-3.618,1.509,0.001,-0.002,-0.000,72
7631,6.433,-3.618,1.509,0.001,-0.002,-0.000,72
7632,6.436,-3.618,1.509,0.001,-0.002,-0.000,72
7633,6.439,-3.618,1.509,0.001,-0.002,-0.000,72
7634,6.442,-3.618,1.509,0.001,-0.002,-0.000,72
7635,6.446,-3.618,1.509,0.001,-0.001,-0.000,72
7636,6.449,-3.618,1.509,0.001,-0.001,-0.000,72
7637,6.452,-3.618,1.509,0.001,-0.001,-0.000,72
7638,6.455,-3.618,1.509,0.001,-0.001,-0.000,72
7639,6.459,-3.618,1.509,0.001,-0.001,-0.000,72
7640,6.462,-3.618,1.509,0.001,-0.001,-0.000,72
7641,6.465,-3.618,1.509,0.001,-0.001,-0.000,72
7642,6.468,-3.618,1.509,0.001,-0.001,-0.000,72
7643,6.472,-3.618,1.509,0.001,-0.002,-0.000,72
7644,6.475,-3.618,1.509,0.001,-0.002,-0.000,72
7645,6.478,-3.618,1.509,0.001,-0.002,-0.000,72
7646,6.481,-3.618,1.509,0.001,-0.002,-0.000,72
7647,6.485,-3.618,1.509,0.001,-0.002,-0.000,72
7648,6.488,-3.618,1.509,0.001,-0.002,-0.000,72
7649,6.491,-3.618,1.509,0.001,-0.002,-0.000,72
7650,6.494,-3.618,1.509,0.001,-0.002,-0.000,72
7651,6.498,-3.618,1.509,0.001,-0.001,-0.000,72
7652,6.501,-3.618,1.509,0.001,-0.001,-0.000,72
7653,6.504,-3.618,1.509,0.001,-0.001,-0.000,72
7654,6.507,-3.618,1.509,0.001,-0.001,-0.000,72
7655,6.511,-3.618,1.509,0.001,-0.002,-0.000,72
7656,6.514,-3.618,1.509,0.001,-0.003,-0.000,72
7657,6.517,-3.618,1.509,0.001,-0.002,-0.000,72
7658,6.520,-3.618,1.509,0.001,-0.002,-0.000,72
7659,6.524,-3.618,1.509,0.001,-0.002,-0.000,72
7660,6.527,-3.618,1.509,0.001,-0.001,-0.000,72
7661,6.530,-3.618,1.509,0.001,-0.001,-0.000,72
7662,6.533,-3.618,1.509,0.001,-0.001,-0.000,72
7663,6.537,-3.618,1.509,0.001,-0.001,-0.000,72
7664,6.540,-3.618,1.509,0.001,-0.001,-0.000,72
7665,6.543,-3.618,1.509,0.001,-0.002,-0.000,72
7666,6.547,-3.618,1.509,0.001,-0.002,-0.000,72
7667,6.550,-3.618,1.509,0.001,-0.002,-0.000,72
7668,6.553,-3.618,1.509,0.001,-0.002,0.000,72
7669,6.556,-3.618,1.509,0.001,-0.002,0.000,72
7670,6.560,-3.618,1.509,0.001,-0.002,0.000,72
7671,6.563,-3.618,1.508,0.001,-0.002,0.000,72
7672,6.566,-3.618,1.508,0.001,-0.002,0.000,72
7673,6.569,-3.618,1.508,0.001,-0.002,0.000,72
7674,6.573,-3.618,1.508,0.001,-0.002,-0.000,72
7675,6.576,-3.618,1.508,0.001,-0.002,-0.000,72
7676,6.579,-3.618,1.508,0.001,-0.002,-0.000,72
7677,6.582,-3.618,1.508,0.001,-0.002,-0.000,72
7678,6.586,-3.618,1.508,0.001,-0.002,-0.000,72
7679,6.589,-3.618,1.508,0.001,-0.001,-0.000,72
7680,6.592,-3.618,1.508,0.001,-0.001,0.000,72
7681,6.595,-3.618,1.508,0.001,-0.001,0.000,72
7682,6.599,-3.618,1.508,0.001,-0.002,0.000,72
7683,6.602,-3.618,1.508,0.001,-0.002,0.000,72
7684,6.605,-3.618,1.508,0.001,-0.002,0.000,72
7685,6.608,-3.618,1.508,0.001,-0.002,-0.000,72
7686,6.612,-3.618,1.508,0.001,-0.002,-0.000,72
7687,6.615,-3.618,1.508,0.001,-0.002,-0.000,72
7688,6.618,-3.618,1.508,0.001,-0.002,-0.000,72
7689,6.622,-3.618,1.508,0.001,-0.002,0.000,72
7690,6.625,-3.618,1.508,0.001,-0.002,0.000,72
7691,6.628,-3.618,1.508,0.001,-0.002,0.000,72
7692,6.631,-3.618,1.508,0.001,-0.002,0.000,72
7693,6.635,-3.618,1.508,0.001,-0.002,-0.000,72
7694,6.638,-3.618,1.508,0.001,-0.002,-0.000,72
7695,6.641,-3.618,1.508,0.001,-0.002,-0.000,72
7696,6.644,-3.618,1.508,0.001,-0.002,-0.000,72
7697,6.648,-3.618,1.508,0.001,-0.002,-0.000,72
7698,6.651,-3.618,1.508,0.001,-0.002,-0.000,72
7699,6.654,-3.618,1.508,0.001,-0.002,-0.000,72
7700,6.657,-3.618,1.508,0.001,-0.002,-0.000,72
7701,6.661,-3.618,1.508,0.001,-0.002,-0.000,72
7702,6.664,-3.618,1.508,0.001,-0.002,0.000,72
7703,6.667,-3.618,1.508,0.001,-0.002,0.000,72
7704,6.670,-3.618,1.508,0.001,-0.002,0.000,72
7705,6.674,-3.618,1.508,0.001,-0.002,0.000,72
7706,6.677,-3.618,1.508,0.001,-0.002,-0.000,72
7707,6.680,-3.618,1.508,0.001,-0.002,-0.000,72
7708,6.683,-3.618,1.508,0.001,-0.002,-0.000,72
7709,6.687,-3.618,1.508,0.001,-0.002,-0.000,72
7710,6.690,-3.618,1.508,0.001,-0.002,0.000,72
7711,6.693,-3.618,1.508,0.001,-0.002,0.000,72
7712,6.697,-3.618,1.508,0.001,-0.002,0.000,72
7713,6.700,-3.618,1.508,0.001,-0.002,0.000,72
7714,6.703,-3.618,1.508,0.001,-0.002,0.000,72
7715,6.706,-3.618,1.508,0.001,-0.002,0.000,72
7716,6.710,-3.618,1.508,0.001,-0.002,0.000,72
7717,6.713,-3.618,1.508,0.001,-0.002,0.000,72
7718,6.716,-3.618,1.508,0.001,-0.002,0.000,72
7719,6.719,-3.618,1.508,0.001,-0.002,0.000,72
7720,6.723,-3.618,1.508,0.001,-0.002,-0.000,72
7721,6.726,-3.618,1.508,0.001,-0.002,0.000,72
7722,6.729,-3.618,1.508,0.001,-0.002,0.000,72
7723,6.732,-3.618,1.508,0.001,-0.002,0.000,72
7724,6.736,-3.618,1.508,0.001,-0.002,0.000,72
7725,6.739,-3.618,1.508,0.001,-0.002,0.000,72
7726,6.742,-3.618,1.508,0.001,-0.002,0.000,72
7727,6.745,-3.618,1.508,0.001,-0.002,0.000,72
7728,6.749,-3.618,1.508,0.001,-0.002,-0.000,72
7729,6.752,-3.618,1.508,0.001,-0.001,-0.000,72
7730,6.755,-3.619,1.508,0.001,-0.002,-0.000,72
7731,6.759,-3.619,1.508,0.001,-0.001,-0.000,72
7732,6.762,-3.619,1.508,0.001,-0.001,0.000,72
7733,6.765,-3.619,1.508,0.001,-0.001,0.000,72
7734,6.768,-3.619,1.508,0.001,-0.001,0.000,72
7735,6.772,-3.619,1.508,0.001,-0.002,0.000,72
7736,6.775,-3.619,1.508,0.001,-0.002,0.000,72
7737,6.778,-3.619,1.508,0.001,-0.002,0.000,72
7738,6.781,-3.619,1.508,0.001,-0.002,0.000,72
7739,6.785,-3.619,1.508,0.001,-0.002,-0.000,72
7740,6.788,-3.619,1.508,0.001,-0.002,-0.000,72
7741,6.791,-3.619,1.508,0.001,-0.002,-0.000,72
7742,6.794,-3.619,1.508,0.001,-0.002,-0.000,72
7743,6.798,-3.619,1.508,0.001,-0.002,-0.000,72
7744,6.801,-3.619,1.508,0.001,-0.002,-0.000,72
7745,6.804,-3.619,1.508,0.001,-0.002,-0.000,72
7746,6.808,-3.619,1.508,0.001,-0.002,-0.000,72
7747,6.811,-3.619,1.508,0.001,-0.002,-0.000,72
7748,6.814,-3.619,1.508,0.001,-0.002,-0.000,72
7749,6.817,-3.619,1.508,0.001,-0.002,-0.000,72
7750,6.821,-3.619,1.508,0.001,-0.002,-0.000,72
7751,6.824,-3.619,1.508,0.001,-0.001,-0.000,72
7752,6.827,-3.619,1.508,0.001,-0.001,-0.000,72
7753,6.830,-3.619,1.508,0.001,-0.001,-0.000,72
7754,6.834,-3.619,1.508,0.001,-0.001,-0.000,72
7755,6.837,-3.619,1.508,0.001,-0.001,-0.000,72
7756,6.840,-3.619,1.508,0.001,-0.002,-0.000,72
7757,6.844,-3.619,1.508,0.001,-0.002,0.000,72
7758,6.847,-3.619,1.508,0.001,-0.002,0.000,72
7759,6.850,-3.619,1.508,0.001,-0.002,-0.000,72
7760,6.853,-3.619,1.508,0.001,-0.002,-0.000,72
7761,6.857,-3.619,1.508,0.001,-0.002,-0.000,72
7762,6.860,-3.619,1.508,0.001,-0.002,-0.000,72
7763,6.863,-3.619,1.508,0.001,-0.002,-0.000,72
7764,6.867,-3.619,1.508,0.001,-0.002,0.000,72
7765,6.870,-3.619,1.508,0.001,-0.002,0.000,72
7766,6.873,-3.619,1.508,0.001,-0.002,0.000,72
7767,6.876,-3.619,1.507,0.001,-0.002,0.000,72
7768,6.880,-3.619,1.507,0.001,-0.002,0.000,72
7769,6.883,-3.619,1.507,0.001,-0.003,0.000,72
7770,6.886,-3.619,1.507,0.001,-0.003,0.000,72
7771,6.890,-3.619,1.507,0.001,-0.003,0.000,72
7772,6.893,-3.619,1.507,0.001,-0.003,0.000,72
7773,6.896,-3.619,1.507,0.001,-0.002,0.000,72
7774,6.899,-3.619,1.507,0.001,-0.002,0.000,72
7775,6.903,-3.619,1.507,0.001,-0.002,-0.000,72
7776,6.906,-3.619,1.507,0.001,-0.002,-0.000,72
7777,6.909,-3.619,1.507,0.001,-0.002,-0.000,72
7778,6.912,-3.619,1.507,0.001,-0.002,-0.000,72
7779,6.916,-3.619,1.507,0.001,-0.002,-0.000,72
7780,6.919,-3.619,1.507,0.001,-0.003,-0.000,72
7781,6.922,-3.619,1.507,0.001,-0.003,-0.000,72
7782,6.925,-3.619,1.507,0.001,-0.002,-0.000,72
7783,6.929,-3.619,1.507,0.001,-0.002,-0.000,72
7784,6.932,-3.619,1.507,0.001,-0.002,0.000,72
7785,6.935,-3.619,1.507,0.001,-0.001,0.000,72
7786,6.938,-3.619,1.507,0.001,-0.001,0.000,72
7787,6.942,-3.619,1.507,0.001,-0.001,0.000,72
7788,6.945,-3.619,1.507,0.001,-0.001,0.000,72
7789,6.948,-3.619,1.507,0.001,-0.002,0.000,72
7790,6.951,-3.619,1.507,0.001,-0.002,0.000,72
7791,6.955,-3.619,1.507,0.001,-0.003,-0.000,72
7792,6.958,-3.619,1.507,0.001,-0.003,-0.000,72
7793,6.961,-3.619,1.507,0.001,-0.003,-0.000,72
7794,6.964,-3.619,1.507,0.001,-0.002,-0.000,72
7795,6.968,-3.619,1.507,0.001,-0.002,-0.000,72
7796,6.971,-3.619,1.507,0.001,-0.002,0.000,72
7797,6.974,-3.619,1.507,0.001,-0.002,0.000,72
7798,6.977,-3.619,1.507,0.001,-0.002,0.000,72
7799,6.981,-3.619,1.507,0.001,-0.002,0.000,72
7800,6.984,-3.619,1.507,0.001,-0.002,0.000,72
7801,6.987,-3.619,1.507,0.001,-0.003,0.000,72
7802,6.990,-3.619,1.507,0.001,-0.003,0.000,72
7803,6.994,-3.619,1.507,0.001,-0.002,0.000,72
7804,6.997,-3.619,1.507,0.001,-0.002,0.000,72
7805,7.000,-3.619,1.507,0.001,-0.002,-0.000,72
7806,7.003,-3.619,1.507,0.001,-0.001,-0.000,72
7807,7.007,-3.619,1.507,0.001,-0.001,-0.000,72
7808,7.010,-3.619,1.507,0.001,-0.001,-0.000,72
7809,7.013,-3.619,1.507,0.001,-0.001,0.000,72
7810,7.016,-3.619,1.507,0.001,-0.002,0.000,72
7811,7.020,-3.619,1.507,0.001,-0.002,0.000,72
7812,7.023,-3.619,1.507,0.001,-0.002,0.000,72
7813,7.026,-3.619,1.507,0.001,-0.002,0.000,72
7814,7.029,-3.619,1.507,0.001,-0.002,0.000,72
7815,7.033,-3.619,1.507,0.001,-0.001,-0.000,72
7816,7.036,-3.619,1.507,0.001,-0.001,-0.000,72
7817,7.039,-3.619,1.507,0.001,-0.001,-0.000,72
7818,7.042,-3.619,1.507,0.001,-0.001,-0.000,72
7819,7.045,-3.619,1.506,0.001,-0.001,0.000,72
7820,7.049,-3.619,1.506,0.001,-0.001,0.000,72
7821,7.052,-3.619,1.506,0.001,-0.002,0.000,72
7822,7.055,-3.619,1.506,0.001,-0.002,0.000,72
7823,7.059,-3.619,1.506,0.001,-0.002,0.000,72
7824,7.062,-3.619,1.506,0.001,-0.001,0.000,72
7825,7.065,-3.619,1.506,0.001,-0.001,-0.000,72
7826,7.068,-3.619,1.506,0.001,-0.001,-0.000,72
7827,7.072,-3.619,1.506,0.001,-0.001,-0.000,72
7828,7.075,-3.619,1.506,0.001,-0.001,-0.000,72
7829,7.078,-3.619,1.506,0.001,-0.001,0.000,72
7830,7.081,-3.619,1.506,0.001,-0.001,0.000,72
7831,7.085,-3.619,1.506,0.001,-0.001,0.000,72
7832,7.088,-3.619,1.506,0.001,-0.002,0.000,72
7833,7.091,-3.619,1.506,0.001,-0.002,0.000,72
7834,7.094,-3.619,1.506,0.001,-0.002,0.000,72
7835,7.098,-3.619,1.506,0.001,-0.002,0.000,72
7836,7.101,-3.619,1.506,0.001,-0.002,0.000,72
7837,7.104,-3.619,1.506,0.001,-0.002,0.000,72
7838,7.107,-3.619,1.506,0.001,-0.002,0.000,72
7839,7.111,-3.619,1.506,0.001,-0.002,0.000,72
7840,7.114,-3.619,1.506,0.001,-0.002,0.000,72
7841,7.117,-3.619,1.506,0.001,-0.002,0.000,72
7842,7.120,-3.619,1.506,0.001,-0.002,-0.000,72
7843,7.124,-3.619,1.506,0.001,-0.002,0.000,72
7844,7.127,-3.619,1.506,0.001,-0.002,0.000,72
7845,7.130,-3.619,1.506,0.001,-0.002,0.000,72
7846,7.133,-3.619,1.506,0.001,-0.002,0.000,72
7847,7.137,-3.619,1.506,0.001,-0.002,0.000,72
7848,7.140,-3.619,1.506,0.001,-0.002,0.000,72
7849,7.143,-3.619,1.506,0.001,-0.002,-0.000,72
7850,7.147,-3.619,1.506,0.001,-0.002,-0.000,72
7851,7.150,-3.619,1.506,0.001,-0.002,-0.000,72
7852,7.153,-3.619,1.506,0.001,-0.002,-0.000,72
7853,7.156,-3.619,1.506,0.001,-0.002,0.000,72
7854,7.160,-3.619,1.506,0.001,-0.002,0.000,72
7855,7.163,-3.619,1.506,0.001,-0.001,-0.007,72
7856,7.166,-3.619,1.506,0.001,-0.001,-0.004,72
7857,7.169,-3.619,1.506,0.001,-0.001,-0.007,72
7858,7.173,-3.619,1.506,0.001,-0.001,-0.008,72
7859,7.176,-3.619,1.506,0.001,-0.001,-0.007,72
7860,7.179,-3.618,1.506,0.001,-0.002,0.002,72
7861,7.182,-3.618,1.506,0.001,-0.003,0.009,72
7862,7.186,-3.618,1.506,0.001,-0.002,0.005,72
7863,7.189,-3.618,1.506,0.001,-0.002,0.006,72
7864,7.192,-3.618,1.506,0.001,-0.002,-0.000,72
7865,7.196,-3.618,1.506,0.001,-0.002,0.000,72
7866,7.199,-3.618,1.506,0.001,-0.001,-0.005,72
7867,7.202,-3.618,1.506,0.001,-0.002,-0.001,72
7868,7.205,-3.618,1.506,0.001,-0.002,0.002,72
7869,7.209,-3.618,1.506,0.001,-0.002,0.005,72
7870,7.212,-3.618,1.506,0.001,-0.002,-0.001,72
7871,7.215,-3.618,1.506,0.001,-0.002,0.000,72
7872,7.218,-3.618,1.506,0.001,-0.001,-0.004,72
7873,7.222,-3.618,1.506,0.001,-0.002,-0.001,72
7874,7.225,-3.618,1.506,0.001,-0.002,0.003,72
7875,7.228,-3.618,1.505,0.001,-0.002,0.005,72
7876,7.231,-3.618,1.505,0.001,-0.002,0.005,72
7877,7.235,-3.618,1.505,0.001,-0.002,0.004,72
7878,7.238,-3.618,1.505,0.001,-0.002,0.002,72
7879,7.241,-3.618,1.505,0.001,-0.002,0.000,72
7880,7.245,-3.618,1.505,0.001,-0.002,-0.001,72
7881,7.248,-3.618,1.505,0.001,-0.002,-0.002,72
7882,7.251,-3.618,1.505,0.001,-0.002,-0.001,72
7883,7.254,-3.618,1.505,0.001,-0.002,-0.001,72
7884,7.258,-3.618,1.505,0.001,-0.002,-0.000,72
7885,7.261,-3.618,1.505,0.001,-0.002,0.000,72
7886,7.264,-3.618,1.505,0.001,-0.002,0.001,72
7887,7.267,-3.618,1.505,0.001,-0.002,0.001,72
7888,7.271,-3.618,1.505,0.001,-0.002,0.001,72
7889,7.274,-3.618,1.505,0.001,-0.002,0.000,72
7890,7.277,-3.618,1.505,0.001,-0.002,-0.000,72
7891,7.280,-3.618,1.505,0.001,-0.002,-0.000,72
7892,7.284,-3.618,1.505,0.001,-0.002,-0.000,72
7893,7.287,-3.618,1.505,0.001,-0.002,-0.000,72
7894,7.290,-3.618,1.505,0.001,-0.002,-0.000,72
7895,7.293,-3.618,1.505,0.001,-0.002,-0.000,72
7896,7.297,-3.618,1.505,0.001,-0.001,0.000,72
7897,7.300,-3.618,1.505,0.001,-0.001,0.000,72
7898,7.303,-3.618,1.505,0.001,-0.001,-0.000,72
7899,7.306,-3.618,1.505,0.001,-0.001,-0.000,72
7900,7.310,-3.618,1.505,0.001,-0.001,-0.000,72
7901,7.313,-3.618,1.505,0.001,-0.001,-0.000,72
7902,7.316,-3.618,1.505,0.001,-0.001,-0.000,72
7903,7.320,-3.618,1.505,0.001,-0.001,-0.000,72
7904,7.323,-3.618,1.505,0.001,-0.001,-0.000,72
7905,7.326,-3.618,1.505,0.001,-0.001,-0.000,72
7906,7.329,-3.618,1.505,0.001,-0.002,0.000,72
7907,7.333,-3.618,1.505,0.001,-0.002,-0.000,72
7908,7.336,-3.618,1.505,0.001,-0.002,-0.000,72
7909,7.339,-3.618,1.505,0.001,-0.002,-0.000,72
7910,7.343,-3.618,1.505,0.001,-0.002,-0.000,72
7911,7.346,-3.618,1.505,0.001,-0.002,-0.000,72
7912,7.349,-3.618,1.505,0.001,-0.002,-0.000,72
7913,7.352,-3.618,1.505,0.001,-0.002,-0.000,72
7914,7.356,-3.618,1.505,0.001,-0.002,-0.000,72
7915,7.359,-3.618,1.505,0.001,-0.002,0.000,72
7916,7.362,-3.618,1.505,0.001,-0.002,-0.000,72
7917,7.366,-3.618,1.505,0.001,-0.002,-0.000,72
7918,7.369,-3.618,1.505,0.001,-0.002,-0.000,72
7919,7.372,-3.618,1.505,0.001,-0.002,-0.000,72
7920,7.375,-3.618,1.505,0.001,-0.002,-0.000,72
7921,7.379,-3.618,1.505,0.001,-0.002,-0.000,72
7922,7.382,-3.618,1.505,0.001,-0.002,-0.000,72
7923,7.385,-3.618,1.505,0.001,-0.003,-0.000,72
7924,7.389,-3.618,1.505,0.001,-0.002,0.000,72
7925,7.392,-3.618,1.505,0.001,-0.002,0.000,72
7926,7.395,-3.618,1.505,0.001,-0.002,0.000,72
7927,7.398,-3.618,1.505,0.001,-0.002,-0.000,72
7928,7.402,-3.618,1.505,0.001,-0.002,-0.000,72
7929,7.405,-3.618,1.505,0.001,-0.002,-0.000,72
7930,7.408,-3.618,1.505,0.001,-0.002,-0.000,72
7931,7.411,-3.618,1.505,0.001,-0.002,-0.000,72
7932,7.415,-3.618,1.505,0.001,-0.002,-0.000,72
7933,7.418,-3.618,1.505,0.001,-0.002,-0.000,72
7934,7.421,-3.618,1.505,0.001,-0.002,-0.000,72
7935,7.424,-3.618,1.505,0.001,-0.002,-0.000,72
7936,7.428,-3.618,1.505,0.001,-0.002,-0.000,72
7937,7.431,-3.618,1.505,0.001,-0.002,-0.000,72
7938,7.434,-3.618,1.505,0.001,-0.002,-0.000,72
7939,7.437,-3.618,1.505,0.001,-0.002,-0.000,72
7940,7.441,-3.618,1.505,0.001,-0.002,-0.000,72
7941,7.444,-3.618,1.504,0.001,-0.002,-0.000,72
7942,7.447,-3.618,1.504,0.001,-0.002,-0.000,72
7943,7.450,-3.618,1.504,0.001,-0.002,-0.000,72
7944,7.454,-3.618,1.504,0.001,-0.002,-0.000,72
7945,7.457,-3.618,1.504,0.001,-0.002,0.000,72
7946,7.460,-3.618,1.504,0.001,-0.002,0.000,72
7947,7.463,-3.618,1.504,0.001,-0.002,0.000,72
7948,7.467,-3.618,1.504,0.001,-0.002,0.000,72
7949,7.470,-3.618,1.504,0.001,-0.002,-0.000,72
7950,7.473,-3.618,1.504,0.001,-0.002,-0.000,72
7951,7.476,-3.618,1.504,0.001,-0.001,-0.000,72
7952,7.480,-3.618,1.504,0.001,-0.001,-0.000,72
7953,7.483,-3.618,1.504,0.001,-0.001,-0.000,72
7954,7.486,-3.618,1.504,0.001,-0.002,-0.000,72
7955,7.489,-3.618,1.504,0.001,-0.002,0.000,72
7956,7.493,-3.618,1.504,0.001,-0.002,0.000,72
7957,7.496,-3.618,1.504,0.001,-0.002,0.000,72
7958,7.499,-3.618,1.504,0.001,-0.002,0.000,72
7959,7.502,-3.618,1.504,0.001,-0.002,0.000,72
7960,7.506,-3.618,1.504,0.001,-0.002,0.000,72
7961,7.509,-3.618,1.504,0.001,-0.002,0.000,72
7962,7.512,-3.618,1.504,0.001,-0.002,0.000,72
7963,7.515,-3.618,1.504,0.001,-0.001,0.000,72
7964,7.519,-3.618,1.504,0.001,-0.001,0.000,72
7965,7.522,-3.618,1.504,0.001,-0.001,0.000,72
7966,7.525,-3.618,1.504,0.001,-0.002,0.000,72
7967,7.528,-3.618,1.504,0.001,-0.002,0.000,72
7968,7.532,-3.618,1.504,0.001,-0.002,0.000,72
7969,7.535,-3.618,1.504,0.001,-0.002,0.000,72
7970,7.538,-3.618,1.504,0.001,-0.002,0.000,72
7971,7.541,-3.618,1.504,0.001,-0.002,0.000,72
7972,7.545,-3.618,1.504,0.001,-0.002,0.000,72
7973,7.548,-3.618,1.504,0.001,-0.002,-0.000,72
7974,7.551,-3.618,1.504,0.001,-0.002,-0.000,72
7975,7.555,-3.618,1.504,0.001,-0.001,0.000,72
7976,7.558,-3.618,1.504,0.001,-0.002,0.000,72
7977,7.561,-3.618,1.504,0.001,-0.001,0.000,72
7978,7.564,-3.618,1.504,0.001,-0.002,0.000,72
7979,7.568,-3.618,1.504,0.001,-0.002,0.000,72
7980,7.571,-3.618,1.504,0.001,-0.002,0.000,72
7981,7.574,-3.618,1.504,0.001,-0.002,0.000,72
7982,7.577,-3.618,1.504,0.001,-0.002,0.000,72
7983,7.581,-3.618,1.504,0.001,-0.002,0.000,72
7984,7.584,-3.618,1.504,0.001,-0.002,0.000,72
7985,7.587,-3.618,1.504,0.001,-0.002,0.000,72
7986,7.590,-3.618,1.504,0.001,-0.002,0.000,72
7987,7.594,-3.618,1.504,0.001,-0.002,0.000,72
7988,7.597,-3.618,1.504,0.001,-0.002,0.000,72
7989,7.600,-3.618,1.504,0.001,-0.002,0.000,72
7990,7.603,-3.618,1.504,0.001,-0.001,0.000,72
7991,7.607,-3.618,1.504,0.001,-0.001,0.000,72
7992,7.610,-3.618,1.504,0.001,-0.001,0.000,72
7993,7.613,-3.618,1.504,0.001,-0.002,0.000,72
7994,7.616,-3.618,1.504,0.001,-0.002,0.000,72
7995,7.620,-3.618,1.504,0.001,-0.002,0.000,72
7996,7.623,-3.618,1.504,0.001,-0.002,0.000,72
7997,7.626,-3.618,1.504,0.001,-0.002,0.000,72
7998,7.629,-3.618,1.504,0.001,-0.002,0.000,72
7999,7.633,-3.618,1.504,0.001,-0.002,0.000,72
8000,7.636,-3.618,1.504,0.001,-0.002,0.000,72
8001,7.639,-3.618,1.504,0.001,-0.002,0.000,72
8002,7.643,-3.618,1.504,0.001,-0.002,0.000,72
8003,7.646,-3.618,1.504,0.001,-0.002,0.000,72
8004,7.649,-3.618,1.504,0.001,-0.002,0.000,72
8005,7.652,-3.618,1.504,0.001,-0.002,0.000,72
8006,7.656,-3.618,1.504,0.001,-0.002,0.000,72
8007,7.659,-3.618,1.504,0.001,-0.002,0.000,72
8008,7.662,-3.618,1.504,0.001,-0.002,0.000,72
8009,7.665,-3.618,1.504,0.001,-0.002,0.000,72
8010,7.669,-3.618,1.504,0.001,-0.002,0.000,72
8011,7.672,-3.618,1.504,0.001,-0.002,0.000,72
8012,7.675,-3.618,1.504,0.001,-0.002,0.000,72
8013,7.678,-3.618,1.504,0.001,-0.002,0.000,72
8014,7.682,-3.618,1.504,0.001,-0.002,0.000,72
8015,7.685,-3.618,1.504,0.001,-0.002,0.000,72
8016,7.688,-3.618,1.504,0.001,-0.002,0.000,72
8017,7.691,-3.618,1.504,0.001,-0.002,0.000,72
8018,7.695,-3.618,1.504,0.001,-0.002,0.000,72
8019,7.698,-3.618,1.504,0.001,-0.002,0.000,72
8020,7.701,-3.618,1.504,0.001,-0.002,0.000,72
8021,7.704,-3.618,1.504,0.001,-0.002,0.000,72
8022,7.708,-3.618,1.504,0.001,-0.002,0.000,72
8023,7.711,-3.618,1.504,0.001,-0.002,0.000,72
8024,7.714,-3.618,1.504,0.001,-0.002,0.000,72
8025,7.718,-3.618,1.504,0.001,-0.002,0.000,72
8026,7.721,-3.618,1.504,0.001,-0.002,0.000,72
8027,7.724,-3.618,1.504,0.001,-0.002,0.000,72
8028,7.727,-3.618,1.504,0.001,-0.002,-0.000,72
8029,7.731,-3.618,1.504,0.001,-0.002,-0.000,72
8030,7.734,-3.618,1.504,0.001,-0.002,-0.000,72
8031,7.737,-3.618,1.504,0.001,-0.002,-0.000,72
8032,7.740,-3.618,1.504,0.001,-0.002,-0.000,72
8033,7.744,-3.618,1.504,0.001,-0.002,-0.000,72
8034,7.747,-3.618,1.504,0.001,-0.002,0.000,72
8035,7.750,-3.618,1.504,0.001,-0.002,0.000,72
8036,7.753,-3.618,1.504,0.001,-0.002,0.000,72
8037,7.757,-3.618,1.504,0.001,-0.002,0.000,72
8038,7.760,-3.618,1.504,0.001,-0.002,0.000,72
8039,7.763,-3.618,1.504,0.001,-0.002,-0.000,72
8040,7.766,-3.618,1.504,0.001,-0.002,-0.000,72
8041,7.770,-3.618,1.504,0.001,-0.002,-0.000,72
8042,7.773,-3.618,1.504,0.001,-0.002,-0.000,72
8043,7.776,-3.618,1.504,0.001,-0.002,-0.000,72
8044,7.780,-3.618,1.504,0.001,-0.002,-0.000,72
8045,7.783,-3.618,1.504,0.001,-0.002,-0.000,72
8046,7.786,-3.618,1.504,0.001,-0.002,-0.000,72
8047,7.789,-3.618,1.504,0.001,-0.002,-0.000,72
8048,7.793,-3.618,1.504,0.001,-0.002,0.000,72
8049,7.796,-3.618,1.504,0.001,-0.002,0.000,72
8050,7.799,-3.618,1.504,0.001,-0.002,-0.000,72
8051,7.802,-3.618,1.504,0.001,-0.002,-0.000,72
8052,7.806,-3.618,1.504,0.001,-0.002,0.000,72
8053,7.809,-3.618,1.504,0.001,-0.002,0.000,72
8054,7.812,-3.618,1.504,0.001,-0.002,0.000,72
8055,7.815,-3.618,1.504,0.001,-0.002,0.000,72
8056,7.819,-3.618,1.504,0.001,-0.002,0.000,72
8057,7.822,-3.618,1.504,0.001,-0.002,-0.000,72
8058,7.825,-3.618,1.504,0.001,-0.002,-0.000,72
8059,7.828,-3.618,1.504,0.001,-0.002,-0.000,72
8060,7.832,-3.618,1.504,0.001,-0.002,-0.000,72
8061,7.835,-3.618,1.504,0.001,-0.002,-0.000,72
8062,7.838,-3.618,1.504,0.001,-0.002,-0.000,72
8063,7.841,-3.618,1.504,0.001,-0.002,0.000,72
8064,7.845,-3.618,1.504,0.001,-0.002,0.000,72
8065,7.848,-3.618,1.504,0.001,-0.002,0.000,72
8066,7.851,-3.618,1.504,0.001,-0.002,0.000,72
8067,7.855,-3.618,1.504,0.001,-0.002,-0.000,72
8068,7.858,-3.618,1.504,0.001,-0.002,-0.000,72
8069,7.861,-3.618,1.504,0.001,-0.002,-0.000,72
8070,7.864,-3.618,1.504,0.001,-0.002,-0.000,72
8071,7.868,-3.618,1.504,0.001,-0.002,-0.000,72
8072,7.871,-3.618,1.504,0.001,-0.002,-0.000,72
8073,7.874,-3.618,1.504,0.001,-0.002,-0.000,72
8074,7.877,-3.618,1.504,0.001,-0.001,-0.000,72
8075,7.881,-3.618,1.504,0.001,-0.001,-0.000,72
8076,7.884,-3.618,1.504,0.001,-0.001,-0.000,72
8077,7.887,-3.618,1.504,0.001,-0.001,-0.000,72
8078,7.890,-3.618,1.504,0.001,-0.001,-0.000,72
8079,7.894,-3.618,1.504,0.001,-0.002,-0.000,72
8080,7.897,-3.618,1.504,0.001,-0.002,0.000,72
8081,7.900,-3.618,1.504,0.001,-0.002,0.000,72
8082,7.904,-3.618,1.504,0.001,-0.002,-0.000,72
8083,7.907,-3.618,1.504,0.001,-0.002,-0.000,72
8084,7.910,-3.618,1.504,0.001,-0.002,-0.000,72
8085,7.913,-3.618,1.504,0.001,-0.002,-0.000,72
8086,7.917,-3.618,1.504,0.001,-0.002,-0.000,72
8087,7.920,-3.618,1.504,0.001,-0.002,-0.000,72
8088,7.923,-3.618,1.504,0.001,-0.001,-0.000,72
8089,7.926,-3.618,1.504,0.001,-0.001,-0.000,72
8090,7.930,-3.618,1.504,0.001,-0.001,-0.000,72
8091,7.933,-3.618,1.504,0.001,-0.002,0.000,72
8092,7.936,-3.618,1.504,0.001,-0.002,-0.000,72
8093,7.940,-3.618,1.504,0.001,-0.002,-0.000,72
8094,7.943,-3.618,1.504,0.001,-0.002,-0.000,72
8095,7.946,-3.618,1.504,0.001,-0.002,-0.000,72
8096,7.949,-3.618,1.504,0.001,-0.002,-0.000,72
8097,7.953,-3.618,1.504,0.001,-0.002,-0.000,72
8098,7.956,-3.618,1.504,0.001,-0.002,-0.000,72
8099,7.959,-3.618,1.504,0.001,-0.002,-0.000,72
8100,7.962,-3.618,1.504,0.001,-0.002,-0.000,72
8101,7.966,-3.618,1.504,0.001,-0.002,-0.000,72
8102,7.969,-3.618,1.504,0.001,-0.002,-0.000,72
8103,7.972,-3.618,1.504,0.001,-0.002,-0.000,72
8104,7.976,-3.618,1.504,0.001,-0.002,-0.000,72
8105,7.979,-3.618,1.504,0.001,-0.002,-0.000,72
8106,7.982,-3.618,1.504,0.001,-0.003,0.000,72
8107,7.985,-3.618,1.504,0.001,-0.003,0.000,72
8108,7.989,-3.618,1.504,0.001,-0.002,0.000,72
8109,7.992,-3.618,1.504,0.001,-0.002,0.000,72
8110,7.995,-3.618,1.504,0.001,-0.002,0.000,72
8111,7.998,-3.618,1.504,0.001,-0.002,-0.000,72
8112,8.002,-3.618,1.504,0.001,-0.002,-0.000,72
8113,8.005,-3.618,1.504,0.001,-0.002,-0.000,72
8114,8.008,-3.618,1.504,0.001,-0.002,-0.000,72
8115,8.011,-3.618,1.504,0.001,-0.002,-0.000,72
8116,8.015,-3.618,1.504,0.001,-0.002,-0.000,72
8117,8.018,-3.618,1.504,0.001,-0.002,-0.000,72
8118,8.021,-3.618,1.504,0.001,-0.002,-0.000,72
8119,8.024,-3.618,1.504,0.001,-0.002,0.000,72
8120,8.028,-3.618,1.504,0.001,-0.002,0.000,72
8121,8.031,-3.618,1.504,0.001,-0.002,0.000,72
8122,8.034,-3.618,1.504,0.001,-0.002,0.000,72
8123,8.037,-3.618,1.504,0.001,-0.002,-0.000,72
8124,8.041,-3.618,1.504,0.001,-0.001,-0.000,72
8125,8.044,-3.618,1.504,0.001,-0.001,-0.000,72
8126,8.047,-3.618,1.504,0.001,-0.001,-0.000,72
8127,8.050,-3.618,1.504,0.001,-0.002,-0.000,72
8128,8.054,-3.618,1.504,0.001,-0.002,0.000,72
8129,8.057,-3.618,1.504,0.001,-0.002,0.000,72
8130,8.060,-3.618,1.504,0.001,-0.002,0.000,72
8131,8.063,-3.618,1.504,0.001,-0.002,0.000,72
8132,8.067,-3.618,1.504,0.001,-0.002,0.000,72
8133,8.070,-3.618,1.504,0.001,-0.002,0.000,72
8134,8.073,-3.618,1.504,0.001,-0.002,0.000,72
8135,8.077,-3.618,1.504,0.001,-0.002,0.000,72
8136,8.080,-3.618,1.504,0.001,-0.002,0.000,72
8137,8.083,-3.618,1.504,0.001,-0.002,-0.000,72
8138,8.086,-3.618,1.504,0.001,-0.001,-0.000,72
8139,8.090,-3.618,1.504,0.001,-0.001,-0.000,72
8140,8.093,-3.618,1.504,0.001,-0.001,-0.000,72
8141,8.096,-3.618,1.504,0.001,-0.002,-0.000,72
8142,8.099,-3.618,1.504,0.001,-0.002,-0.000,72
8143,8.103,-3.618,1.504,0.001,-0.002,0.000,72
8144,8.106,-3.618,1.504,0.001,-0.002,0.000,72
8145,8.109,-3.618,1.504,0.001,-0.002,0.000,72
8146,8.112,-3.618,1.504,0.001,-0.002,0.000,72
8147,8.116,-3.618,1.504,0.001,-0.001,0.000,72
8148,8.119,-3.618,1.504,0.001,-0.001,0.000,72
8149,8.122,-3.618,1.504,0.001,-0.002,0.000,72
8150,8.125,-3.618,1.504,0.001,-0.002,0.000,72
8151,8.129,-3.618,1.504,0.001,-0.002,0.000,72
8152,8.132,-3.618,1.504,0.001,-0.002,0.000,72
8153,8.135,-3.618,1.504,0.001,-0.002,0.000,72
8154,8.138,-3.618,1.504,0.001,-0.002,0.000,72
8155,8.142,-3.618,1.504,0.001,-0.002,0.000,72
8156,8.145,-3.618,1.504,0.001,-0.002,0.000,72
8157,8.148,-3.618,1.504,0.001,-0.002,0.000,72
8158,8.151,-3.618,1.504,0.001,-0.002,0.000,72
8159,8.155,-3.618,1.504,0.001,-0.002,0.000,72
8160,8.158,-3.618,1.504,0.001,-0.002,0.000,72
8161,8.161,-3.618,1.504,0.001,-0.002,0.000,72
8162,8.165,-3.618,1.504,0.001,-0.002,0.000,72
8163,8.168,-3.618,1.504,0.001,-0.002,0.000,72
8164,8.171,-3.618,1.504,0.001,-0.002,0.000,72
8165,8.174,-3.618,1.504,0.001,-0.002,0.000,72
8166,8.178,-3.618,1.504,0.001,-0.002,0.000,72
8167,8.181,-3.618,1.504,0.001,-0.002,0.000,72
8168,8.184,-3.618,1.504,0.001,-0.002,0.000,72
8169,8.187,-3.618,1.504,0.001,-0.002,0.000,72
8170,8.191,-3.618,1.504,0.001,-0.002,0.000,72
8171,8.194,-3.618,1.504,0.001,-0.002,0.000,72
8172,8.197,-3.618,1.504,0.001,-0.002,0.000,72
8173,8.200,-3.618,1.504,0.001,-0.002,0.000,72
8174,8.204,-3.618,1.504,0.001,-0.002,0.000,72
8175,8.207,-3.618,1.504,0.001,-0.002,0.000,72
8176,8.210,-3.618,1.504,0.001,-0.002,0.000,72
8177,8.213,-3.618,1.504,0.001,-0.002,0.000,72
8178,8.217,-3.618,1.504,0.001,-0.002,0.000,72
8179,8.220,-3.618,1.504,0.001,-0.002,0.000,72
8180,8.223,-3.618,1.504,0.001,-0.002,0.000,72
8181,8.226,-3.618,1.504,0.001,-0.002,0.000,72
8182,8.230,-3.618,1.504,0.001,-0.002,0.000,72
8183,8.233,-3.618,1.504,0.001,-0.002,0.000,72
8184,8.236,-3.618,1.504,0.001,-0.002,0.000,72
8185,8.240,-3.618,1.504,0.001,-0.002,0.000,72
8186,8.243,-3.618,1.504,0.001,-0.002,0.000,72
8187,8.246,-3.618,1.504,0.001,-0.002,0.000,72
8188,8.249,-3.618,1.504,0.001,-0.002,0.000,72
8189,8.253,-3.618,1.504,0.001,-0.002,0.000,72
8190,8.256,-3.618,1.504,0.001,-0.002,0.000,72
8191,8.259,-3.618,1.504,0.001,-0.002,0.000,72
8192,8.262,-3.618,1.504,0.001,-0.002,0.000,72
8193,8.266,-3.618,1.504,0.001,-0.002,0.000,72
8194,8.269,-3.618,1.504,0.001,-0.002,0.000,72
8195,8.272,-3.618,1.504,0.001,-0.002,0.000,72
8196,8.275,-3.618,1.504,0.001,-0.002,0.000,72
8197,8.279,-3.618,1.504,0.001,-0.002,0.000,72
8198,8.282,-3.618,1.504,0.001,-0.002,0.000,72
8199,8.285,-3.618,1.504,0.001,-0.002,0.000,72
8200,8.288,-3.618,1.504,0.001,-0.002,0.000,72
8201,8.292,-3.618,1.504,0.001,-0.002,0.000,72
8202,8.295,-3.618,1.504,0.001,-0.002,0.000,142
8203,8.298,-3.618,1.504,0.001,0.071,0.000,142
8204,8.302,-3.618,1.504,0.001,0.102,-0.002,142
8205,8.306,-3.618,1.504,0.001,0.091,0.005,142
8206,8.310,-3.618,1.504,0.001,0.058,0.010,142
8207,8.314,-3.618,1.504,0.001,0.018,-0.001,142
8208,8.319,-3.618,1.504,0.001,-0.014,-0.011,142
8209,8.323,-3.618,1.504,0.001,-0.032,-0.003,142
8210,8.327,-3.618,1.504,0.001,-0.034,-0.007,142
8211,8.332,-3.618,1.504,0.001,-0.024,-0.009,142
8212,8.336,-3.618,1.504,0.001,-0.009,0.003,142
8213,8.340,-3.618,1.504,0.001,0.004,0.014,142
8214,8.344,-3.618,1.504,0.001,0.013,0.018,142
8215,8.348,-3.618,1.504,0.001,0.014,0.004,142
8216,8.352,-3.618,1.504,0.001,0.011,-0.010,142
8217,8.357,-3.618,1.504,0.001,0.004,-0.018,142
8218,8.361,-3.618,1.504,0.001,-0.002,-0.019,142
8219,8.365,-3.618,1.504,0.001,-0.007,-0.014,142
8220,8.370,-3.618,1.504,0.001,-0.009,0.007,142
8221,8.374,-3.618,1.504,0.001,-0.009,0.024,142
8222,8.378,-3.618,1.504,0.001,-0.007,0.030,142
8223,8.382,-3.618,1.504,0.001,-0.005,0.011,117
8224,8.387,-3.618,1.504,0.001,-0.003,0.007,117
8225,8.391,-3.618,1.504,0.001,-0.002,-0.012,117
8226,8.395,-3.618,1.504,0.001,-0.002,-0.006,117
8227,8.399,-3.618,1.504,0.001,-0.003,-0.017,117
8228,8.403,-3.618,1.504,0.001,-0.005,-0.001,117
8229,8.408,-3.618,1.504,0.001,-0.006,-0.008,117
8230,8.412,-3.618,1.504,0.001,-0.007,-0.016,117
8231,8.416,-3.618,1.504,0.001,-0.008,0.009,117
8232,8.420,-3.618,1.504,0.001,-0.008,0.030,117
8233,8.424,-3.618,1.504,0.001,-0.007,0.009,117
8234,8.428,-3.618,1.504,0.001,-0.007,-0.015,117
8235,8.433,-3.619,1.504,0.001,-0.006,-0.030,117
8236,8.437,-3.618,1.504,0.001,-0.007,0.001,117
8237,8.441,-3.618,1.504,0.001,-0.007,-0.005,117
8238,8.445,-3.618,1.504,0.001,-0.007,0.024,117
8239,8.449,-3.618,1.504,0.001,-0.008,0.047,117
8240,8.453,-3.619,1.504,0.001,-0.008,0.053,117
8241,8.457,-3.619,1.504,0.001,-0.007,0.001,117
8242,8.461,-3.619,1.504,0.001,-0.007,-0.000,117
8243,8.465,-3.620,1.504,0.001,-0.006,-0.039,117
8244,8.469,-3.620,1.504,0.001,-0.005,-0.065,117
8245,8.473,-3.620,1.504,0.001,-0.007,-0.016,117
8246,8.477,-3.620,1.504,0.001,-0.007,0.035,117
8247,8.481,-3.620,1.504,0.001,-0.006,0.066,117
8248,8.484,-3.620,1.504,0.001,-0.004,0.071,117
8249,8.488,-3.621,1.504,0.001,-0.000,0.002,117
8250,8.492,-3.621,1.504,0.001,0.003,-0.060,117
8251,8.496,-3.621,1.504,0.001,0.002,-0.034,117
8252,8.500,-3.622,1.504,0.001,0.000,0.006,117
8253,8.504,-3.622,1.504,0.001,-0.000,0.036,117
8254,8.508,-3.622,1.504,0.001,-0.001,0.050,117
8255,8.512,-3.623,1.504,0.001,0.000,0.046,117
8256,8.516,-3.624,1.504,0.001,0.004,-0.023,117
8257,8.520,-3.624,1.504,0.001,0.006,-0.078,117
8258,8.524,-3.624,1.504,0.001,0.004,-0.043,117
8259,8.528,-3.625,1.504,0.001,0.004,-0.049,117
8260,8.532,-3.625,1.504,0.001,0.001,0.005,117
8261,8.536,-3.625,1.504,0.001,-0.002,0.052,117
8262,8.540,-3.625,1.504,0.001,-0.000,0.020,117
8263,8.544,-3.625,1.504,0.001,0.002,-0.018,117
8264,8.548,-3.626,1.504,0.001,0.004,-0.043,117
8265,8.552,-3.626,1.504,0.001,0.001,0.000,117
8266,8.556,-3.626,1.504,0.001,0.001,-0.009,117
8267,8.560,-3.626,1.504,0.001,-0.002,0.029,117
8268,8.564,-3.626,1.504,0.001,-0.001,0.007,117
8269,8.569,-3.626,1.504,0.001,-0.002,0.030,117
8270,8.573,-3.626,1.504,0.001,-0.003,0.047,117
8271,8.577,-3.627,1.504,0.001,-0.002,0.047,117
8272,8.581,-3.627,1.504,0.001,0.002,-0.012,117
8273,8.585,-3.628,1.504,0.001,0.002,-0.013,117
8274,8.589,-3.629,1.504,0.001,0.004,-0.048,117
8275,8.593,-3.629,1.504,0.001,0.002,-0.023,117
8276,8.598,-3.629,1.504,0.001,0.003,-0.034,117
8277,8.602,-3.629,1.504,0.001,0.000,0.003,117
8278,8.606,-3.630,1.504,0.001,-0.003,0.037,117
8279,8.610,-3.630,1.504,0.001,-0.001,0.010,117
8280,8.615,-3.630,1.504,0.001,-0.001,0.020,117
8281,8.619,-3.631,1.504,0.001,0.002,-0.011,117
8282,8.623,-3.631,1.504,0.001,0.001,0.001,117
8283,8.627,-3.631,1.504,0.001,0.001,0.014,117
8284,8.631,-3.632,1.504,0.001,0.002,0.020,117
8285,8.636,-3.632,1.504,0.001,0.003,0.018,117
8286,8.640,-3.633,1.504,0.001,0.005,-0.018,142
8287,8.644,-3.633,1.504,0.001,0.003,-0.015,142
8288,8.649,-3.634,1.504,0.001,0.003,-0.033,142
8289,8.653,-3.634,1.504,0.001,0.002,-0.041,142
8290,8.657,-3.634,1.504,0.001,0.003,-0.034,117
8291,8.662,-3.634,1.504,0.001,0.003,-0.019,117
8292,8.666,-3.634,1.504,0.001,0.002,0.017,117
8293,8.671,-3.635,1.504,0.001,0.001,0.023,117
8294,8.675,-3.635,1.504,0.001,-0.001,0.035,117
8295,8.679,-3.635,1.504,0.001,-0.001,0.020,117
8296,8.684,-3.635,1.504,0.001,-0.001,0.001,142
8297,8.688,-3.636,1.504,0.001,-0.000,0.000,142
8298,8.693,-3.636,1.504,0.001,-0.000,0.002,142
8299,8.697,-3.636,1.504,0.001,0.000,-0.007,142
8300,8.702,-3.637,1.504,0.001,-0.001,-0.003,142
8301,8.706,-3.637,1.504,0.001,-0.004,0.005,142
8302,8.711,-3.637,1.504,0.001,-0.005,-0.003,142
8303,8.715,-3.638,1.504,0.001,-0.005,-0.009,142
8304,8.720,-3.638,1.504,0.001,-0.005,-0.001,142
8305,8.724,-3.638,1.504,0.001,-0.003,-0.003,142
8306,8.728,-3.638,1.505,0.001,-0.003,0.005,142
8307,8.733,-3.639,1.505,0.001,-0.002,0.001,142
8308,8.737,-3.639,1.505,0.001,-0.002,-0.003,142
8309,8.742,-3.639,1.505,0.001,-0.001,-0.005,142
8310,8.746,-3.640,1.505,0.001,-0.002,-0.006,142
8311,8.751,-3.640,1.505,0.001,-0.002,0.003,117
8312,8.755,-3.640,1.505,0.001,-0.003,0.003,117
8313,8.760,-3.640,1.505,0.001,-0.003,0.000,117
8314,8.764,-3.641,1.505,0.001,-0.003,-0.002,117
8315,8.768,-3.641,1.505,0.001,-0.003,-0.003,117
8316,8.773,-3.641,1.505,0.001,-0.004,-0.003,117
8317,8.777,-3.641,1.505,0.001,-0.003,-0.002,117
8318,8.782,-3.642,1.505,0.001,-0.003,0.006,117
8319,8.786,-3.642,1.505,0.001,-0.004,0.012,117
8320,8.791,-3.642,1.505,0.001,-0.004,0.005,142
8321,8.795,-3.643,1.505,0.001,-0.004,-0.005,142
8322,8.799,-3.643,1.505,0.001,-0.005,0.000,142
8323,8.804,-3.643,1.505,0.001,-0.007,0.006,142
8324,8.808,-3.644,1.505,0.001,-0.006,-0.004,142
8325,8.813,-3.644,1.505,0.001,-0.006,0.001,142
8326,8.817,-3.644,1.505,0.001,-0.004,-0.008,142
8327,8.821,-3.645,1.505,0.001,-0.002,-0.014,142
8328,8.826,-3.645,1.505,0.001,-0.002,-0.002,142
8329,8.830,-3.645,1.505,0.001,-0.002,0.011,142
8330,8.834,-3.645,1.505,0.001,-0.002,0.017,142
8331,8.839,-3.646,1.505,0.001,-0.002,0.002,142
8332,8.843,-3.646,1.505,0.001,-0.002,-0.013,142
8333,8.847,-3.646,1.505,0.001,-0.003,-0.005,142
8334,8.852,-3.647,1.505,0.001,-0.004,0.005,142
8335,8.856,-3.647,1.505,0.001,-0.002,-0.005,142
8336,8.861,-3.647,1.505,0.001,-0.002,0.003,142
8337,8.865,-3.647,1.505,0.001,-0.002,0.010,142
8338,8.869,-3.648,1.505,0.001,-0.001,-0.004,142
8339,8.874,-3.648,1.505,0.001,-0.002,-0.018,142
8340,8.878,-3.648,1.505,0.001,-0.219,-0.027,142
8341,8.882,-3.649,1.505,0.001,-0.360,-0.027,142
8342,8.884,-3.649,1.505,0.001,-0.376,-0.020,142
8343,8.885,-3.649,1.505,0.001,-0.290,-0.010,142
8344,8.885,-3.649,1.505,0.001,-0.155,-0.001,142
8345,8.885,-3.649,1.505,0.001,0.202,-0.007,142
8346,8.885,-3.648,1.505,0.001,0.455,0.032,142
8347,8.887,-3.649,1.505,0.001,0.535,0.029,142
8348,8.891,-3.649,1.505,0.001,0.460,0.023,142
8349,8.896,-3.649,1.505,0.001,0.285,0.018,142
8350,8.902,-3.649,1.505,0.001,0.083,0.010,142
8351,8.908,-3.649,1.505,0.001,-0.085,0.002,142
8352,8.915,-3.650,1.505,0.001,-0.183,-0.000,142
8353,8.920,-3.650,1.505,0.001,-0.451,-0.019,142
8354,8.924,-3.650,1.505,0.001,-0.564,-0.030,142
8355,8.927,-3.651,1.505,0.001,-0.497,-0.030,142
8356,8.927,-3.651,1.505,0.001,-0.316,-0.022,142
8357,8.927,-3.651,1.505,0.001,0.127,-0.028,142
8358,8.927,-3.650,1.505,0.001,0.463,0.027,142
8359,8.928,-3.650,1.505,0.001,0.602,0.029,142
8360,8.931,-3.651,1.505,0.001,0.547,0.024,142
8361,8.937,-3.651,1.505,0.001,0.362,0.019,142
8362,8.943,-3.651,1.505,0.001,0.129,0.012,142
8363,8.950,-3.651,1.505,0.001,-0.077,0.002,142
8364,8.957,-3.651,1.505,0.001,-0.206,-0.009,142
8365,8.963,-3.652,1.505,0.001,-0.244,-0.020,142
8366,8.968,-3.652,1.505,0.001,-0.453,-0.025,142
8367,8.972,-3.652,1.505,0.001,-0.525,-0.022,142
8368,8.974,-3.652,1.505,0.001,-0.443,-0.013,142
8369,8.975,-3.652,1.505,0.001,-0.269,-0.004,142
8370,8.975,-3.652,1.505,0.001,0.181,-0.012,142
8371,8.975,-3.652,1.505,0.001,0.511,-0.012,142
8372,8.977,-3.652,1.505,0.001,0.621,-0.007,142
8373,8.980,-3.651,1.505,0.001,0.536,0.003,142
8374,8.986,-3.651,1.505,0.001,0.323,0.007,117
8375,8.993,-3.651,1.505,0.001,0.075,0.005,142
8376,9.000,-3.651,1.506,0.001,-0.131,-0.003,142
8377,9.007,-3.651,1.506,0.001,-0.249,-0.015,142
8378,9.013,-3.651,1.506,0.001,-0.517,-0.003,142
8379,9.017,-3.651,1.506,0.001,-0.613,0.009,142
8380,9.020,-3.650,1.506,0.001,-0.521,0.016,142
8381,9.020,-3.650,1.506,0.001,-0.316,0.017,142
8382,9.020,-3.650,1.506,0.001,-0.089,0.013,142
8383,9.019,-3.650,1.506,0.001,0.354,-0.008,142
8384,9.019,-3.650,1.506,0.001,0.634,-0.017,142
8385,9.021,-3.650,1.506,0.001,0.678,-0.011,142
8386,9.026,-3.650,1.506,0.001,0.526,0.002,142
8387,9.032,-3.650,1.506,0.001,0.264,0.011,142
8388,9.039,-3.650,1.506,0.001,-0.012,0.012,142
8389,9.046,-3.650,1.507,0.001,-0.222,0.003,142
8390,9.053,-3.650,1.507,0.001,-0.562,0.001,142
8391,9.058,-3.650,1.507,0.001,-0.694,0.001,142
8392,9.060,-3.650,1.507,0.001,-0.602,0.001,142
8393,9.061,-3.650,1.507,0.001,-0.371,0.001,142
8394,9.060,-3.650,1.507,0.001,-0.108,0.001,142
8395,9.059,-3.650,1.507,0.001,0.366,0.007,142
8396,9.059,-3.650,1.507,0.001,0.670,0.005,142
8397,9.061,-3.650,1.507,0.001,0.722,0.001,142
8398,9.065,-3.650,1.507,0.001,0.564,-0.001,142
8399,9.072,-3.650,1.507,0.001,0.289,-0.003,142
8400,9.079,-3.650,1.507,0.001,0.001,-0.003,142
8401,9.087,-3.650,1.507,0.001,-0.218,-0.003,142
8402,9.094,-3.650,1.507,0.001,-0.329,0.003,142
8403,9.099,-3.650,1.507,0.001,-0.559,0.002,142
8404,9.103,-3.650,1.507,0.001,-0.612,0.001,142
8405,9.105,-3.650,1.507,0.001,-0.489,-0.001,142
8406,9.106,-3.650,1.508,0.001,-0.272,-0.002,142
8407,9.105,-3.650,1.508,0.001,0.194,0.008,142
8408,9.105,-3.650,1.508,0.001,0.538,0.009,142
8409,9.107,-3.650,1.508,0.001,0.660,0.004,142
8410,9.110,-3.650,1.508,0.001,0.574,-0.001,142
8411,9.116,-3.650,1.508,0.001,0.352,-0.005,142
8412,9.123,-3.650,1.508,0.001,0.087,-0.006,142
8413,9.130,-3.650,1.508,0.001,-0.139,-0.004,142
8414,9.137,-3.650,1.508,0.001,-0.280,0.004,142
8415,9.144,-3.650,1.508,0.001,-0.319,0.016,142
8416,9.149,-3.651,1.508,0.001,-0.482,0.008,142
8417,9.152,-3.651,1.508,0.001,-0.509,-0.003,142
8418,9.154,-3.651,1.508,0.001,-0.399,-0.010,142
8419,9.154,-3.651,1.508,0.001,0.009,0.003,142
8420,9.155,-3.651,1.508,0.001,0.359,0.009,142
8421,9.156,-3.651,1.508,0.001,0.537,0.005,142
8422,9.159,-3.651,1.508,0.001,0.530,-0.004,142
8423,9.164,-3.651,1.508,0.001,0.380,-0.011,142
8424,9.170,-3.651,1.508,0.001,0.160,-0.014,142
8425,9.177,-3.652,1.508,0.001,-0.058,-0.008,142
8426,9.184,-3.652,1.508,0.001,-0.215,0.002,142
8427,9.190,-3.652,1.508,0.001,-0.286,0.015,142
8428,9.196,-3.652,1.508,0.001,-0.269,0.024,142
8429,9.200,-3.652,1.508,0.001,-0.185,0.028,142
8430,9.204,-3.652,1.508,0.001,-0.071,0.025,142
8431,9.207,-3.652,1.508,0.001,0.039,0.015,142
8432,9.211,-3.653,1.508,0.001,0.114,0.004,142
8433,9.214,-3.653,1.508,0.001,0.144,-0.006,142
8434,9.219,-3.654,1.508,0.001,0.130,-0.012,142
8435,9.224,-3.654,1.508,0.001,0.085,-0.013,142
8436,9.229,-3.654,1.508,0.001,0.029,-0.010,142
8437,9.234,-3.655,1.508,0.001,-0.023,-0.003,142
8438,9.239,-3.655,1.508,0.001,-0.056,0.004,142
8439,9.244,-3.655,1.508,0.001,-0.301,-0.009,142
8440,9.248,-3.655,1.508,0.001,-0.444,-0.020,142
8441,9.251,-3.655,1.508,0.001,-0.436,-0.023,142
8442,9.252,-3.656,1.508,0.001,-0.317,-0.020,142
8443,9.252,-3.656,1.508,0.001,-0.151,-0.012,142
8444,9.252,-3.656,1.508,0.001,0.279,0.001,142
8445,9.252,-3.656,1.508,0.001,0.577,0.004,117
8446,9.254,-3.656,1.508,0.001,0.651,0.002,117
8447,9.258,-3.656,1.508,0.001,0.531,-0.001,117
8448,9.265,-3.656,1.508,0.001,0.299,-0.004,142
8449,9.272,-3.656,1.508,0.001,0.048,-0.004,142
8450,9.279,-3.656,1.508,0.001,-0.145,-0.003,142
8451,9.287,-3.656,1.508,0.001,-0.534,-0.000,142
8452,9.292,-3.656,1.508,0.001,-0.717,0.003,142
8453,9.295,-3.655,1.508,0.001,-0.656,0.004,142
8454,9.296,-3.655,1.508,0.001,-0.433,0.003,142
8455,9.295,-3.655,1.508,0.001,-0.158,0.002,142
8456,9.294,-3.655,1.508,0.001,0.075,0.001,117
8457,9.293,-3.655,1.508,0.001,0.524,-0.004,117
8458,9.293,-3.655,1.508,0.001,0.765,-0.007,117
8459,9.296,-3.655,1.508,0.001,0.742,-0.007,117
8460,9.302,-3.655,1.508,0.001,0.524,-0.005,117
8461,9.309,-3.655,1.508,0.001,0.216,-0.003,117
8462,9.317,-3.655,1.508,0.001,-0.075,-0.001,117
8463,9.326,-3.655,1.508,0.001,-0.570,0.005,142
8464,9.332,-3.655,1.508,0.001,-0.820,0.008,142
8465,9.335,-3.655,1.508,0.001,-0.776,0.008,142
8466,9.336,-3.655,1.508,0.001,-0.529,0.006,142
8467,9.336,-3.655,1.508,0.001,-0.206,0.003,117
8468,9.334,-3.655,1.509,0.001,0.075,-0.000,117
8469,9.332,-3.655,1.509,0.001,0.538,-0.008,117
8470,9.333,-3.655,1.508,0.001,0.786,-0.012,117
8471,9.335,-3.655,1.508,0.001,0.766,-0.011,117
8472,9.341,-3.655,1.509,0.001,0.546,-0.006,117
8473,9.348,-3.655,1.509,0.001,0.236,-0.002,117
8474,9.356,-3.655,1.509,0.001,-0.059,0.001,117
8475,9.364,-3.655,1.509,0.001,-0.563,0.008,117
8476,9.371,-3.655,1.509,0.001,-0.821,0.011,117
8477,9.374,-3.654,1.509,0.001,-0.783,0.010,117
8478,9.375,-3.654,1.509,0.001,-0.537,0.007,117
8479,9.374,-3.654,1.509,0.001,-0.212,0.003,117
8480,9.373,-3.654,1.509,0.001,0.072,-0.001,117
8481,9.371,-3.655,1.509,0.001,0.538,-0.008,117
8482,9.371,-3.655,1.509,0.001,0.789,-0.012,117
8483,9.374,-3.654,1.509,0.001,0.771,-0.010,117
8484,9.379,-3.654,1.509,0.001,0.552,-0.006,117
8485,9.387,-3.654,1.509,0.001,0.241,-0.001,117
8486,9.395,-3.654,1.509,0.001,-0.054,0.002,117
8487,9.403,-3.654,1.509,0.001,-0.260,0.003,117
8488,9.411,-3.654,1.509,0.001,-0.627,0.007,117
8489,9.416,-3.654,1.510,0.001,-0.767,0.009,117
8490,9.419,-3.654,1.510,0.001,-0.661,0.008,142
8491,9.419,-3.654,1.510,0.001,-0.405,0.005,142
8492,9.418,-3.654,1.510,0.001,-0.115,0.001,142
8493,9.417,-3.654,1.510,0.001,0.396,-0.004,142
8494,9.417,-3.654,1.510,0.001,0.717,-0.007,142
8495,9.419,-3.654,1.510,0.001,0.770,-0.006,142
8496,9.424,-3.654,1.510,0.001,0.601,-0.003,142
8497,9.430,-3.654,1.510,0.001,0.312,-0.000,142
8498,9.438,-3.654,1.504,0.001,0.009,0.002,142
8499,9.447,-3.654,1.503,0.001,-0.222,0.002,142
8500,9.454,-3.654,1.502,0.001,-0.614,0.004,142
8501,9.460,-3.654,1.501,0.001,-0.775,0.005,142
8502,9.463,-3.654,1.500,0.001,-0.682,0.004,142
8503,9.463,-3.654,1.499,0.001,-0.428,0.002,142
8504,9.462,-3.654,1.498,0.001,-0.133,0.001,142
8505,9.461,-3.654,1.498,0.001,0.382,-0.003,142
8506,9.461,-3.654,1.497,0.001,0.708,-0.005,142
8507,9.463,-3.654,1.496,0.001,0.767,-0.005,142
8508,9.467,-3.654,1.496,0.001,0.605,-0.003,142
8509,9.474,-3.654,1.495,0.001,0.323,-0.000,142
8510,9.482,-3.653,1.495,0.001,0.027,0.001,142
8511,9.490,-3.653,1.495,0.001,-0.198,0.001,142
8512,9.497,-3.653,1.494,0.001,-0.312,0.001,142
8513,9.504,-3.653,1.494,0.001,-0.583,0.002,142
8514,9.508,-3.653,1.494,0.001,-0.667,0.003,142
8515,9.511,-3.653,1.494,0.001,-0.551,0.003,142
8516,9.511,-3.653,1.493,0.001,-0.322,0.002,142
8517,9.511,-3.653,1.493,0.001,0.186,-0.002,142
8518,9.510,-3.653,1.493,0.001,0.559,-0.005,142
8519,9.512,-3.653,1.493,0.001,0.694,-0.005,142
8520,9.516,-3.653,1.493,0.001,0.608,-0.003,142
8521,9.522,-3.653,1.492,0.001,0.380,-0.001,142
8522,9.529,-3.653,1.492,0.001,0.109,0.000,142
8523,9.537,-3.653,1.492,0.001,-0.122,0.001,142
8524,9.545,-3.653,1.492,0.001,-0.262,0.001,142
8525,9.551,-3.653,1.492,0.001,-0.299,-0.001,142
8526,9.557,-3.653,1.492,0.001,-0.503,0.002,142
8527,9.561,-3.653,1.492,0.001,-0.560,0.004,142
8528,9.563,-3.653,1.492,0.001,-0.458,0.005,142
8529,9.564,-3.653,1.492,0.001,-0.268,0.004,142
8530,9.563,-3.653,1.492,0.001,0.196,-0.002,142
8531,9.563,-3.653,1.492,0.001,0.535,-0.005,142
8532,9.565,-3.653,1.492,0.001,0.651,-0.006,142
8533,9.569,-3.653,1.492,0.001,0.564,-0.005,142
8534,9.575,-3.653,1.492,0.001,0.347,-0.003,142
8535,9.582,-3.653,1.492,0.001,0.092,-0.001,142
8536,9.590,-3.653,1.492,0.001,-0.127,0.010,142
8537,9.597,-3.653,1.492,0.001,-0.260,0.027,142
8538,9.604,-3.653,1.492,0.001,-0.297,0.044,142
8539,9.609,-3.653,1.492,0.001,-0.252,0.055,142
8540,9.614,-3.653,1.492,0.001,-0.158,0.057,142
8541,9.618,-3.654,1.492,0.001,-0.051,0.049,142
8542,9.622,-3.654,1.492,0.001,0.040,0.035,142
8543,9.626,-3.655,1.492,0.001,0.097,0.018,142
8544,9.630,-3.656,1.492,0.001,0.114,0.005,142
8545,9.635,-3.657,1.492,0.001,0.099,-0.004,142
8546,9.640,-3.658,1.492,0.001,0.063,-0.007,142
8547,9.645,-3.659,1.492,0.001,0.020,-0.003,142
8548,9.650,-3.660,1.492,0.001,-0.020,0.004,142
8549,9.656,-3.661,1.492,0.001,-0.049,0.011,142
8550,9.661,-3.662,1.492,0.001,-0.068,0.016,142
8551,9.666,-3.663,1.492,0.001,-0.297,-0.042,142
8552,9.670,-3.664,1.492,0.001,-0.429,-0.083,142
8553,9.672,-3.665,1.492,0.001,-0.419,-0.093,142
8554,9.673,-3.665,1.492,0.001,-0.304,-0.076,142
8555,9.673,-3.665,1.492,0.001,-0.145,-0.044,142
8556,9.673,-3.665,1.492,0.001,0.238,0.037,142
8557,9.673,-3.665,1.492,0.001,0.507,0.086,142
8558,9.675,-3.665,1.492,0.001,0.584,0.091,142
8559,9.679,-3.666,1.492,0.001,0.491,0.064,142
8560,9.685,-3.667,1.492,0.001,0.292,0.026,142
8561,9.691,-3.668,1.492,0.001,0.064,-0.007,142
8562,9.698,-3.668,1.492,0.001,-0.125,-0.023,142
8563,9.705,-3.669,1.492,0.001,-0.487,-0.065,142
8564,9.710,-3.670,1.492,0.001,-0.659,-0.084,142
8565,9.713,-3.670,1.492,0.001,-0.605,-0.075,142
8566,9.713,-3.670,1.492,0.001,-0.401,-0.049,142
8567,9.713,-3.670,1.492,0.001,-0.147,-0.017,142
8568,9.712,-3.670,1.492,0.001,0.326,0.054,142
8569,9.711,-3.670,1.492,0.001,0.638,0.090,142
8570,9.713,-3.670,1.492,0.001,0.710,0.084,142
8571,9.717,-3.671,1.492,0.001,0.578,0.052,142
8572,9.723,-3.672,1.492,0.001,0.326,0.015,142
8573,9.731,-3.673,1.492,0.001,0.050,-0.012,142
8574,9.739,-3.674,1.492,0.001,-0.170,-0.020,142
8575,9.746,-3.674,1.492,0.001,-0.561,-0.057,142
8576,9.751,-3.675,1.492,0.001,-0.735,-0.074,142
8577,9.754,-3.675,1.492,0.001,-0.661,-0.067,142
8578,9.755,-3.675,1.492,0.001,-0.427,-0.044,142
8579,9.754,-3.675,1.492,0.001,-0.145,-0.016,142
8580,9.753,-3.675,1.492,0.001,0.359,0.056,142
8581,9.752,-3.675,1.492,0.001,0.685,0.095,142
8582,9.754,-3.675,1.492,0.001,0.752,0.088,142
8583,9.759,-3.676,1.492,0.001,0.602,0.055,142
8584,9.765,-3.677,1.492,0.001,0.328,0.013,142
8585,9.773,-3.678,1.492,0.001,0.033,-0.014,142
8586,9.781,-3.679,1.492,0.001,-0.197,-0.022,142
8587,9.788,-3.680,1.492,0.001,-0.592,-0.061,142
8588,9.794,-3.680,1.492,0.001,-0.761,-0.080,142
8589,9.797,-3.681,1.492,0.001,-0.676,-0.072,142
8590,9.797,-3.681,1.492,0.001,-0.430,-0.047,142
8591,9.796,-3.681,1.493,0.001,-0.139,-0.017,142
8592,9.795,-3.680,1.493,0.001,0.375,0.061,142
8593,9.795,-3.681,1.493,0.001,0.705,0.103,142
8594,9.797,-3.681,1.493,0.001,0.768,0.100,142
8595,9.801,-3.682,1.493,0.001,0.610,0.066,142
8596,9.808,-3.683,1.493,0.001,0.327,0.024,142
8597,9.816,-3.684,1.493,0.001,0.027,-0.010,142
8598,9.824,-3.685,1.493,0.001,-0.206,-0.022,142
8599,9.831,-3.686,1.493,0.001,-0.604,-0.072,142
8600,9.837,-3.686,1.493,0.001,-0.772,-0.096,142
8601,9.840,-3.687,1.493,0.001,-0.685,-0.088,142
8602,9.841,-3.687,1.493,0.001,-0.434,-0.058,142
8603,9.840,-3.687,1.493,0.001,-0.139,-0.022,142
8604,9.838,-3.687,1.493,0.001,0.381,0.057,142
8605,9.838,-3.687,1.493,0.001,0.713,0.100,142
8606,9.840,-3.687,1.493,0.000,0.773,0.097,142
8607,9.845,-3.688,1.493,0.000,0.612,0.063,142
8608,9.851,-3.689,1.493,0.000,0.327,0.023,142
8609,9.859,-3.690,1.493,0.000,0.029,-0.009,142
8610,9.867,-3.691,1.493,0.000,-0.199,-0.020,142
8611,9.875,-3.691,1.493,0.000,-0.603,-0.066,142
8612,9.881,-3.692,1.494,0.000,-0.777,-0.088,142
8613,9.884,-3.693,1.494,0.000,-0.693,-0.081,142
8614,9.884,-3.693,1.494,0.000,-0.443,-0.054,142
8615,9.884,-3.693,1.494,0.000,-0.145,-0.020,142
8616,9.882,-3.692,1.494,0.000,0.375,0.050,142
8617,9.882,-3.692,1.494,0.000,0.705,0.087,142
8618,9.884,-3.693,1.494,0.000,0.765,0.083,142
8619,9.888,-3.693,1.494,0.000,0.606,0.055,142
8620,9.895,-3.694,1.494,0.000,0.326,0.020,142
8621,9.903,-3.695,1.494,0.000,0.034,-0.004,142
8622,9.911,-3.696,1.494,0.000,-0.189,-0.012,142
8623,9.918,-3.697,1.494,0.000,-0.593,-0.055,142
8624,9.924,-3.697,1.494,0.000,-0.769,-0.077,142
8625,9.927,-3.698,1.494,0.000,-0.689,-0.073,142
8626,9.928,-3.698,1.494,0.000,-0.442,-0.050,142
8627,9.927,-3.698,1.494,0.000,-0.147,-0.021,142
8628,9.925,-3.698,1.494,0.000,0.372,0.044,142
8629,9.925,-3.698,1.494,0.000,0.704,0.077,142
8630,9.927,-3.698,1.494,0.000,0.768,0.072,142
8631,9.932,-3.698,1.495,0.000,0.611,0.044,142
8632,9.938,-3.699,1.495,0.000,0.332,0.013,142
8633,9.946,-3.700,1.495,0.000,0.036,-0.007,142
8634,9.954,-3.700,1.495,0.000,-0.194,-0.011,142
8635,9.962,-3.701,1.495,0.000,-0.599,-0.045,142
8636,9.967,-3.701,1.495,0.000,-0.775,-0.063,142
8637,9.970,-3.702,1.495,0.000,-0.729,-0.052,142
8638,9.971,-3.702,1.495,0.000,-0.505,-0.028,142
8639,9.970,-3.702,1.495,0.000,-0.173,-0.012,142
8640,9.968,-3.702,1.495,0.000,0.333,-0.088,142
8641,9.967,-3.702,1.495,0.000,0.658,-0.145,142
8642,9.968,-3.701,1.495,0.000,0.727,-0.163,142
8643,9.972,-3.699,1.495,0.000,0.576,-0.139,142
8644,9.978,-3.698,1.496,0.000,0.299,-0.088,142
8645,9.984,-3.695,1.496,0.000,0.005,-0.021,142
8646,9.991,-3.693,1.496,0.000,-0.221,0.041,142
8647,9.997,-3.691,1.496,0.000,-0.330,0.085,142
8648,10.003,-3.689,1.496,0.000,-0.318,0.105,142
8649,10.007,-3.688,1.496,0.000,-0.214,0.098,142
8650,10.010,-3.687,1.496,0.000,-0.070,0.076,142
8651,10.013,-3.686,1.497,0.000,0.064,0.042,142
8652,10.016,-3.685,1.497,0.000,0.153,0.011,142
8653,10.020,-3.684,1.497,0.000,0.184,-0.011,142
8654,10.025,-3.683,1.497,0.000,0.160,-0.022,142
8655,10.030,-3.683,1.497,0.000,0.097,-0.022,142
8656,10.035,-3.682,1.497,0.000,0.020,-0.014,142
8657,10.040,-3.681,1.497,0.000,-0.052,-0.003,142
8658,10.045,-3.680,1.497,0.000,-0.103,0.008,142
8659,10.050,-3.679,1.497,0.000,-0.123,0.014,142
8660,10.055,-3.678,1.498,0.000,-0.312,0.054,142
8661,10.058,-3.677,1.498,0.000,-0.405,0.077,142
8662,10.060,-3.677,1.498,0.000,-0.372,0.074,142
8663,10.061,-3.677,1.498,0.000,-0.254,0.053,142
8664,10.061,-3.677,1.498,0.000,-0.107,0.025,142
8665,10.061,-3.677,1.498,0.000,0.019,-0.001,142
8666,10.061,-3.677,1.498,0.000,0.357,-0.099,142
8667,10.061,-3.677,1.498,0.000,0.554,-0.165,142
8668,10.064,-3.676,1.498,0.000,0.555,-0.181,142
8669,10.068,-3.675,1.498,0.000,0.397,-0.151,142
8670,10.074,-3.673,1.498,0.000,0.162,-0.093,142
8671,10.081,-3.670,1.498,0.000,-0.064,-0.029,142
8672,10.087,-3.668,1.498,0.000,-0.214,0.026,142
8673,10.092,-3.666,1.498,0.000,-0.487,0.157,142
8674,10.097,-3.664,1.498,0.000,-0.587,0.225,117
8675,10.099,-3.663,1.498,0.000,-0.501,0.214,117
8676,10.099,-3.663,1.498,0.000,-0.305,0.147,117
8677,10.099,-3.663,1.498,0.000,0.145,0.232,117
8678,10.098,-3.664,1.498,0.000,0.483,0.260,117
8679,10.099,-3.666,1.498,0.000,0.616,0.215,117
8680,10.103,-3.668,1.498,0.000,0.556,0.122,117
8681,10.108,-3.671,1.498,0.000,0.365,0.023,117
8682,10.114,-3.675,1.498,0.000,0.126,-0.047,117
8683,10.121,-3.678,1.498,0.000,-0.083,-0.076,117
8684,10.128,-3.680,1.498,0.000,-0.208,-0.068,117
8685,10.134,-3.683,1.498,0.000,-0.240,-0.037,117
8686,10.140,-3.686,1.498,0.000,-0.194,0.000,117
8687,10.145,-3.688,1.498,0.000,-0.107,0.030,117
8688,10.149,-3.691,1.498,0.000,-0.014,0.044,117
8689,10.153,-3.693,1.498,0.000,0.056,0.042,117
8690,10.158,-3.696,1.498,0.000,0.087,0.030,117
8691,10.162,-3.699,1.498,0.000,0.081,0.013,117
8692,10.167,-3.702,1.498,0.000,0.045,-0.003,117
8693,10.173,-3.705,1.498,0.000,0.001,-0.013,117
8694,10.178,-3.708,1.498,0.000,-0.272,-0.162,117
8695,10.182,-3.711,1.498,0.000,-0.444,-0.255,117
8696,10.185,-3.712,1.498,0.000,-0.459,-0.259,117
8697,10.186,-3.713,1.498,0.000,-0.350,-0.195,117
8698,10.186,-3.713,1.498,0.000,-0.181,-0.099,117
8699,10.186,-3.713,1.498,0.000,0.187,0.135,117
8700,10.186,-3.713,1.498,0.000,0.436,0.291,117
8701,10.187,-3.714,1.498,0.000,0.506,0.325,117
8702,10.190,-3.716,1.498,0.000,0.429,0.261,117
8703,10.195,-3.719,1.498,0.000,0.263,0.142,117
8704,10.201,-3.723,1.498,0.000,0.077,0.020,117
8705,10.206,-3.726,1.498,0.000,-0.072,-0.069,117
8706,10.212,-3.730,1.498,0.000,-0.154,-0.108,117
8707,10.217,-3.733,1.498,0.000,-0.168,-0.101,117
8708,10.222,-3.736,1.498,0.000,-0.136,-0.064,117
8709,10.226,-3.738,1.498,0.000,-0.084,-0.019,117
8710,10.230,-3.741,1.498,0.000,-0.037,0.018,117
8711,10.234,-3.743,1.498,0.000,-0.006,0.038,117
8712,10.238,-3.746,1.498,0.000,0.008,0.039,117
8713,10.241,-3.749,1.498,0.000,0.013,0.028,117
8714,10.245,-3.752,1.498,0.000,0.014,0.012,117
8715,10.249,-3.755,1.498,0.000,0.017,-0.002,117
8716,10.253,-3.758,1.498,0.000,0.021,-0.009,117
8717,10.257,-3.761,1.498,0.000,0.021,-0.010,117
8718,10.261,-3.764,1.498,0.000,0.015,-0.007,117
8719,10.265,-3.767,1.498,0.000,-0.003,-0.005,117
8720,10.269,-3.770,1.498,0.000,-0.214,-0.148,117
8721,10.273,-3.772,1.498,0.000,-0.349,-0.241,117
8722,10.275,-3.774,1.498,0.000,-0.361,-0.250,117
8723,10.276,-3.774,1.498,0.000,-0.277,-0.192,117
8724,10.276,-3.775,1.498,0.000,-0.145,-0.102,117
8725,10.276,-3.774,1.498,0.000,-0.016,-0.014,117
8726,10.276,-3.774,1.498,0.000,0.255,0.191,117
8727,10.276,-3.774,1.498,0.000,0.429,0.312,117
8728,10.278,-3.776,1.498,0.000,0.460,0.320,117
8729,10.281,-3.778,1.498,0.000,0.369,0.240,117
8730,10.285,-3.781,1.498,0.000,0.205,0.117,117
8731,10.291,-3.785,1.498,0.000,0.025,-0.003,117
8732,10.296,-3.789,1.498,0.000,-0.121,-0.087,117
8733,10.301,-3.792,1.498,0.000,-0.395,-0.267,117
8734,10.305,-3.795,1.498,0.000,-0.518,-0.347,117
8735,10.307,-3.796,1.498,0.000,-0.467,-0.313,117
8736,10.308,-3.796,1.498,0.000,-0.303,-0.203,117
8737,10.307,-3.796,1.498,0.000,-0.105,-0.070,117
8738,10.306,-3.796,1.498,0.000,0.256,0.186,117
8739,10.306,-3.795,1.498,0.000,0.496,0.348,117
8740,10.308,-3.797,1.498,0.000,0.555,0.374,117
8741,10.311,-3.799,1.498,0.000,0.457,0.291,117
8742,10.316,-3.802,1.498,0.000,0.262,0.150,117
8743,10.322,-3.806,1.498,0.000,0.042,0.008,117
8744,10.328,-3.810,1.499,0.000,-0.145,-0.086,117
8745,10.333,-3.814,1.499,0.000,-0.259,-0.118,117
8746,10.338,-3.817,1.499,0.000,-0.456,-0.267,117
8747,10.341,-3.820,1.499,0.000,-0.505,-0.330,117
8748,10.343,-3.821,1.499,0.000,-0.406,-0.289,117
8749,10.343,-3.821,1.499,0.000,-0.227,-0.183,117
8750,10.343,-3.821,1.499,0.000,0.136,0.133,117
8751,10.342,-3.821,1.499,0.000,0.407,0.363,117
8752,10.343,-3.823,1.499,0.000,0.507,0.437,117
8753,10.346,-3.825,1.499,0.000,0.447,0.373,117
8754,10.350,-3.829,1.499,0.000,0.274,0.227,117
8755,10.356,-3.834,1.499,0.000,0.061,0.065,117
8756,10.361,-3.839,1.499,0.000,-0.128,-0.059,117
8757,10.366,-3.844,1.499,0.000,-0.249,-0.122,117
8758,10.371,-3.849,1.499,0.000,-0.283,-0.120,117
8759,10.374,-3.853,1.499,0.000,-0.237,-0.072,117
8760,10.377,-3.857,1.499,0.000,-0.140,-0.006,117
8761,10.379,-3.861,1.499,0.000,-0.029,0.052,117
8762,10.381,-3.865,1.499,0.000,0.066,0.087,117
8763,10.383,-3.870,1.499,0.000,0.124,0.095,117
8764,10.386,-3.874,1.499,0.000,0.136,0.079,117
8765,10.389,-3.879,1.500,0.000,0.107,0.051,117
8766,10.392,-3.885,1.500,0.000,0.051,0.021,117
8767,10.396,-3.890,1.500,0.000,-0.013,-0.004,117
8768,10.400,-3.895,1.500,0.000,-0.073,-0.018,117
8769,10.403,-3.901,1.500,0.000,-0.113,-0.022,117
8770,10.406,-3.906,1.500,0.000,-0.124,-0.018,117
8771,10.409,-3.911,1.500,0.000,-0.105,-0.008,117
8772,10.411,-3.916,1.500,0.000,-0.064,0.003,117
8773,10.413,-3.921,1.500,0.000,-0.013,0.014,117
8774,10.415,-3.926,1.500,0.000,0.035,0.022,117
8775,10.417,-3.932,1.500,0.000,0.069,0.027,117
8776,10.419,-3.937,1.500,0.000,0.081,0.026,117
8777,10.422,-3.942,1.500,0.000,0.071,0.022,117
8778,10.425,-3.948,1.500,0.000,0.041,0.014,117
8779,10.428,-3.954,1.500,0.000,-0.001,0.002,117
8780,10.431,-3.959,1.500,0.000,-0.043,-0.011,117
8781,10.434,-3.965,1.500,0.000,-0.072,-0.020,117
8782,10.436,-3.971,1.500,0.000,-0.074,-0.020,117
8783,10.439,-3.976,1.500,0.000,-0.054,-0.014,117
8784,10.441,-3.981,1.500,0.000,-0.023,-0.006,117
8785,10.443,-3.987,1.500,0.000,0.006,0.000,117
8786,10.445,-3.992,1.501,0.000,0.027,0.002,117
8787,10.448,-3.998,1.501,0.000,0.036,0.003,117
8788,10.450,-4.003,1.501,0.000,-0.044,-0.076,117
8789,10.452,-4.009,1.501,0.000,-0.106,-0.128,117
8790,10.454,-4.013,1.501,0.000,-0.126,-0.136,117
8791,10.456,-4.018,1.501,0.000,-0.114,-0.110,117
8792,10.457,-4.022,1.501,0.000,-0.078,-0.066,117
8793,10.458,-4.026,1.501,0.000,-0.031,-0.020,117
8794,10.458,-4.029,1.501,0.000,0.012,0.013,117
8795,10.459,-4.033,1.501,0.000,0.039,0.028,117
8796,10.460,-4.037,1.501,0.000,0.048,0.026,117
8797,10.461,-4.041,1.501,0.000,0.040,0.012,117
8798,10.462,-4.045,1.501,0.000,0.028,-0.003,117
8799,10.463,-4.049,1.501,0.000,0.023,-0.010,117
8800,10.465,-4.053,1.501,0.000,0.024,-0.009,117
8801,10.466,-4.057,1.501,0.000,0.027,-0.003,117
8802,10.467,-4.061,1.501,0.000,0.025,0.001,117
8803,10.469,-4.065,1.501,0.000,0.012,0.000,117
8804,10.471,-4.069,1.501,0.000,-0.004,-0.007,117
8805,10.472,-4.073,1.501,0.000,-0.025,-0.019,117
8806,10.474,-4.076,1.500,0.000,-0.032,-0.025,117
8807,10.475,-4.080,1.500,0.000,-0.027,-0.024,117
8808,10.477,-4.084,1.500,0.000,-0.013,-0.018,117
8809,10.478,-4.088,1.500,0.000,0.003,-0.011,117
8810,10.479,-4.091,1.500,0.000,0.015,-0.005,117
8811,10.481,-4.095,1.500,0.000,0.025,0.001,117
8812,10.482,-4.099,1.500,0.000,0.035,0.008,117
8813,10.484,-4.102,1.500,0.000,0.040,0.013,117
8814,10.486,-4.106,1.500,0.000,0.035,0.012,117
8815,10.487,-4.110,1.500,0.000,0.019,0.003,117
8816,10.489,-4.114,1.500,0.000,-0.004,-0.012,117
8817,10.491,-4.117,1.500,0.000,-0.020,-0.022,117
8818,10.493,-4.121,1.500,0.000,-0.024,-0.026,117
8819,10.495,-4.125,1.500,0.000,-0.018,-0.022,117
8820,10.497,-4.128,1.500,0.000,-0.007,-0.015,117
8821,10.498,-4.132,1.500,0.000,0.005,-0.006,117
8822,10.500,-4.135,1.500,0.000,0.013,-0.000,117
8823,10.502,-4.139,1.500,0.000,0.017,0.002,117
8824,10.504,-4.142,1.500,0.000,0.017,0.002,117
8825,10.506,-4.146,1.500,0.000,0.013,-0.001,117
8826,10.508,-4.149,1.500,0.000,0.008,-0.004,117
8827,10.510,-4.153,1.500,0.000,0.004,-0.007,117
8828,10.512,-4.156,1.500,0.000,0.002,-0.009,117
8829,10.514,-4.160,1.500,0.000,0.001,-0.009,117
8830,10.516,-4.163,1.500,0.000,0.003,-0.008,117
8831,10.518,-4.167,1.500,0.000,0.004,-0.006,117
8832,10.520,-4.170,1.500,0.000,0.005,-0.004,117
8833,10.522,-4.173,1.500,0.000,0.006,-0.003,117
8834,10.524,-4.177,1.500,0.000,0.006,-0.002,117
8835,10.526,-4.180,1.500,0.000,0.006,-0.003,117
8836,10.528,-4.184,1.500,0.000,0.004,-0.003,117
8837,10.530,-4.187,1.500,0.000,0.004,-0.004,117
8838,10.532,-4.190,1.500,0.000,0.004,-0.005,117
8839,10.535,-4.194,1.500,0.000,0.004,-0.005,117
8840,10.537,-4.197,1.500,0.000,0.004,-0.005,117
8841,10.539,-4.200,1.500,0.000,0.004,-0.005,117
8842,10.541,-4.204,1.500,0.000,0.005,-0.005,117
8843,10.544,-4.207,1.500,0.000,0.004,-0.004,117
8844,10.546,-4.210,1.500,0.000,0.005,-0.004,117
8845,10.548,-4.214,1.500,0.000,0.004,-0.004,117
8846,10.550,-4.217,1.500,0.000,0.004,-0.004,117
8847,10.553,-4.220,1.500,0.000,0.004,-0.004,117
8848,10.555,-4.224,1.500,0.000,0.004,-0.005,117
8849,10.558,-4.227,1.500,0.000,0.004,-0.005,117
8850,10.560,-4.230,1.500,0.000,0.005,-0.005,117
8851,10.562,-4.233,1.500,0.000,0.004,-0.005,117
8852,10.565,-4.237,1.500,0.000,0.003,-0.004,117
8853,10.567,-4.240,1.500,0.000,0.003,-0.004,117
8854,10.570,-4.243,1.500,0.000,0.003,-0.004,117
8855,10.572,-4.246,1.500,0.000,0.003,-0.004,117
8856,10.575,-4.250,1.500,0.000,0.004,-0.005,117
8857,10.577,-4.253,1.500,0.000,0.004,-0.004,117
8858,10.580,-4.256,1.500,0.000,0.004,-0.005,117
8859,10.582,-4.259,1.500,0.000,0.004,-0.005,117
8860,10.585,-4.262,1.500,0.000,0.003,-0.004,117
8861,10.588,-4.265,1.500,0.000,0.003,-0.004,117
8862,10.590,-4.269,1.500,0.000,0.003,-0.004,117
8863,10.593,-4.272,1.500,0.000,0.003,-0.004,117
8864,10.595,-4.275,1.500,0.000,0.003,-0.004,117
8865,10.598,-4.278,1.500,0.000,0.003,-0.004,117
8866,10.601,-4.281,1.500,0.000,0.003,-0.005,117
8867,10.603,-4.284,1.500,0.000,0.003,-0.004,117
8868,10.606,-4.287,1.500,0.000,0.003,-0.005,117
8869,10.609,-4.291,1.500,0.000,0.003,-0.005,117
8870,10.612,-4.294,1.500,0.000,0.004,-0.005,117
8871,10.614,-4.297,1.500,0.000,0.003,-0.005,117
8872,10.617,-4.300,1.500,0.000,0.003,-0.005,117
8873,10.620,-4.303,1.500,0.000,0.004,-0.005,117
8874,10.623,-4.306,1.500,0.000,0.003,-0.005,117
8875,10.625,-4.309,1.500,0.000,0.003,-0.005,117
8876,10.628,-4.312,1.500,0.000,0.003,-0.005,117
8877,10.631,-4.315,1.500,0.000,0.003,-0.004,117
8878,10.634,-4.318,1.499,0.000,0.002,-0.004,117
8879,10.637,-4.321,1.499,0.000,0.002,-0.004,117
8880,10.640,-4.324,1.499,0.000,0.002,-0.004,117
8881,10.643,-4.327,1.499,0.000,0.002,-0.004,117
8882,10.646,-4.330,1.499,0.000,0.002,-0.004,117
8883,10.649,-4.333,1.499,0.000,0.003,-0.005,117
8884,10.651,-4.336,1.499,0.000,0.003,-0.005,117
8885,10.654,-4.339,1.499,0.000,0.004,-0.006,117
8886,10.657,-4.342,1.499,0.000,0.003,-0.005,117
8887,10.660,-4.345,1.499,0.000,0.003,-0.004,117
8888,10.663,-4.347,1.499,0.000,0.002,-0.004,117
8889,10.666,-4.350,1.499,0.000,0.002,-0.004,117
8890,10.669,-4.353,1.499,0.000,0.002,-0.004,117
8891,10.673,-4.356,1.499,0.000,0.003,-0.005,117
8892,10.676,-4.359,1.499,0.000,0.003,-0.005,117
8893,10.679,-4.362,1.499,0.000,0.004,-0.007,117
8894,10.682,-4.365,1.499,0.000,0.004,-0.006,117
8895,10.685,-4.367,1.499,0.000,0.004,-0.006,117
8896,10.688,-4.370,1.499,0.000,0.003,-0.006,117
8897,10.691,-4.373,1.499,0.000,0.003,-0.005,117
8898,10.694,-4.376,1.499,0.000,0.002,-0.004,117
8899,10.698,-4.379,1.499,0.000,0.002,-0.004,117
8900,10.701,-4.381,1.499,0.000,0.002,-0.004,117
8901,10.704,-4.384,1.499,0.000,0.002,-0.005,117
8902,10.707,-4.387,1.499,0.000,0.002,-0.005,117
8903,10.710,-4.389,1.499,0.000,0.003,-0.006,117
8904,10.714,-4.392,1.499,0.000,0.002,-0.005,117
8905,10.717,-4.395,1.499,0.000,0.002,-0.005,117
8906,10.720,-4.398,1.499,0.000,0.002,-0.005,117
8907,10.723,-4.400,1.499,0.000,0.002,-0.005,117
8908,10.727,-4.403,1.499,0.000,0.003,-0.006,117
8909,10.730,-4.406,1.499,0.000,0.002,-0.005,117
8910,10.733,-4.408,1.499,0.000,0.003,-0.006,117
8911,10.737,-4.411,1.499,0.000,0.002,-0.005,117
8912,10.740,-4.413,1.499,0.000,0.003,-0.006,117
8913,10.743,-4.416,1.499,0.000,0.002,-0.005,117
8914,10.747,-4.419,1.499,0.000,0.002,-0.004,117
8915,10.750,-4.421,1.499,0.000,0.001,-0.004,117
8916,10.754,-4.424,1.499,0.000,0.002,-0.005,117
8917,10.757,-4.426,1.499,0.000,0.002,-0.005,117
8918,10.760,-4.429,1.499,0.000,0.002,-0.005,117
8919,10.764,-4.431,1.499,0.000,0.002,-0.006,117
8920,10.767,-4.434,1.499,0.000,0.002,-0.006,117
8921,10.771,-4.436,1.499,0.000,0.002,-0.005,117
8922,10.774,-4.439,1.499,0.000,0.002,-0.006,117
8923,10.778,-4.441,1.499,0.000,0.002,-0.006,117
8924,10.781,-4.444,1.499,0.000,0.003,-0.007,117
8925,10.785,-4.446,1.499,0.000,0.002,-0.006,117
8926,10.788,-4.448,1.499,0.000,-0.176,-0.123,117
8927,10.791,-4.450,1.499,0.000,-0.293,-0.198,117
8928,10.793,-4.452,1.499,0.000,-0.306,-0.205,117
8929,10.794,-4.452,1.499,0.000,-0.237,-0.158,117
8930,10.794,-4.453,1.499,0.000,-0.127,-0.084,117
8931,10.794,-4.452,1.499,0.000,-0.018,-0.011,117
8932,10.794,-4.452,1.499,0.000,0.058,0.039,117
8933,10.794,-4.452,1.499,0.000,0.267,0.174,117
8934,10.794,-4.452,1.499,0.000,0.374,0.242,117
8935,10.796,-4.454,1.499,0.000,0.351,0.226,117
8936,10.799,-4.456,1.499,0.000,0.239,0.152,117
8937,10.803,-4.458,1.499,0.000,0.095,0.057,117
8938,10.807,-4.461,1.499,0.000,-0.030,-0.024,117
8939,10.811,-4.464,1.499,0.000,-0.285,-0.186,117
8940,10.815,-4.466,1.499,0.000,-0.419,-0.270,117
8941,10.817,-4.467,1.499,0.000,-0.403,-0.257,117
8942,10.817,-4.467,1.499,0.000,-0.279,-0.177,117
8943,10.817,-4.467,1.499,0.000,-0.114,-0.072,117
8944,10.816,-4.467,1.499,0.000,0.031,0.021,117
8945,10.815,-4.466,1.499,0.000,0.302,0.189,117
8946,10.816,-4.466,1.499,0.000,0.443,0.274,117
8947,10.817,-4.467,1.499,0.000,0.430,0.267,117
8948,10.820,-4.469,1.499,0.000,0.306,0.194,117
8949,10.825,-4.472,1.499,0.000,0.136,0.091,117
8950,10.829,-4.475,1.499,0.000,-0.019,-0.007,117
8951,10.834,-4.478,1.499,0.000,-0.313,-0.194,117
8952,10.838,-4.480,1.499,0.000,-0.469,-0.294,117
8953,10.840,-4.481,1.499,0.000,-0.454,-0.287,117
8954,10.841,-4.482,1.499,0.000,-0.317,-0.201,117
8955,10.840,-4.481,1.499,0.000,-0.131,-0.085,117
8956,10.839,-4.481,1.499,0.000,0.034,0.020,117
8957,10.838,-4.480,1.499,0.000,0.136,0.085,117
8958,10.838,-4.480,1.499,0.000,0.388,0.253,117
8959,10.839,-4.481,1.499,0.000,0.507,0.336,117
8960,10.841,-4.482,1.499,0.000,0.466,0.314,117
8961,10.845,-4.485,1.499,0.000,0.313,0.215,117
8962,10.850,-4.488,1.499,0.000,0.123,0.084,117
8963,10.856,-4.492,1.499,0.000,-0.283,-0.189,117
8964,10.861,-4.495,1.499,0.000,-0.537,-0.360,117
8965,10.864,-4.497,1.499,0.000,-0.573,-0.385,117
8966,10.865,-4.498,1.499,0.000,-0.438,-0.294,117
8967,10.865,-4.498,1.499,0.000,-0.218,-0.147,117
8968,10.863,-4.497,1.499,0.000,-0.002,-0.002,117
8969,10.862,-4.496,1.499,0.000,0.146,0.098,117
8970,10.861,-4.496,1.499,0.000,0.459,0.297,117
8971,10.862,-4.496,1.499,0.000,0.606,0.393,117
8972,10.865,-4.498,1.499,0.000,0.556,0.366,117
8973,10.869,-4.501,1.499,0.000,0.371,0.246,117
8974,10.875,-4.505,1.499,0.000,0.138,0.093,117
8975,10.882,-4.509,1.499,0.000,-0.063,-0.049,117
8976,10.888,-4.513,1.500,0.000,-0.444,-0.296,117
8977,10.893,-4.516,1.500,0.000,-0.638,-0.418,117
8978,10.896,-4.518,1.500,-0.000,-0.605,-0.392,117
8979,10.897,-4.519,1.500,-0.000,-0.412,-0.264,117
8980,10.896,-4.518,1.500,-0.000,-0.161,-0.100,117
8981,10.895,-4.517,1.500,-0.000,0.316,0.187,117
8982,10.894,-4.517,1.500,-0.000,0.622,0.374,117
8983,10.896,-4.518,1.500,-0.000,0.678,0.416,117
8984,10.900,-4.520,1.500,-0.000,0.530,0.332,117
8985,10.906,-4.524,1.500,-0.000,0.274,0.176,117
8986,10.913,-4.528,1.500,-0.000,0.014,0.007,117
8987,10.920,-4.532,1.500,-0.000,-0.174,-0.125,117
8988,10.926,-4.536,1.500,-0.000,-0.255,-0.192,117
8989,10.932,-4.539,1.500,-0.000,-0.236,-0.195,117
8990,10.937,-4.542,1.500,-0.000,-0.150,-0.147,117
8991,10.941,-4.544,1.501,-0.000,-0.044,-0.077,117
8992,10.945,-4.545,1.501,-0.000,0.046,-0.010,117
8993,10.949,-4.547,1.501,-0.000,0.095,0.035,117
8994,10.954,-4.549,1.501,-0.000,0.097,0.066,117
8995,10.959,-4.551,1.501,-0.000,0.067,0.065,117
8996,10.964,-4.553,1.501,-0.000,0.023,0.041,117
8997,10.969,-4.556,1.501,-0.000,-0.022,0.002,117
8998,10.974,-4.558,1.501,-0.000,-0.054,-0.033,117
8999,10.980,-4.560,1.501,-0.000,-0.066,-0.055,117
9000,10.984,-4.563,1.501,-0.000,-0.061,-0.061,117
9001,10.989,-4.565,1.501,-0.000,-0.045,-0.055,117
9002,10.994,-4.566,1.501,-0.000,-0.026,-0.042,117
9003,10.998,-4.568,1.501,-0.000,-0.010,-0.030,117
9004,11.002,-4.569,1.501,-0.000,-0.001,-0.019,117
9005,11.007,-4.571,1.501,-0.000,0.001,-0.013,117
9006,11.011,-4.572,1.501,-0.000,-0.002,-0.009,117
9007,11.015,-4.574,1.501,-0.000,-0.007,-0.007,117
9008,11.020,-4.575,1.501,-0.000,-0.011,-0.005,117
9009,11.024,-4.576,1.501,-0.000,-0.013,-0.003,117
9010,11.028,-4.578,1.501,-0.000,-0.014,-0.002,117
9011,11.033,-4.579,1.501,-0.000,-0.015,-0.001,117
9012,11.037,-4.580,1.501,-0.000,-0.014,-0.000,117
9013,11.041,-4.582,1.501,-0.000,-0.013,-0.000,117
9014,11.045,-4.583,1.501,-0.000,-0.011,0.001,117
9015,11.049,-4.584,1.501,-0.000,-0.010,0.000,117
9016,11.053,-4.586,1.501,-0.000,-0.010,-0.001,117
9017,11.057,-4.587,1.501,-0.000,-0.009,-0.001,117
9018,11.062,-4.588,1.501,-0.000,-0.009,0.000,117
9019,11.066,-4.590,1.501,-0.000,-0.009,0.001,117
9020,11.070,-4.591,1.501,-0.000,-0.007,0.002,117
9021,11.073,-4.592,1.501,-0.000,-0.006,0.004,117
9022,11.077,-4.594,1.501,-0.000,-0.006,0.005,117
9023,11.081,-4.595,1.501,-0.000,-0.004,0.006,117
9024,11.085,-4.597,1.501,-0.000,-0.004,0.007,117
9025,11.089,-4.598,1.501,-0.000,-0.004,0.006,117
9026,11.093,-4.599,1.501,-0.000,-0.005,0.004,117
9027,11.097,-4.601,1.501,-0.000,-0.007,0.002,117
9028,11.101,-4.602,1.501,-0.000,-0.009,-0.000,117
9029,11.105,-4.604,1.501,-0.000,-0.010,-0.002,117
9030,11.109,-4.605,1.501,-0.000,-0.011,-0.003,117
9031,11.112,-4.607,1.501,-0.000,-0.010,-0.002,117
9032,11.116,-4.608,1.501,-0.000,-0.008,-0.000,117
9033,11.120,-4.610,1.501,-0.000,-0.005,0.002,117
9034,11.124,-4.611,1.501,-0.000,-0.001,0.005,117
9035,11.128,-4.613,1.501,-0.000,0.002,0.006,117
9036,11.131,-4.614,1.501,-0.000,0.004,0.007,117
9037,11.135,-4.616,1.501,-0.000,0.003,0.006,117
9038,11.139,-4.618,1.501,-0.000,-0.001,0.003,117
9039,11.143,-4.619,1.501,-0.000,-0.005,0.000,117
9040,11.146,-4.621,1.501,-0.000,-0.010,-0.003,117
9041,11.150,-4.622,1.501,-0.000,-0.014,-0.006,117
9042,11.154,-4.624,1.501,-0.000,-0.015,-0.007,117
9043,11.158,-4.625,1.501,-0.000,-0.014,-0.006,117
9044,11.161,-4.627,1.501,-0.000,-0.012,-0.005,117
9045,11.165,-4.628,1.501,-0.000,-0.011,-0.004,117
9046,11.168,-4.630,1.501,-0.000,-0.013,-0.006,117
9047,11.172,-4.631,1.501,-0.000,-0.018,-0.011,117
9048,11.176,-4.633,1.501,-0.000,-0.026,-0.018,117
9049,11.179,-4.634,1.501,-0.000,-0.033,-0.025,117
9050,11.182,-4.636,1.501,-0.000,-0.040,-0.030,117
9051,11.185,-4.637,1.501,-0.000,-0.040,-0.031,117
9052,11.188,-4.638,1.501,-0.000,-0.037,-0.028,117
9053,11.191,-4.639,1.501,-0.000,-0.031,-0.023,117
9054,11.194,-4.640,1.501,-0.000,-0.022,-0.015,117
9055,11.197,-4.641,1.501,-0.000,-0.015,-0.008,117
9056,11.200,-4.642,1.501,-0.000,-0.009,-0.003,117
9057,11.202,-4.642,1.501,-0.000,-0.005,0.001,117
9058,11.205,-4.643,1.501,-0.000,-0.004,0.002,117
9059,11.208,-4.644,1.501,-0.000,-0.003,0.001,117
9060,11.210,-4.645,1.501,-0.000,-0.005,-0.000,117
9061,11.213,-4.646,1.501,-0.000,-0.007,-0.002,117
9062,11.215,-4.647,1.501,-0.000,-0.009,-0.004,117
9063,11.218,-4.648,1.501,-0.000,-0.011,-0.006,117
9064,11.221,-4.648,1.501,-0.000,-0.012,-0.006,117
9065,11.223,-4.649,1.501,-0.000,-0.011,-0.005,117
9066,11.225,-4.650,1.501,-0.000,-0.010,-0.003,117
9067,11.228,-4.651,1.501,-0.000,-0.008,-0.001,117
9068,11.230,-4.652,1.501,-0.000,-0.007,0.000,117
9069,11.233,-4.652,1.501,-0.000,-0.004,0.002,117
9070,11.235,-4.653,1.501,-0.000,-0.002,0.003,117
9071,11.238,-4.654,1.501,-0.000,-0.000,0.004,117
9072,11.240,-4.655,1.501,-0.000,0.001,0.004,117
9073,11.242,-4.656,1.501,-0.000,0.001,0.004,117
9074,11.245,-4.657,1.501,-0.000,-0.001,0.002,117
9075,11.247,-4.657,1.501,-0.000,-0.003,0.000,117
9076,11.250,-4.658,1.501,-0.000,-0.007,-0.003,117
9077,11.252,-4.659,1.501,-0.000,-0.008,-0.003,117
9078,11.254,-4.660,1.501,-0.000,-0.009,-0.004,117
9079,11.257,-4.661,1.501,-0.000,-0.008,-0.003,117
9080,11.259,-4.662,1.501,-0.000,-0.008,-0.002,117
9081,11.261,-4.662,1.501,-0.000,-0.005,-0.000,117
9082,11.264,-4.663,1.501,-0.000,-0.002,0.002,117
9083,11.266,-4.664,1.501,-0.000,-0.000,0.003,117
9084,11.268,-4.665,1.501,-0.000,-0.000,0.003,117
9085,11.270,-4.666,1.501,-0.000,-0.001,0.002,117
9086,11.273,-4.667,1.501,-0.000,-0.002,0.001,117
9087,11.275,-4.668,1.501,-0.000,-0.004,-0.001,117
9088,11.277,-4.668,1.501,-0.000,-0.005,-0.003,117
9089,11.279,-4.669,1.500,-0.000,-0.007,-0.005,117
9090,11.282,-4.670,1.500,-0.000,-0.008,-0.005,117
9091,11.284,-4.671,1.500,-0.000,-0.005,-0.005,117
9092,11.286,-4.672,1.500,-0.000,-0.002,-0.003,117
9093,11.288,-4.673,1.500,-0.000,0.003,-0.001,117
9094,11.290,-4.673,1.500,-0.000,0.005,0.001,117
9095,11.293,-4.674,1.500,-0.000,0.006,0.003,117
9096,11.295,-4.675,1.500,-0.000,0.004,0.003,117
9097,11.297,-4.676,1.500,-0.000,0.023,-0.098,117
9098,11.300,-4.676,1.500,-0.000,0.034,-0.165,117
9099,11.302,-4.676,1.500,-0.000,0.034,-0.175,117
9100,11.305,-4.676,1.500,-0.000,0.024,-0.137,117
9101,11.307,-4.674,1.500,-0.000,0.010,-0.076,117
9102,11.310,-4.673,1.500,-0.000,-0.002,-0.014,117
9103,11.313,-4.672,1.500,-0.000,-0.009,0.030,117
9104,11.315,-4.670,1.500,-0.000,-0.011,0.049,117
9105,11.318,-4.669,1.500,-0.000,-0.009,0.044,117
9106,11.321,-4.668,1.500,-0.000,-0.003,0.024,117
9107,11.323,-4.667,1.500,-0.000,0.003,-0.000,117
9108,11.326,-4.666,1.500,-0.000,0.010,-0.019,117
9109,11.329,-4.665,1.500,-0.000,0.011,-0.029,117
9110,11.331,-4.664,1.500,-0.000,0.010,-0.028,117
9111,11.334,-4.663,1.500,-0.000,0.005,-0.020,117
9112,11.337,-4.661,1.500,-0.000,-0.002,-0.008,117
9113,11.340,-4.660,1.500,-0.000,-0.008,0.003,117
9114,11.342,-4.659,1.500,-0.000,-0.010,0.009,117
9115,11.345,-4.657,1.500,-0.000,-0.009,0.011,117
9116,11.348,-4.656,1.500,-0.000,-0.007,0.009,117
9117,11.351,-4.655,1.500,-0.000,-0.005,0.005,117
9118,11.353,-4.654,1.500,-0.000,-0.003,-0.000,117
9119,11.356,-4.652,1.500,-0.000,-0.002,-0.004,117
9120,11.359,-4.651,1.500,-0.000,-0.001,-0.005,117
9121,11.361,-4.650,1.500,-0.000,-0.001,-0.005,117
9122,11.364,-4.649,1.500,-0.000,-0.125,0.208,117
9123,11.366,-4.648,1.500,-0.000,-0.208,0.349,117
9124,11.368,-4.649,1.500,-0.000,-0.218,0.367,117
9125,11.369,-4.650,1.501,-0.000,-0.171,0.284,117
9126,11.369,-4.653,1.501,-0.000,-0.095,0.151,117
9127,11.369,-4.656,1.501,-0.000,-0.018,0.018,117
9128,11.369,-4.660,1.501,-0.000,0.159,-0.290,117
9129,11.369,-4.662,1.501,-0.000,0.264,-0.470,117
9130,11.370,-4.663,1.501,-0.000,0.267,-0.476,117
9131,11.372,-4.663,1.501,-0.000,0.195,-0.351,117
9132,11.375,-4.661,1.501,-0.000,0.089,-0.166,117
9133,11.378,-4.658,1.501,-0.000,-0.011,0.008,117
9134,11.381,-4.656,1.501,-0.000,-0.076,0.123,117
9135,11.384,-4.654,1.501,-0.000,-0.219,0.392,117
9136,11.386,-4.653,1.501,-0.000,-0.282,0.516,117
9137,11.388,-4.654,1.501,-0.000,-0.254,0.470,117
9138,11.388,-4.656,1.501,-0.000,-0.166,0.309,117
9139,11.388,-4.660,1.501,-0.000,-0.060,0.109,117
9140,11.387,-4.664,1.501,-0.000,0.029,-0.059,117
9141,11.387,-4.668,1.501,-0.000,0.202,-0.388,117
9142,11.387,-4.670,1.501,-0.000,0.291,-0.559,117
9143,11.388,-4.671,1.501,-0.000,0.276,-0.534,117
9144,11.391,-4.670,1.501,-0.000,0.190,-0.371,117
9145,11.393,-4.668,1.501,-0.000,0.075,-0.154,117
9146,11.397,-4.665,1.501,-0.000,-0.026,0.038,117
9147,11.400,-4.662,1.501,-0.000,-0.088,0.156,117
9148,11.402,-4.659,1.501,-0.000,-0.225,0.437,117
9149,11.404,-4.658,1.501,-0.000,-0.282,0.561,117
9150,11.406,-4.659,1.501,-0.000,-0.250,0.503,117
9151,11.406,-4.662,1.501,-0.000,-0.160,0.325,117
9152,11.406,-4.666,1.501,-0.000,-0.055,0.111,117
9153,11.405,-4.670,1.501,-0.000,0.032,-0.066,117
9154,11.405,-4.674,1.501,-0.000,0.206,-0.422,117
9155,11.405,-4.677,1.501,-0.000,0.295,-0.606,117
9156,11.406,-4.677,1.501,-0.000,0.282,-0.579,117
9157,11.408,-4.676,1.501,-0.000,0.195,-0.403,117
9158,11.411,-4.674,1.501,-0.000,0.142,0.029,117
9159,11.415,-4.671,1.501,-0.000,0.080,0.365,117
9160,11.418,-4.669,1.501,-0.000,0.242,0.493,122
9161,11.423,-4.670,1.501,-0.000,0.203,0.656,122
9162,11.428,-4.672,1.502,-0.000,0.101,0.628,122
9163,11.434,-4.676,1.502,-0.000,-0.010,0.439,122
9164,11.439,-4.682,1.502,-0.000,-0.099,0.183,122
9165,11.445,-4.689,1.502,-0.000,-0.148,-0.047,122
9166,11.449,-4.696,1.502,-0.000,-0.154,-0.193,122
9167,11.454,-4.702,1.502,-0.000,-0.129,-0.235,122
9168,11.458,-4.707,1.502,-0.000,-0.087,-0.191,122
9169,11.461,-4.712,1.502,-0.000,-0.047,-0.101,122
9170,11.465,-4.716,1.503,-0.000,-0.018,-0.006,122
9171,11.468,-4.720,1.503,-0.000,-0.006,0.064,122
9172,11.471,-4.725,1.503,-0.000,-0.008,0.093,122
9173,11.474,-4.729,1.503,-0.000,-0.019,0.083,122
9174,11.478,-4.734,1.503,-0.000,-0.035,0.049,122
9175,11.481,-4.740,1.503,-0.000,-0.048,0.007,122
9176,11.484,-4.745,1.503,-0.000,-0.057,-0.027,122
9177,11.486,-4.750,1.503,-0.000,-0.059,-0.046,122
9178,11.489,-4.755,1.503,-0.000,-0.052,-0.048,122
9179,11.491,-4.760,1.503,-0.000,-0.040,-0.038,122
9180,11.494,-4.765,1.503,-0.000,-0.028,-0.021,122
9181,11.496,-4.770,1.504,-0.000,-0.018,-0.006,122
9182,11.498,-4.774,1.504,-0.000,-0.012,0.005,122
9183,11.500,-4.779,1.504,-0.000,-0.010,0.009,122
9184,11.502,-4.784,1.504,-0.000,-0.010,0.008,122
9185,11.504,-4.789,1.504,-0.000,-0.013,0.003,122
9186,11.506,-4.794,1.504,-0.000,-0.016,-0.003,122
9187,11.508,-4.798,1.504,-0.000,-0.017,-0.008,122
9188,11.510,-4.803,1.504,-0.000,-0.016,-0.011,122
9189,11.511,-4.808,1.504,-0.000,-0.014,-0.010,122
9190,11.513,-4.813,1.504,-0.000,-0.011,-0.009,122
9191,11.515,-4.817,1.504,-0.000,-0.008,-0.006,122
9192,11.517,-4.822,1.504,-0.000,-0.006,-0.004,122
9193,11.518,-4.827,1.504,-0.000,-0.004,-0.002,122
9194,11.520,-4.832,1.504,-0.000,-0.002,0.000,122
9195,11.522,-4.836,1.504,-0.000,-0.003,0.002,122
9196,11.523,-4.841,1.504,-0.000,-0.003,0.002,122
9197,11.525,-4.846,1.504,-0.000,-0.005,0.001,122
9198,11.526,-4.851,1.504,-0.000,-0.008,-0.001,122
9199,11.528,-4.855,1.504,-0.000,-0.010,-0.003,122
9200,11.530,-4.860,1.504,-0.000,-0.010,-0.004,122
9201,11.531,-4.865,1.504,-0.000,-0.007,-0.005,122
9202,11.533,-4.870,1.504,-0.000,-0.005,-0.005,122
9203,11.534,-4.874,1.504,-0.000,-0.001,-0.004,122
9204,11.536,-4.879,1.504,-0.000,0.001,-0.004,122
9205,11.537,-4.884,1.504,-0.000,0.002,-0.002,122
9206,11.539,-4.889,1.504,-0.000,0.001,-0.002,122
9207,11.540,-4.893,1.504,-0.000,0.000,-0.002,122
9208,11.542,-4.898,1.504,-0.000,-0.001,-0.002,122
9209,11.543,-4.903,1.504,-0.000,-0.001,-0.004,122
9210,11.545,-4.908,1.504,-0.000,0.000,-0.006,122
9211,11.546,-4.912,1.504,-0.000,0.004,-0.007,122
9212,11.548,-4.917,1.504,-0.000,0.006,-0.008,122
9213,11.549,-4.922,1.504,-0.000,0.009,-0.007,122
9214,11.551,-4.927,1.504,-0.000,0.008,-0.007,122
9215,11.552,-4.931,1.504,-0.000,0.006,-0.005,122
9216,11.554,-4.936,1.504,-0.000,0.002,-0.004,122
9217,11.556,-4.940,1.504,-0.000,-0.002,-0.003,122
9218,11.557,-4.945,1.504,-0.000,-0.005,-0.002,122
9219,11.559,-4.950,1.504,-0.000,-0.006,-0.003,122
9220,11.561,-4.954,1.504,-0.000,-0.004,-0.003,122
9221,11.562,-4.959,1.504,-0.000,-0.002,-0.004,122
9222,11.564,-4.964,1.505,-0.000,0.001,-0.004,122
9223,11.566,-4.968,1.505,-0.000,0.002,-0.004,122
9224,11.567,-4.973,1.505,-0.000,0.002,-0.004,122
9225,11.569,-4.978,1.505,-0.000,0.001,-0.004,122
9226,11.570,-4.982,1.505,-0.000,-0.001,-0.004,122
9227,11.572,-4.987,1.505,-0.000,-0.000,-0.005,122
9228,11.574,-4.991,1.505,-0.000,-0.000,-0.005,122
9229,11.575,-4.996,1.505,-0.000,0.000,-0.005,122
9230,11.577,-5.001,1.505,-0.000,-0.000,-0.005,122
9231,11.579,-5.005,1.505,-0.000,-0.000,-0.004,122
9232,11.580,-5.010,1.505,-0.000,-0.001,-0.004,122
9233,11.582,-5.014,1.505,-0.000,-0.002,-0.004,122
9234,11.584,-5.019,1.505,-0.000,-0.003,-0.004,122
9235,11.585,-5.023,1.505,-0.000,-0.004,-0.004,122
9236,11.587,-5.028,1.505,-0.000,-0.003,-0.004,122
9237,11.588,-5.033,1.505,-0.000,-0.002,-0.004,122
9238,11.590,-5.037,1.505,-0.000,-0.001,-0.004,122
9239,11.592,-5.042,1.505,-0.000,-0.001,-0.003,122
9240,11.593,-5.046,1.505,-0.000,-0.001,-0.003,122
9241,11.595,-5.051,1.505,-0.000,-0.001,-0.003,122
9242,11.597,-5.055,1.505,-0.000,-0.002,-0.003,122
9243,11.598,-5.060,1.505,-0.000,-0.003,-0.003,122
9244,11.600,-5.064,1.505,-0.000,-0.003,-0.003,122
9245,11.601,-5.069,1.505,-0.000,-0.003,-0.003,122
9246,11.603,-5.073,1.505,-0.000,-0.003,-0.003,122
9247,11.604,-5.078,1.505,-0.000,-0.002,-0.003,122
9248,11.606,-5.082,1.505,-0.000,-0.001,-0.003,122
9249,11.608,-5.087,1.505,-0.000,-0.000,-0.003,122
9250,11.609,-5.091,1.505,-0.000,-0.001,-0.003,122
9251,11.611,-5.096,1.505,-0.000,-0.002,-0.003,122
9252,11.612,-5.101,1.505,-0.000,-0.003,-0.002,122
9253,11.614,-5.105,1.505,-0.000,-0.004,-0.002,122
9254,11.615,-5.110,1.505,-0.000,-0.004,-0.002,122
9255,11.617,-5.114,1.505,-0.000,-0.003,-0.001,122
9256,11.618,-5.119,1.505,-0.000,-0.001,-0.001,122
9257,11.620,-5.123,1.505,-0.000,0.000,-0.001,122
9258,11.622,-5.128,1.505,-0.000,0.001,-0.001,122
9259,11.623,-5.132,1.505,-0.000,0.000,-0.002,122
9260,11.625,-5.137,1.505,-0.000,-0.001,-0.003,122
9261,11.626,-5.141,1.505,-0.000,-0.004,-0.003,122
9262,11.628,-5.146,1.505,-0.000,-0.005,-0.003,122
9263,11.629,-5.150,1.505,-0.000,-0.005,-0.002,122
9264,11.631,-5.155,1.505,-0.000,-0.003,-0.002,122
9265,11.632,-5.159,1.505,-0.000,-0.001,-0.002,122
9266,11.634,-5.164,1.505,-0.000,-0.001,-0.002,122
9267,11.635,-5.169,1.505,-0.000,-0.002,-0.002,122
9268,11.637,-5.173,1.505,-0.000,-0.002,-0.002,122
9269,11.638,-5.178,1.505,-0.000,-0.003,-0.003,122
9270,11.640,-5.182,1.505,-0.000,-0.003,-0.003,122
9271,11.641,-5.187,1.505,-0.000,-0.003,-0.003,122
9272,11.643,-5.191,1.505,-0.000,-0.004,-0.004,122
9273,11.644,-5.196,1.505,-0.000,-0.001,-0.015,122
9274,11.645,-5.200,1.505,-0.000,0.000,-0.024,122
9275,11.647,-5.205,1.505,-0.000,-0.000,-0.029,122
9276,11.648,-5.209,1.505,-0.000,-0.003,-0.028,122
9277,11.650,-5.213,1.505,-0.000,-0.004,-0.025,122
9278,11.651,-5.217,1.505,-0.000,-0.019,-0.016,122
9279,11.653,-5.221,1.505,-0.000,-0.029,-0.009,122
9280,11.654,-5.226,1.505,-0.000,-0.029,-0.005,122
9281,11.655,-5.230,1.505,-0.000,-0.022,-0.005,122
9282,11.656,-5.234,1.505,-0.000,-0.010,-0.009,122
9283,11.657,-5.238,1.505,-0.000,0.002,-0.012,122
9284,11.658,-5.242,1.505,-0.000,0.010,-0.016,122
9285,11.659,-5.246,1.505,-0.000,0.014,-0.018,122
9286,11.661,-5.250,1.505,-0.000,0.013,-0.018,122
9287,11.662,-5.253,1.505,-0.000,0.008,-0.016,122
9288,11.663,-5.257,1.505,-0.000,0.002,-0.015,122
9289,11.664,-5.261,1.505,-0.000,-0.003,-0.013,122
9290,11.665,-5.265,1.505,-0.000,-0.005,-0.012,122
9291,11.667,-5.268,1.505,-0.000,-0.005,-0.012,122
9292,11.668,-5.272,1.505,-0.000,-0.003,-0.012,122
9293,11.669,-5.276,1.505,-0.000,-0.002,-0.013,122
9294,11.670,-5.279,1.505,-0.000,-0.000,-0.014,122
9295,11.672,-5.283,1.505,-0.000,-0.000,-0.014,122
9296,11.673,-5.286,1.505,-0.000,-0.001,-0.014,122
9297,11.674,-5.290,1.505,-0.000,-0.003,-0.014,122
9298,11.675,-5.293,1.505,-0.000,-0.004,-0.014,122
9299,11.676,-5.296,1.505,-0.000,-0.005,-0.014,122
9300,11.677,-5.300,1.505,-0.000,-0.005,-0.014,122
9301,11.679,-5.303,1.505,-0.000,-0.006,-0.014,122
9302,11.680,-5.306,1.505,-0.000,-0.006,-0.013,122
9303,11.681,-5.309,1.505,-0.000,-0.006,-0.013,122
9304,11.682,-5.312,1.505,-0.000,-0.006,-0.014,122
9305,11.683,-5.316,1.505,-0.000,-0.004,-0.013,122
9306,11.684,-5.319,1.504,-0.000,-0.003,-0.014,122
9307,11.685,-5.322,1.504,-0.000,-0.003,-0.014,122
9308,11.686,-5.325,1.504,-0.000,-0.005,-0.014,122
9309,11.687,-5.328,1.504,-0.000,-0.006,-0.014,122
9310,11.688,-5.331,1.504,-0.000,-0.006,-0.013,122
9311,11.689,-5.333,1.504,-0.000,-0.005,-0.012,122
9312,11.690,-5.336,1.504,-0.000,-0.005,-0.012,122
9313,11.691,-5.339,1.504,-0.000,-0.005,-0.012,122
9314,11.692,-5.342,1.504,-0.000,-0.007,-0.012,122
9315,11.693,-5.344,1.504,-0.000,-0.008,-0.013,122
9316,11.694,-5.347,1.504,-0.000,-0.009,-0.012,122
9317,11.695,-5.350,1.504,-0.000,-0.011,-0.013,122
9318,11.696,-5.352,1.504,-0.000,-0.011,-0.012,122
9319,11.697,-5.355,1.504,-0.000,-0.010,-0.012,122
9320,11.697,-5.357,1.504,-0.000,-0.007,-0.012,122
9321,11.698,-5.360,1.504,-0.000,-0.005,-0.012,122
9322,11.699,-5.362,1.504,-0.000,-0.003,-0.012,122
9323,11.700,-5.365,1.504,-0.000,-0.002,-0.012,122
9324,11.700,-5.367,1.504,-0.000,-0.003,-0.012,122
9325,11.701,-5.369,1.504,-0.000,-0.003,-0.012,122
9326,11.702,-5.372,1.504,-0.000,-0.004,-0.013,122
9327,11.702,-5.374,1.504,-0.000,-0.003,-0.012,122
9328,11.703,-5.376,1.504,-0.000,-0.004,-0.012,122
9329,11.704,-5.378,1.504,-0.000,-0.004,-0.011,122
9330,11.704,-5.381,1.504,-0.000,-0.005,-0.011,122
9331,11.705,-5.383,1.504,-0.000,-0.003,-0.010,122
9332,11.706,-5.385,1.504,-0.000,-0.003,-0.010,122
9333,11.706,-5.387,1.504,-0.000,-0.003,-0.009,122
9334,11.707,-5.389,1.504,-0.000,-0.002,-0.009,122
9335,11.707,-5.391,1.504,-0.000,-0.001,-0.009,122
9336,11.708,-5.393,1.504,-0.000,-0.003,-0.009,122
9337,11.709,-5.395,1.504,-0.000,-0.005,-0.009,122
9338,11.709,-5.397,1.504,-0.000,-0.008,-0.009,122
9339,11.710,-5.399,1.504,-0.000,-0.009,-0.009,122
9340,11.710,-5.400,1.504,-0.000,-0.010,-0.008,122
9341,11.711,-5.402,1.504,-0.000,-0.009,-0.008,122
9342,11.711,-5.404,1.504,-0.000,-0.007,-0.009,122
9343,11.712,-5.406,1.504,-0.000,-0.004,-0.009,122
9344,11.712,-5.408,1.504,-0.000,-0.002,-0.009,122
9345,11.712,-5.409,1.504,-0.000,-0.002,-0.009,122
9346,11.713,-5.411,1.504,-0.000,-0.004,-0.009,122
9347,11.713,-5.413,1.504,-0.000,-0.006,-0.009,122
9348,11.714,-5.414,1.504,-0.000,-0.008,-0.008,122
9349,11.714,-5.416,1.504,-0.000,-0.006,-0.009,122
9350,11.714,-5.418,1.504,-0.000,-0.002,-0.009,122
9351,11.715,-5.419,1.504,-0.000,0.001,-0.010,122
9352,11.715,-5.421,1.504,-0.000,0.001,-0.009,122
9353,11.715,-5.422,1.504,-0.000,-0.000,-0.008,122
9354,11.715,-5.424,1.504,-0.000,-0.002,-0.007,122
9355,11.716,-5.425,1.504,-0.000,-0.003,-0.006,122
9356,11.716,-5.427,1.504,-0.000,-0.004,-0.006,122
9357,11.716,-5.428,1.504,-0.000,-0.004,-0.007,122
9358,11.717,-5.429,1.504,-0.000,-0.004,-0.007,122
9359,11.717,-5.431,1.504,-0.000,-0.003,-0.008,122
9360,11.717,-5.432,1.504,-0.000,-0.002,-0.008,122
9361,11.717,-5.433,1.504,-0.000,-0.001,-0.007,122
9362,11.718,-5.435,1.504,-0.000,-0.001,-0.006,122
9363,11.718,-5.436,1.504,-0.000,-0.002,-0.005,122
9364,11.718,-5.437,1.504,-0.000,-0.002,-0.004,122
9365,11.718,-5.439,1.504,-0.000,-0.002,-0.004,122
9366,11.719,-5.440,1.504,-0.000,-0.001,-0.005,122
9367,11.719,-5.441,1.504,-0.000,-0.001,-0.005,122
9368,11.719,-5.442,1.504,-0.000,-0.000,-0.004,122
9369,11.719,-5.444,1.504,-0.000,0.000,-0.005,122
9370,11.720,-5.445,1.504,-0.000,0.001,-0.005,122
9371,11.720,-5.446,1.504,-0.000,-0.000,-0.006,122
9372,11.720,-5.447,1.504,-0.000,-0.000,-0.005,122
9373,11.720,-5.448,1.504,-0.000,-0.000,-0.006,122
9374,11.721,-5.449,1.504,-0.000,0.001,-0.006,122
9375,11.721,-5.450,1.504,-0.000,0.001,-0.006,122
9376,11.721,-5.452,1.504,-0.000,0.002,-0.007,122
9377,11.721,-5.453,1.504,-0.000,0.002,-0.006,122
9378,11.721,-5.454,1.504,-0.000,-0.001,-0.006,122
9379,11.722,-5.455,1.504,-0.000,-0.001,-0.005,122
9380,11.722,-5.456,1.504,-0.000,-0.003,-0.005,122
9381,11.722,-5.457,1.504,-0.000,-0.003,-0.005,122
9382,11.722,-5.458,1.504,-0.000,-0.002,-0.004,122
9383,11.723,-5.459,1.504,-0.000,-0.001,-0.005,122
9384,11.723,-5.460,1.504,-0.000,-0.001,-0.005,122
9385,11.723,-5.461,1.504,-0.000,-0.002,-0.004,122
9386,11.723,-5.461,1.504,-0.000,-0.005,-0.005,122
9387,11.723,-5.462,1.504,-0.000,-0.005,-0.006,122
9388,11.724,-5.463,1.504,-0.000,-0.005,-0.005,122
9389,11.724,-5.464,1.504,-0.000,-0.003,-0.005,122
9390,11.724,-5.465,1.504,-0.000,-0.002,-0.004,122
9391,11.724,-5.466,1.504,-0.000,-0.001,-0.003,122
9392,11.724,-5.467,1.504,-0.000,0.000,-0.003,122
9393,11.724,-5.467,1.504,-0.000,0.000,-0.003,122
9394,11.724,-5.468,1.504,-0.000,-0.000,-0.004,122
9395,11.725,-5.469,1.504,-0.000,-0.001,-0.004,122
9396,11.725,-5.470,1.504,-0.000,-0.002,-0.004,122
9397,11.725,-5.471,1.504,-0.000,-0.003,-0.004,122
9398,11.725,-5.471,1.504,-0.000,-0.001,-0.005,122
9399,11.725,-5.472,1.504,-0.000,0.001,-0.005,122
9400,11.725,-5.473,1.504,-0.000,0.003,-0.006,122
9401,11.725,-5.474,1.504,-0.000,0.005,-0.005,122
9402,11.725,-5.474,1.504,-0.000,0.004,-0.005,122
9403,11.726,-5.475,1.504,-0.000,0.003,-0.005,122
9404,11.726,-5.476,1.504,-0.000,0.001,-0.004,122
9405,11.726,-5.476,1.504,-0.000,-0.001,-0.003,122
9406,11.726,-5.477,1.504,-0.000,-0.004,-0.003,122
9407,11.726,-5.478,1.504,-0.000,-0.004,-0.002,122
9408,11.726,-5.478,1.504,-0.000,-0.004,-0.002,122
9409,11.727,-5.479,1.504,-0.000,-0.001,-0.002,122
9410,11.727,-5.479,1.504,-0.000,-0.001,-0.003,122
9411,11.727,-5.480,1.504,-0.000,-0.000,-0.004,122
9412,11.727,-5.481,1.504,-0.000,0.000,-0.005,122
9413,11.727,-5.481,1.504,-0.000,-0.001,-0.005,122
9414,11.727,-5.482,1.504,-0.000,-0.002,-0.003,122
9415,11.727,-5.482,1.504,-0.000,-0.002,-0.003,122
9416,11.727,-5.483,1.504,-0.000,-0.003,-0.002,122
9417,11.727,-5.483,1.504,-0.000,-0.003,-0.003,122
9418,11.727,-5.484,1.504,-0.000,-0.002,-0.002,122
9419,11.728,-5.484,1.504,-0.000,-0.001,-0.002,122
9420,11.728,-5.485,1.504,-0.000,-0.001,-0.003,122
9421,11.728,-5.485,1.504,-0.000,-0.000,-0.003,122
9422,11.728,-5.486,1.504,-0.000,-0.000,-0.002,122
9423,11.728,-5.486,1.504,-0.000,-0.001,-0.002,122
9424,11.728,-5.487,1.504,-0.000,-0.001,-0.002,122
9425,11.728,-5.487,1.504,-0.000,-0.001,-0.002,122
9426,11.728,-5.488,1.504,-0.000,-0.001,-0.002,122
9427,11.728,-5.488,1.504,-0.000,-0.002,-0.002,122
9428,11.728,-5.489,1.504,-0.000,-0.002,-0.002,122
9429,11.728,-5.489,1.504,-0.000,-0.001,-0.001,122
9430,11.728,-5.490,1.504,-0.000,-0.000,-0.002,122
9431,11.728,-5.490,1.504,-0.000,0.000,-0.002,122
9432,11.728,-5.490,1.504,-0.000,0.001,-0.003,122
9433,11.728,-5.491,1.504,-0.000,0.000,-0.004,122
9434,11.728,-5.491,1.504,-0.000,0.000,-0.003,122
9435,11.728,-5.492,1.504,-0.000,-0.002,-0.003,122
9436,11.728,-5.492,1.504,-0.000,-0.002,-0.001,122
9437,11.728,-5.493,1.504,-0.000,-0.003,-0.002,122
9438,11.728,-5.493,1.504,-0.000,-0.003,-0.002,122
9439,11.728,-5.493,1.504,-0.000,-0.003,-0.001,122
9440,11.728,-5.494,1.504,-0.000,-0.002,-0.001,122
9441,11.728,-5.494,1.504,-0.000,-0.004,-0.000,122
9442,11.728,-5.494,1.504,-0.000,-0.004,0.000,122
9443,11.728,-5.495,1.504,-0.000,-0.002,0.000,122
9444,11.728,-5.495,1.504,-0.000,0.001,0.000,122
9445,11.728,-5.496,1.504,-0.000,0.002,-0.000,122
9446,11.728,-5.496,1.504,-0.000,0.002,-0.002,122
9447,11.728,-5.496,1.504,-0.000,0.001,-0.002,122
9448,11.728,-5.497,1.504,-0.000,0.001,-0.003,122
9449,11.728,-5.497,1.504,-0.000,0.001,-0.005,122
9450,11.728,-5.497,1.504,-0.000,0.001,-0.005,122
9451,11.728,-5.498,1.504,-0.000,0.000,-0.005,122
9452,11.728,-5.498,1.504,-0.000,0.000,-0.004,122
9453,11.728,-5.498,1.504,-0.000,-0.000,-0.003,122
9454,11.728,-5.498,1.504,-0.000,-0.000,-0.002,122
9455,11.728,-5.499,1.504,-0.000,-0.001,-0.002,122
9456,11.728,-5.499,1.504,-0.000,-0.001,-0.001,122
9457,11.728,-5.499,1.504,-0.000,-0.000,-0.001,122
9458,11.728,-5.500,1.504,-0.000,-0.000,-0.001,122
9459,11.728,-5.500,1.504,-0.000,0.000,-0.002,122
9460,11.728,-5.500,1.504,-0.000,0.001,-0.002,122
9461,11.728,-5.500,1.504,-0.000,0.000,-0.002,122
9462,11.728,-5.501,1.504,-0.000,-0.001,-0.002,122
9463,11.728,-5.501,1.504,-0.000,-0.001,-0.002,122
9464,11.728,-5.501,1.504,-0.000,-0.001,-0.001,122
9465,11.728,-5.501,1.504,-0.000,-0.000,-0.001,122
9466,11.728,-5.501,1.504,-0.000,0.000,-0.001,122
9467,11.728,-5.502,1.504,-0.000,0.001,-0.001,122
9468,11.728,-5.502,1.504,-0.000,0.001,-0.001,122
9469,11.728,-5.502,1.504,-0.000,0.001,-0.001,122
9470,11.728,-5.502,1.504,-0.000,0.001,-0.001,122
9471,11.728,-5.502,1.504,-0.000,0.000,-0.001,122
9472,11.728,-5.503,1.504,-0.000,0.000,-0.002,122
9473,11.728,-5.503,1.504,-0.000,0.000,-0.001,122
9474,11.728,-5.503,1.504,-0.000,0.000,-0.001,122
9475,11.728,-5.503,1.504,-0.000,-0.000,-0.001,122
9476,11.728,-5.503,1.504,-0.000,0.000,-0.001,122
9477,11.728,-5.504,1.504,-0.000,0.001,-0.000,122
9478,11.728,-5.504,1.504,-0.000,0.000,-0.001,122
9479,11.728,-5.504,1.504,-0.000,-0.000,-0.001,122
9480,11.728,-5.504,1.504,-0.000,0.001,-0.001,122
9481,11.728,-5.504,1.504,-0.000,0.000,-0.001,122
9482,11.728,-5.504,1.504,-0.000,0.000,-0.001,122
9483,11.728,-5.505,1.504,-0.000,-0.000,-0.001,122
9484,11.728,-5.505,1.504,-0.000,-0.000,-0.001,122
9485,11.728,-5.505,1.504,-0.000,-0.000,-0.000,122
9486,11.728,-5.505,1.504,-0.000,-0.000,-0.001,122
9487,11.728,-5.505,1.504,-0.000,0.000,-0.001,122
9488,11.728,-5.505,1.504,-0.000,-0.000,-0.000,122
9489,11.728,-5.506,1.504,-0.000,0.000,-0.001,122
9490,11.728,-5.506,1.504,-0.000,0.001,-0.001,122
9491,11.728,-5.506,1.504,-0.000,0.000,-0.000,122
9492,11.728,-5.506,1.504,-0.000,0.003,-0.002,122
9493,11.728,-5.506,1.504,-0.000,0.005,-0.002,122
9494,11.728,-5.506,1.504,-0.000,0.005,-0.002,122
9495,11.728,-5.506,1.504,-0.000,0.004,-0.002,122
9496,11.728,-5.506,1.504,-0.000,0.003,-0.001,122
9497,11.728,-5.507,1.504,-0.000,-0.002,-0.006,122
9498,11.728,-5.507,1.504,-0.000,-0.005,-0.009,122
9499,11.728,-5.507,1.504,-0.000,-0.006,-0.009,122
9500,11.728,-5.507,1.504,-0.000,-0.003,-0.001,122
9501,11.728,-5.507,1.504,-0.000,-0.001,0.000,122
9502,11.728,-5.507,1.504,-0.000,0.003,0.007,122
9503,11.728,-5.507,1.504,-0.000,0.003,0.004,122
9504,11.728,-5.507,1.504,-0.000,0.003,0.006,122
9505,11.728,-5.507,1.504,-0.000,0.002,0.002,122
9506,11.728,-5.507,1.504,-0.000,0.001,0.003,122
9507,11.728,-5.507,1.504,-0.000,-0.001,-0.001,122
9508,11.728,-5.507,1.504,-0.000,0.000,0.001,122
9509,11.728,-5.507,1.504,-0.000,0.001,0.005,122
9510,11.728,-5.508,1.504,-0.000,0.000,0.006,122
9511,11.728,-5.508,1.504,-0.000,0.001,0.006,122
9512,11.728,-5.508,1.504,-0.000,-0.000,0.004,122
9513,11.728,-5.508,1.504,-0.000,-0.001,0.002,122
9514,11.728,-5.508,1.504,-0.000,-0.002,-0.006,122
9515,11.728,-5.508,1.504,-0.000,-0.002,-0.011,122
9516,11.728,-5.508,1.504,-0.000,-0.002,-0.013,122
9517,11.728,-5.509,1.504,-0.000,-0.002,-0.010,122
9518,11.728,-5.509,1.504,-0.000,-0.000,-0.005,122
9519,11.728,-5.509,1.504,-0.000,0.000,-0.001,122
9520,11.728,-5.509,1.504,-0.000,0.001,0.004,122
9521,11.728,-5.509,1.504,-0.000,0.001,0.005,122
9522,11.728,-5.509,1.504,-0.000,0.001,0.004,122
9523,11.729,-5.509,1.504,-0.000,0.000,0.002,122
9524,11.729,-5.509,1.504,-0.000,0.000,0.001,122
9525,11.729,-5.509,1.504,-0.000,-0.000,-0.001,122
9526,11.729,-5.509,1.504,-0.000,-0.001,-0.003,122
9527,11.729,-5.509,1.504,-0.000,-0.001,-0.003,122
9528,11.729,-5.509,1.504,-0.000,-0.001,-0.004,122
9529,11.729,-5.509,1.504,-0.000,-0.001,-0.003,122
9530,11.729,-5.509,1.504,-0.000,-0.001,-0.002,122
9531,11.729,-5.509,1.504,-0.000,-0.000,-0.000,122
9532,11.729,-5.509,1.504,-0.000,-0.001,-0.001,122
9533,11.729,-5.509,1.504,-0.000,0.000,0.001,122
9534,11.729,-5.509,1.504,-0.000,0.000,0.001,122
9535,11.729,-5.509,1.504,-0.000,0.000,0.001,122
9536,11.729,-5.509,1.504,-0.000,0.000,0.001,122
9537,11.729,-5.509,1.504,-0.000,0.000,0.000,122
9538,11.729,-5.509,1.504,-0.000,0.000,0.000,122
9539,11.729,-5.509,1.504,-0.000,-0.000,-0.001,122
9540,11.729,-5.509,1.504,-0.000,0.000,0.000,122
9541,11.729,-5.509,1.504,-0.000,-0.000,-0.000,122
9542,11.729,-5.510,1.504,-0.000,-0.000,-0.000,122
9543,11.729,-5.510,1.504,-0.000,0.001,0.001,122
9544,11.729,-5.510,1.504,-0.000,0.000,0.000,122
9545,11.729,-5.510,1.504,-0.000,0.000,0.000,122
9546,11.729,-5.510,1.504,-0.000,0.000,0.001,122
9547,11.729,-5.510,1.504,-0.000,-0.000,-0.000,122
9548,11.729,-5.510,1.504,-0.000,0.000,0.000,122
9549,11.729,-5.510,1.504,-0.000,0.000,0.000,122
9550,11.729,-5.510,1.504,-0.000,-0.000,-0.001,122
9551,11.729,-5.510,1.504,-0.000,0.000,0.000,122
9552,11.729,-5.510,1.504,-0.000,-0.000,-0.000,122
9553,11.729,-5.510,1.504,-0.000,0.000,0.000,122
9554,11.729,-5.510,1.504,-0.000,0.000,0.000,122
9555,11.729,-5.510,1.504,-0.000,0.000,0.001,122
9556,11.729,-5.510,1.504,-0.000,-0.009,0.009,122
9557,11.729,-5.510,1.504,-0.000,-0.012,0.013,122
9558,11.729,-5.510,1.504,-0.000,-0.007,0.011,122
9559,11.729,-5.510,1.504,-0.000,0.002,0.001,122
9560,11.729,-5.511,1.504,-0.000,0.008,-0.008,122
9561,11.729,-5.511,1.504,-0.000,0.011,-0.012,122
9562,11.729,-5.511,1.504,-0.000,0.010,-0.012,122
9563,11.729,-5.511,1.504,-0.000,0.006,-0.009,122
9564,11.729,-5.511,1.504,-0.000,0.001,-0.004,122
9565,11.729,-5.511,1.504,-0.000,-0.002,0.001,122
9566,11.729,-5.511,1.504,-0.000,-0.004,0.003,122
9567,11.729,-5.511,1.504,-0.000,-0.004,0.004,122
9568,11.729,-5.511,1.504,-0.000,-0.003,0.002,122
9569,11.729,-5.511,1.504,-0.000,-0.001,0.002,122
9570,11.729,-5.511,1.504,-0.000,0.001,-0.000,122
9571,11.729,-5.511,1.504,-0.000,0.002,-0.001,122
9572,11.729,-5.511,1.504,-0.000,0.002,-0.001,122
9573,11.729,-5.511,1.504,-0.000,0.002,-0.001,122
9574,11.729,-5.511,1.504,-0.000,0.001,-0.001,122
9575,11.729,-5.511,1.504,-0.000,0.000,0.000,122
9576,11.729,-5.511,1.504,-0.000,-0.000,0.001,122
9577,11.729,-5.511,1.504,-0.000,-0.001,0.001,122
9578,11.729,-5.511,1.504,-0.000,-0.000,0.002,122
9579,11.729,-5.511,1.504,-0.000,-0.000,0.001,122
9580,11.729,-5.512,1.504,-0.000,-0.000,-0.000,122
9581,11.729,-5.512,1.504,-0.000,0.000,0.000,122
9582,11.729,-5.512,1.504,-0.000,0.000,-0.000,122
9583,11.729,-5.512,1.504,-0.000,0.000,-0.001,122
9584,11.729,-5.512,1.504,-0.000,-0.000,-0.001,122
9585,11.729,-5.512,1.504,-0.000,0.000,0.000,122
9586,11.729,-5.512,1.504,-0.000,0.001,0.001,122
9587,11.729,-5.512,1.504,-0.000,0.001,0.002,122
9588,11.730,-5.512,1.504,-0.000,0.002,0.004,122
9589,11.730,-5.512,1.504,-0.000,0.002,0.005,122
9590,11.730,-5.512,1.504,-0.000,0.003,0.005,122
9591,11.730,-5.512,1.504,-0.000,0.003,0.006,122
9592,11.730,-5.512,1.504,-0.000,0.003,0.006,122
9593,11.730,-5.513,1.504,-0.000,0.004,0.008,122
9594,11.730,-5.513,1.504,-0.000,0.004,0.007,122
9595,11.730,-5.513,1.504,-0.000,0.004,0.008,122
9596,11.730,-5.513,1.504,-0.000,0.004,0.007,122
9597,11.730,-5.513,1.504,-0.000,0.004,0.008,122
9598,11.730,-5.514,1.504,-0.000,0.004,0.008,122
9599,11.731,-5.514,1.504,-0.000,0.004,0.008,122
9600,11.731,-5.514,1.504,-0.000,0.004,0.008,122
9601,11.731,-5.515,1.504,-0.000,0.003,0.007,122
9602,11.731,-5.515,1.504,-0.000,0.002,0.004,122
9603,11.731,-5.516,1.504,-0.000,0.000,0.001,122
9604,11.731,-5.516,1.504,-0.000,-0.001,-0.002,122
9605,11.732,-5.516,1.504,-0.000,-0.003,-0.005,122
9606,11.732,-5.517,1.504,-0.000,-0.003,-0.006,122
9607,11.732,-5.517,1.504,-0.000,-0.001,-0.003,122
9608,11.732,-5.518,1.504,-0.000,0.001,0.003,122
9609,11.732,-5.518,1.504,-0.000,0.005,0.010,122
9610,11.733,-5.518,1.504,-0.000,0.008,0.017,122
9611,11.733,-5.519,1.504,-0.000,0.010,0.020,122
9612,11.733,-5.519,1.504,-0.000,0.010,0.020,122
9613,11.733,-5.520,1.504,-0.000,0.007,0.015,122
9614,11.734,-5.521,1.504,-0.000,0.002,0.005,122
9615,11.734,-5.521,1.504,-0.000,-0.003,-0.006,122
9616,11.734,-5.522,1.504,-0.000,-0.008,-0.015,122
9617,11.735,-5.523,1.504,-0.000,-0.011,-0.022,122
9618,11.735,-5.523,1.504,-0.000,-0.011,-0.023,122
9619,11.735,-5.524,1.504,-0.000,-0.009,-0.017,122
9620,11.735,-5.524,1.504,-0.000,-0.003,-0.007,122
9621,11.735,-5.524,1.504,-0.000,0.003,0.006,122
9622,11.736,-5.525,1.504,-0.000,0.008,0.017,122
9623,11.736,-5.525,1.504,-0.000,-0.016,0.027,122
9624,11.736,-5.526,1.504,-0.000,-0.042,0.027,122
9625,11.736,-5.526,1.504,-0.000,-0.053,0.022,122
9626,11.736,-5.527,1.504,-0.000,-0.047,0.012,122
9627,11.736,-5.528,1.504,-0.000,-0.030,-0.001,122
9628,11.735,-5.529,1.504,-0.000,-0.010,-0.014,122
9629,11.735,-5.529,1.504,-0.000,0.008,-0.022,122
9630,11.734,-5.530,1.504,-0.000,0.021,-0.028,122
9631,11.734,-5.531,1.504,-0.000,0.023,-0.025,122
9632,11.733,-5.531,1.504,-0.000,0.017,-0.014,122
9633,11.733,-5.531,1.504,-0.000,0.005,0.000,122
9634,11.733,-5.532,1.504,-0.000,-0.009,0.017,122
9635,11.733,-5.532,1.504,-0.000,-0.018,0.029,122
9636,11.732,-5.533,1.504,-0.000,-0.022,0.036,122
9637,11.732,-5.534,1.504,-0.000,-0.019,0.034,122
9638,11.732,-5.534,1.504,-0.000,-0.013,0.025,122
9639,11.731,-5.535,1.504,-0.000,0.065,-0.023,122
9640,11.731,-5.536,1.504,-0.000,0.114,-0.059,122
9641,11.731,-5.537,1.504,-0.000,0.116,-0.073,122
9642,11.731,-5.537,1.504,-0.000,0.082,-0.065,122
9643,11.732,-5.537,1.504,-0.000,0.031,-0.044,122
9644,11.733,-5.537,1.504,-0.000,-0.012,-0.018,122
9645,11.734,-5.537,1.504,-0.000,-0.034,0.006,122
9646,11.735,-5.537,1.504,-0.000,-0.095,0.052,122
9647,11.735,-5.538,1.504,-0.000,-0.125,0.084,122
9648,11.735,-5.538,1.504,-0.000,-0.032,0.055,122
9649,11.735,-5.539,1.504,-0.000,0.062,0.013,122
9650,11.735,-5.539,1.504,-0.000,0.117,-0.023,122
9651,11.736,-5.540,1.504,-0.000,0.039,-0.010,122
9652,11.736,-5.540,1.504,-0.000,-0.046,0.005,122
9653,11.737,-5.541,1.504,-0.000,-0.096,0.009,122
9654,11.737,-5.542,1.504,-0.000,-0.106,0.003,122
9655,11.737,-5.542,1.504,-0.000,-0.084,-0.003,122
9656,11.736,-5.543,1.504,-0.000,-0.045,-0.006,122
9657,11.736,-5.543,1.504,-0.000,-0.009,0.001,122
9658,11.735,-5.544,1.504,-0.000,0.016,0.012,122
9659,11.734,-5.545,1.504,-0.000,0.111,-0.010,122
9660,11.734,-5.545,1.504,-0.000,0.171,-0.027,122
9661,11.734,-5.546,1.504,-0.000,0.173,-0.032,122
9662,11.735,-5.546,1.504,-0.000,0.129,-0.028,122
9663,11.736,-5.547,1.504,-0.000,0.057,-0.020,122
9664,11.738,-5.547,1.504,-0.000,-0.099,0.023,122
9665,11.739,-5.547,1.504,-0.000,-0.198,0.045,122
9666,11.740,-5.548,1.504,-0.000,-0.215,0.041,122
9667,11.740,-5.548,1.504,-0.000,-0.166,0.024,122
9668,11.739,-5.549,1.504,-0.000,-0.086,0.005,122
9669,11.738,-5.550,1.504,-0.000,-0.007,-0.005,122
9670,11.737,-5.550,1.504,-0.000,0.046,-0.003,122
9671,11.736,-5.551,1.504,-0.000,0.058,0.008,122
9672,11.735,-5.552,1.504,-0.000,0.046,0.023,122
9673,11.735,-5.553,1.504,-0.000,0.141,-0.014,122
9674,11.735,-5.553,1.504,-0.000,0.203,-0.048,122
9675,11.735,-5.554,1.504,-0.000,0.207,-0.063,122
9676,11.736,-5.554,1.504,-0.000,0.153,-0.062,122
9677,11.738,-5.555,1.504,-0.000,0.069,-0.049,122
9678,11.740,-5.555,1.504,-0.000,-0.014,-0.032,122
9679,11.742,-5.554,1.504,-0.000,-0.074,-0.017,122
9680,11.744,-5.554,1.504,-0.000,-0.100,-0.007,122
9681,11.746,-5.554,1.504,-0.000,-0.094,-0.002,122
9682,11.747,-5.554,1.504,-0.000,-0.065,-0.001,122
9683,11.748,-5.554,1.504,-0.000,-0.026,-0.001,122
9684,11.749,-5.553,1.504,-0.000,0.015,0.000,122
9685,11.750,-5.553,1.504,-0.000,0.046,0.003,122
9686,11.751,-5.553,1.504,-0.000,0.063,0.008,122
9687,11.752,-5.553,1.504,-0.000,0.064,0.013,122
9688,11.753,-5.553,1.504,-0.000,0.053,0.016,122
9689,11.755,-5.553,1.504,-0.000,0.034,0.016,122
9690,11.757,-5.553,1.504,-0.000,0.117,-0.060,122
9691,11.759,-5.552,1.504,-0.000,0.167,-0.114,122
9692,11.762,-5.552,1.504,-0.000,0.153,-0.141,127
9693,11.765,-5.551,1.504,-0.000,0.125,0.141,127
9694,11.769,-5.550,1.504,-0.000,0.077,0.358,127
9695,11.773,-5.551,1.504,-0.000,0.029,0.437,127
9696,11.777,-5.553,1.504,-0.000,-0.004,0.396,127
9697,11.781,-5.556,1.504,-0.000,-0.020,0.265,127
9698,11.785,-5.560,1.504,-0.000,-0.019,0.106,127
9699,11.789,-5.565,1.504,-0.000,-0.005,-0.028,127
9700,11.793,-5.570,1.504,-0.000,0.015,-0.106,127
9701,11.797,-5.574,1.504,-0.000,0.029,-0.127,127
9702,11.802,-5.578,1.504,-0.000,0.034,-0.105,127
9703,11.806,-5.582,1.504,-0.000,0.029,-0.060,127
9704,11.810,-5.585,1.505,-0.000,0.019,-0.019,127
9705,11.815,-5.589,1.505,-0.000,0.011,-0.004,127
9706,11.819,-5.592,1.505,-0.000,0.006,-0.012,127
9707,11.824,-5.595,1.505,-0.000,0.004,-0.027,127
9708,11.828,-5.598,1.505,-0.000,0.003,-0.035,127
9709,11.833,-5.601,1.505,-0.000,0.003,-0.037,127
9710,11.838,-5.604,1.505,-0.000,0.003,-0.029,127
9711,11.842,-5.607,1.505,-0.000,0.002,-0.016,127
9712,11.847,-5.610,1.505,-0.000,-0.000,-0.003,127
9713,11.852,-5.613,1.505,-0.000,-0.003,0.003,127
9714,11.856,-5.616,1.505,-0.000,-0.007,-0.001,127
9715,11.861,-5.618,1.505,-0.000,-0.009,-0.006,127
9716,11.866,-5.621,1.505,-0.000,-0.009,-0.006,127
9717,11.870,-5.624,1.505,-0.000,-0.009,-0.002,127
9718,11.875,-5.627,1.505,-0.000,-0.007,0.009,127
9719,11.879,-5.630,1.505,-0.000,-0.007,0.011,127
9720,11.884,-5.632,1.505,-0.000,-0.007,0.006,127
9721,11.888,-5.635,1.505,-0.000,-0.005,-0.001,127
9722,11.893,-5.638,1.505,-0.000,-0.005,-0.009,127
9723,11.897,-5.641,1.505,-0.000,-0.004,-0.014,127
9724,11.902,-5.644,1.505,-0.000,-0.005,0.018,127
9725,11.906,-5.647,1.505,-0.000,-0.006,0.043,127
9726,11.911,-5.650,1.505,-0.000,-0.006,0.048,127
9727,11.915,-5.653,1.505,-0.000,-0.007,0.035,127
9728,11.920,-5.656,1.505,-0.000,-0.008,0.009,127
9729,11.924,-5.660,1.505,-0.000,-0.008,-0.012,127
9730,11.929,-5.663,1.505,-0.000,-0.009,-0.023,127
9731,11.933,-5.666,1.505,-0.000,-0.010,-0.025,127
9732,11.938,-5.669,1.505,-0.000,-0.009,-0.018,127
9733,11.942,-5.672,1.505,-0.000,-0.007,-0.007,127
9734,11.946,-5.676,1.505,-0.000,-0.005,0.006,127
9735,11.951,-5.679,1.505,-0.000,-0.004,0.015,127
9736,11.955,-5.682,1.505,-0.000,-0.005,0.017,127
9737,11.959,-5.685,1.505,-0.000,-0.005,0.019,127
9738,11.963,-5.688,1.505,-0.000,-0.007,0.015,127
9739,11.968,-5.692,1.505,-0.000,-0.011,0.013,127
9740,11.972,-5.695,1.505,-0.000,-0.019,0.017,127
9741,11.976,-5.699,1.505,-0.000,-0.027,0.023,127
9742,11.980,-5.702,1.505,-0.000,-0.033,0.029,127
9743,11.984,-5.706,1.505,-0.000,-0.032,0.027,127
9744,11.988,-5.710,1.505,-0.000,-0.024,0.017,127
9745,11.992,-5.714,1.505,-0.000,-0.010,0.011,127
9746,11.996,-5.717,1.505,-0.000,-0.002,0.008,127
9747,12.000,-5.721,1.505,-0.000,-0.001,0.006,127
9748,12.003,-5.725,1.505,-0.000,-0.008,0.008,127
9749,12.007,-5.729,1.505,-0.000,-0.020,0.010,127
9750,12.011,-5.733,1.505,-0.000,-0.029,0.012,127
9751,12.015,-5.737,1.505,-0.000,-0.031,0.010,127
9752,12.018,-5.742,1.505,-0.000,-0.023,0.005,127
9753,12.022,-5.746,1.505,-0.000,-0.009,-0.002,127
9754,12.025,-5.750,1.505,-0.000,0.005,-0.009,127
9755,12.029,-5.754,1.505,-0.000,0.014,-0.015,127
9756,12.032,-5.758,1.505,-0.000,0.017,-0.017,127
9757,12.036,-5.762,1.505,-0.000,0.014,-0.017,127
9758,12.039,-5.766,1.505,-0.000,0.006,-0.016,127
9759,12.043,-5.770,1.505,-0.000,-0.000,-0.013,127
9760,12.047,-5.774,1.505,-0.000,-0.004,-0.011,127
9761,12.050,-5.778,1.505,-0.000,-0.005,-0.007,127
9762,12.054,-5.782,1.505,-0.000,-0.004,-0.005,127
9763,12.057,-5.786,1.505,-0.000,-0.002,-0.003,127
9764,12.061,-5.789,1.505,-0.000,0.001,-0.002,127
9765,12.065,-5.793,1.505,-0.000,0.004,-0.004,127
9766,12.068,-5.797,1.505,-0.000,0.006,-0.008,127
9767,12.072,-5.801,1.505,-0.000,0.008,-0.012,127
9768,12.076,-5.805,1.505,-0.000,0.007,-0.014,127
9769,12.080,-5.808,1.505,-0.000,0.005,-0.013,127
9770,12.083,-5.812,1.505,-0.000,0.002,-0.011,127
9771,12.087,-5.816,1.505,-0.000,0.000,-0.009,127
9772,12.091,-5.819,1.505,-0.000,-0.001,-0.007,127
9773,12.095,-5.823,1.505,-0.000,-0.001,-0.007,127
9774,12.099,-5.827,1.505,-0.000,-0.002,-0.005,127
9775,12.102,-5.830,1.505,-0.000,-0.001,-0.002,127
9776,12.106,-5.834,1.505,-0.000,-0.001,-0.002,127
9777,12.110,-5.837,1.505,-0.000,0.000,-0.002,127
9778,12.114,-5.841,1.505,-0.000,0.001,-0.004,127
9779,12.118,-5.845,1.505,-0.000,0.001,-0.008,127
9780,12.121,-5.848,1.505,-0.000,0.000,-0.011,127
9781,12.125,-5.852,1.505,-0.000,-0.000,-0.012,127
9782,12.129,-5.855,1.505,-0.000,0.000,-0.011,127
9783,12.133,-5.859,1.505,-0.000,0.000,-0.010,127
9784,12.137,-5.862,1.505,-0.000,0.002,-0.010,127
9785,12.141,-5.865,1.505,-0.000,0.003,-0.009,127
9786,12.145,-5.869,1.505,-0.000,0.001,-0.005,127
9787,12.149,-5.872,1.505,-0.000,-0.002,-0.003,127
9788,12.153,-5.876,1.505,-0.000,-0.003,-0.004,127
9789,12.157,-5.879,1.505,-0.000,-0.006,-0.005,127
9790,12.160,-5.882,1.505,-0.000,-0.007,-0.005,127
9791,12.164,-5.886,1.505,-0.000,-0.007,-0.006,127
9792,12.168,-5.889,1.505,-0.000,-0.006,-0.006,127
9793,12.172,-5.892,1.505,-0.000,-0.005,-0.007,127
9794,12.176,-5.896,1.505,-0.000,-0.003,-0.007,127
9795,12.180,-5.899,1.505,-0.000,-0.002,-0.006,127
9796,12.184,-5.902,1.505,-0.000,-0.001,-0.005,127
9797,12.187,-5.905,1.505,-0.000,-0.002,-0.005,127
9798,12.191,-5.909,1.505,-0.000,0.003,0.002,127
9799,12.195,-5.912,1.505,-0.000,0.007,0.006,127
9800,12.199,-5.915,1.505,-0.000,0.008,0.008,127
9801,12.203,-5.918,1.505,-0.000,0.007,0.007,127
9802,12.207,-5.922,1.505,-0.000,0.003,0.002,127
9803,12.211,-5.925,1.505,-0.000,-0.002,-0.004,127
9804,12.215,-5.928,1.505,-0.000,-0.005,-0.008,127
9805,12.219,-5.932,1.505,-0.000,-0.006,-0.011,127
9806,12.223,-5.935,1.505,-0.000,-0.006,-0.011,127
9807,12.227,-5.938,1.505,-0.000,-0.005,-0.008,127
9808,12.231,-5.941,1.505,-0.000,-0.005,-0.008,127
9809,12.235,-5.945,1.505,-0.000,-0.005,-0.006,127
9810,12.239,-5.948,1.505,-0.000,-0.006,-0.006,127
9811,12.243,-5.951,1.505,-0.000,-0.007,-0.008,127
9812,12.246,-5.954,1.505,-0.000,-0.011,-0.011,127
9813,12.250,-5.957,1.505,-0.000,-0.014,-0.014,127
9814,12.254,-5.960,1.505,-0.000,-0.017,-0.016,127
9815,12.258,-5.963,1.505,-0.000,-0.019,-0.016,127
9816,12.262,-5.966,1.505,-0.000,-0.018,-0.015,127
9817,12.265,-5.969,1.505,-0.000,-0.017,-0.013,127
9818,12.269,-5.972,1.505,-0.000,-0.016,-0.012,127
9819,12.272,-5.975,1.505,-0.000,-0.013,-0.011,127
9820,12.276,-5.978,1.505,-0.000,-0.013,-0.010,127
9821,12.279,-5.981,1.505,-0.000,-0.014,-0.011,127
9822,12.283,-5.984,1.505,-0.000,-0.017,-0.013,127
9823,12.286,-5.986,1.505,-0.000,-0.021,-0.016,127
9824,12.290,-5.989,1.505,-0.000,-0.023,-0.018,127
9825,12.293,-5.992,1.505,-0.000,-0.022,-0.018,127
9826,12.296,-5.994,1.505,-0.000,-0.020,-0.016,127
9827,12.299,-5.997,1.505,-0.000,-0.018,-0.013,127
9828,12.302,-5.999,1.505,-0.000,-0.015,-0.010,127
9829,12.305,-6.002,1.505,-0.000,-0.013,-0.008,127
9830,12.308,-6.004,1.505,-0.000,-0.011,-0.007,127
9831,12.311,-6.006,1.505,-0.000,-0.012,-0.007,127
9832,12.314,-6.009,1.505,-0.000,-0.012,-0.008,127
9833,12.317,-6.011,1.505,-0.000,-0.014,-0.009,127
9834,12.320,-6.013,1.505,-0.000,-0.015,-0.008,127
9835,12.322,-6.016,1.505,-0.000,-0.016,-0.007,127
9836,12.325,-6.018,1.505,-0.000,-0.016,-0.007,127
9837,12.328,-6.020,1.505,-0.000,-0.015,-0.007,127
9838,12.330,-6.023,1.505,-0.000,-0.013,-0.007,127
9839,12.333,-6.025,1.505,-0.000,-0.029,0.003,127
9840,12.335,-6.027,1.505,-0.000,-0.036,0.007,127
9841,12.338,-6.029,1.505,-0.000,-0.032,0.005,127
9842,12.340,-6.032,1.505,-0.000,-0.024,-0.000,127
9843,12.342,-6.034,1.505,-0.000,-0.015,-0.007,127
9844,12.344,-6.036,1.505,-0.000,-0.004,-0.013,127
9845,12.347,-6.038,1.505,-0.000,0.003,-0.019,127
9846,12.349,-6.040,1.505,-0.000,0.006,-0.019,127
9847,12.351,-6.043,1.505,-0.000,0.005,-0.017,127
9848,12.353,-6.045,1.505,-0.000,0.001,-0.013,127
9849,12.355,-6.047,1.505,-0.000,-0.003,-0.010,127
9850,12.357,-6.049,1.504,-0.000,-0.007,-0.008,127
9851,12.360,-6.051,1.504,-0.000,-0.011,-0.007,127
9852,12.362,-6.052,1.504,-0.000,-0.012,-0.008,127
9853,12.364,-6.054,1.504,-0.000,-0.011,-0.011,127
9854,12.366,-6.056,1.504,-0.000,-0.008,-0.013,127
9855,12.368,-6.058,1.504,-0.000,-0.006,-0.015,127
9856,12.370,-6.060,1.504,-0.000,-0.004,-0.015,127
9857,12.372,-6.062,1.504,-0.000,-0.002,-0.014,127
9858,12.374,-6.063,1.504,-0.000,-0.002,-0.013,127
9859,12.376,-6.065,1.504,-0.000,-0.000,-0.013,127
9860,12.378,-6.067,1.504,-0.000,0.001,-0.014,127
9861,12.380,-6.068,1.504,-0.000,-0.002,-0.013,127
9862,12.382,-6.070,1.504,-0.000,-0.005,-0.011,127
9863,12.384,-6.071,1.504,-0.000,-0.008,-0.008,127
9864,12.386,-6.073,1.504,-0.000,-0.011,-0.005,127
9865,12.388,-6.074,1.504,-0.000,-0.012,-0.004,127
9866,12.390,-6.076,1.504,-0.000,-0.014,-0.004,127
9867,12.392,-6.077,1.504,-0.000,-0.014,-0.005,127
9868,12.394,-6.078,1.504,-0.000,-0.013,-0.007,127
9869,12.395,-6.080,1.504,-0.000,-0.011,-0.008,127
9870,12.397,-6.081,1.504,-0.000,-0.007,-0.009,127
9871,12.399,-6.082,1.504,-0.000,-0.003,-0.010,127
9872,12.401,-6.084,1.504,-0.000,-0.003,-0.008,127
9873,12.402,-6.085,1.504,-0.000,-0.007,-0.006,127
9874,12.404,-6.086,1.504,-0.000,-0.011,-0.005,127
9875,12.406,-6.087,1.504,-0.000,-0.012,-0.005,127
9876,12.407,-6.089,1.504,-0.000,-0.013,-0.006,127
9877,12.409,-6.090,1.504,-0.000,-0.010,-0.007,127
9878,12.410,-6.091,1.504,-0.000,-0.008,-0.007,127
9879,12.412,-6.092,1.504,-0.000,-0.009,-0.007,127
9880,12.413,-6.093,1.504,-0.000,-0.008,-0.006,127
9881,12.415,-6.095,1.504,-0.000,-0.008,-0.006,127
9882,12.416,-6.096,1.504,-0.000,-0.008,-0.006,127
9883,12.418,-6.097,1.504,-0.000,-0.008,-0.007,127
9884,12.419,-6.098,1.504,-0.000,-0.007,-0.007,127
9885,12.421,-6.099,1.504,-0.000,-0.005,-0.009,127
9886,12.422,-6.100,1.504,-0.000,-0.002,-0.011,127
9887,12.423,-6.101,1.504,-0.000,0.000,-0.011,127
9888,12.425,-6.102,1.504,-0.000,-0.000,-0.009,127
9889,12.426,-6.103,1.504,-0.000,-0.002,-0.007,127
9890,12.427,-6.104,1.504,-0.000,-0.005,-0.003,127
9891,12.429,-6.104,1.504,-0.000,-0.008,-0.001,127
9892,12.430,-6.105,1.504,-0.000,-0.009,-0.002,127
9893,12.431,-6.106,1.504,-0.000,-0.008,-0.003,127
9894,12.433,-6.107,1.504,-0.000,-0.008,-0.005,127
9895,12.434,-6.108,1.504,-0.000,-0.007,-0.006,127
9896,12.435,-6.109,1.504,-0.000,-0.006,-0.007,127
9897,12.436,-6.110,1.504,-0.000,-0.006,-0.006,127
9898,12.437,-6.110,1.504,-0.000,-0.007,-0.006,127
9899,12.439,-6.111,1.504,-0.000,-0.006,-0.005,127
9900,12.440,-6.112,1.504,-0.000,-0.006,-0.004,127
9901,12.441,-6.113,1.504,-0.000,-0.005,-0.005,127
9902,12.442,-6.113,1.504,-0.000,-0.005,-0.005,127
9903,12.443,-6.114,1.504,-0.000,-0.005,-0.005,127
9904,12.444,-6.115,1.504,-0.000,-0.006,-0.005,127
9905,12.445,-6.115,1.504,-0.000,-0.005,-0.005,127
9906,12.446,-6.116,1.504,-0.000,-0.004,-0.005,127
9907,12.447,-6.117,1.504,-0.000,-0.005,-0.004,127
9908,12.448,-6.117,1.504,-0.000,-0.006,-0.004,127
9909,12.449,-6.118,1.504,-0.000,-0.007,-0.005,127
9910,12.450,-6.119,1.504,-0.000,-0.008,-0.006,127
9911,12.451,-6.119,1.504,-0.000,-0.007,-0.006,127
9912,12.452,-6.120,1.504,-0.000,-0.007,-0.005,127
9913,12.453,-6.120,1.504,-0.000,-0.007,-0.004,127
9914,12.454,-6.121,1.504,-0.000,-0.007,-0.003,127
9915,12.455,-6.121,1.504,-0.000,-0.006,-0.002,127
9916,12.455,-6.122,1.504,-0.000,-0.006,-0.002,127
9917,12.456,-6.122,1.504,-0.000,-0.005,-0.004,127
9918,12.457,-6.123,1.504,-0.000,-0.003,-0.005,127
9919,12.458,-6.123,1.504,-0.000,-0.003,-0.006,127
9920,12.459,-6.124,1.504,-0.000,-0.003,-0.006,127
9921,12.459,-6.124,1.504,-0.000,-0.004,-0.005,127
9922,12.460,-6.125,1.504,-0.000,-0.005,-0.003,127
9923,12.461,-6.125,1.504,-0.000,-0.004,-0.002,127
9924,12.462,-6.126,1.504,-0.000,-0.004,-0.002,127
9925,12.462,-6.126,1.503,-0.000,-0.004,-0.002,127
9926,12.463,-6.126,1.503,-0.000,-0.004,-0.001,127
9927,12.464,-6.127,1.503,-0.000,-0.005,-0.000,127
9928,12.464,-6.127,1.503,-0.000,-0.005,0.000,127
9929,12.465,-6.128,1.503,-0.000,-0.005,0.000,127
9930,12.466,-6.128,1.503,-0.000,-0.004,-0.001,127
9931,12.466,-6.128,1.503,-0.000,-0.002,-0.002,127
9932,12.467,-6.129,1.503,-0.000,-0.001,-0.003,127
9933,12.468,-6.129,1.503,-0.000,-0.002,-0.003,127
9934,12.468,-6.130,1.503,-0.000,-0.006,-0.002,127
9935,12.469,-6.130,1.503,-0.000,-0.008,-0.002,127
9936,12.469,-6.130,1.503,-0.000,-0.009,-0.001,127
9937,12.470,-6.131,1.503,-0.000,-0.008,-0.001,127
9938,12.470,-6.131,1.503,-0.000,-0.006,-0.002,127
9939,12.471,-6.131,1.503,-0.000,-0.004,-0.004,127
9940,12.471,-6.132,1.503,-0.000,-0.001,-0.003,127
9941,12.472,-6.132,1.503,-0.000,0.001,-0.003,127
9942,12.472,-6.132,1.503,-0.000,0.000,-0.003,127
9943,12.473,-6.133,1.503,-0.000,0.001,-0.003,127
9944,12.473,-6.133,1.503,-0.000,-0.000,-0.004,127
9945,12.474,-6.133,1.503,-0.000,-0.002,-0.003,127
9946,12.474,-6.134,1.503,-0.000,-0.003,-0.003,127
9947,12.475,-6.134,1.503,-0.000,-0.003,-0.002,127
9948,12.475,-6.134,1.503,-0.000,-0.002,-0.002,127
9949,12.476,-6.134,1.503,-0.000,-0.001,-0.002,127
9950,12.476,-6.135,1.503,-0.000,0.000,-0.001,127
9951,12.477,-6.135,1.503,-0.000,0.002,-0.000,127
9952,12.477,-6.135,1.503,-0.000,0.001,0.000,127
9953,12.478,-6.135,1.503,-0.000,-0.001,-0.001,127
9954,12.478,-6.136,1.503,-0.000,-0.002,-0.002,127
9955,12.478,-6.136,1.503,-0.000,-0.003,-0.003,127
9956,12.479,-6.136,1.503,-0.000,-0.003,-0.002,127
9957,12.479,-6.136,1.503,-0.000,-0.002,-0.002,127
9958,12.480,-6.136,1.503,-0.000,-0.001,-0.000,127
9959,12.480,-6.137,1.503,-0.000,0.000,-0.000,127
9960,12.481,-6.137,1.503,-0.000,0.001,-0.000,127
9961,12.481,-6.137,1.503,-0.000,0.001,-0.000,127
9962,12.482,-6.137,1.503,-0.000,0.000,0.001,127
9963,12.482,-6.138,1.503,-0.000,-0.004,0.002,127
9964,12.482,-6.138,1.503,-0.000,-0.007,0.001,127
9965,12.483,-6.138,1.503,-0.000,-0.007,-0.003,127
9966,12.483,-6.138,1.503,-0.000,-0.002,-0.008,127
9967,12.484,-6.138,1.503,-0.000,0.005,-0.011,127
9968,12.484,-6.139,1.503,-0.000,0.011,-0.011,127
9969,12.484,-6.139,1.503,-0.000,0.015,-0.012,127
9970,12.485,-6.139,1.503,-0.000,0.016,-0.010,127
9971,12.485,-6.139,1.503,-0.000,0.012,-0.008,127
9972,12.486,-6.139,1.503,-0.000,0.007,-0.003,127
9973,12.487,-6.139,1.503,-0.000,0.001,0.001,127
9974,12.487,-6.139,1.503,-0.000,-0.004,0.003,127
9975,12.488,-6.139,1.503,-0.000,-0.006,0.003,127
9976,12.488,-6.139,1.503,-0.000,-0.006,0.003,127
9977,12.489,-6.139,1.503,-0.000,-0.004,0.003,127
9978,12.490,-6.139,1.503,-0.000,-0.002,0.003,127
9979,12.490,-6.139,1.503,-0.000,-0.001,-0.001,127
9980,12.491,-6.139,1.503,-0.000,0.000,-0.005,127
9981,12.491,-6.139,1.503,-0.000,-0.002,-0.009,127
9982,12.492,-6.139,1.503,-0.000,-0.004,-0.010,127
9983,12.492,-6.139,1.503,-0.000,-0.004,-0.008,127
9984,12.493,-6.139,1.503,-0.000,-0.005,-0.005,127
9985,12.493,-6.139,1.503,-0.000,-0.006,-0.002,127
9986,12.494,-6.139,1.503,-0.000,-0.006,0.000,127
9987,12.494,-6.139,1.503,-0.000,-0.005,0.002,127
9988,12.495,-6.139,1.503,-0.000,-0.004,0.002,127
9989,12.495,-6.139,1.503,-0.000,-0.002,0.003,127
9990,12.496,-6.139,1.503,-0.000,-0.001,0.001,127
9991,12.496,-6.138,1.503,-0.000,-0.001,0.000,127
9992,12.497,-6.138,1.503,-0.000,-0.001,0.000,127
9993,12.497,-6.138,1.503,-0.000,-0.002,-0.002,127
9994,12.497,-6.138,1.503,-0.000,-0.002,-0.002,127
9995,12.498,-6.138,1.503,-0.000,-0.001,-0.002,127
9996,12.498,-6.138,1.503,-0.000,-0.003,0.000,127
9997,12.499,-6.138,1.503,-0.000,-0.002,0.003,127
9998,12.499,-6.138,1.503,-0.000,-0.002,0.005,127
9999,12.499,-6.138,1.503,-0.000,-0.003,0.006,127
10000,12.500,-6.138,1.503,-0.000,-0.002,0.007,127
10001,12.500,-6.138,1.503,-0.000,-0.002,0.005,127
10002,12.501,-6.138,1.503,-0.000,-0.001,0.004,127
10003,12.501,-6.138,1.503,-0.000,-0.002,0.002,127
10004,12.501,-6.138,1.503,-0.000,-0.003,-0.000,127
10005,12.502,-6.138,1.503,-0.000,-0.005,-0.002,127
10006,12.502,-6.138,1.503,-0.000,-0.006,0.000,127
10007,12.502,-6.138,1.503,-0.000,-0.008,0.003,127
10008,12.503,-6.138,1.503,-0.000,-0.008,0.007,127
10009,12.503,-6.138,1.503,-0.000,-0.006,0.008,127
10010,12.503,-6.138,1.503,-0.000,-0.005,0.002,127
10011,12.503,-6.138,1.503,-0.000,-0.003,-0.003,127
10012,12.503,-6.138,1.503,-0.000,-0.002,-0.005,127
10013,12.504,-6.139,1.503,-0.000,-0.001,-0.008,127
10014,12.504,-6.139,1.503,-0.000,-0.000,-0.007,127
10015,12.504,-6.139,1.503,-0.000,0.000,-0.005,127
10016,12.504,-6.139,1.503,-0.000,-0.001,-0.001,127
10017,12.504,-6.139,1.503,-0.000,-0.009,0.001,127
10018,12.505,-6.139,1.503,-0.000,-0.014,0.002,127
10019,12.505,-6.139,1.503,-0.000,-0.014,0.002,127
10020,12.505,-6.139,1.503,-0.000,-0.011,0.001,127
10021,12.505,-6.139,1.503,-0.000,-0.006,0.000,127
10022,12.505,-6.139,1.503,-0.000,-0.001,-0.001,127
10023,12.505,-6.139,1.503,-0.000,0.003,-0.001,127
10024,12.505,-6.139,1.503,-0.000,0.004,-0.002,127
10025,12.505,-6.139,1.503,-0.000,0.003,-0.001,127
10026,12.505,-6.139,1.503,-0.000,0.001,-0.001,127
10027,12.505,-6.139,1.503,-0.000,-0.001,-0.001,127
10028,12.505,-6.139,1.503,-0.000,-0.003,-0.001,127
10029,12.505,-6.139,1.503,-0.000,-0.004,-0.001,127
10030,12.505,-6.139,1.503,-0.000,-0.003,-0.000,127
10031,12.505,-6.139,1.503,-0.000,-0.002,-0.000,127
10032,12.505,-6.139,1.503,-0.000,-0.001,-0.000,127
10033,12.505,-6.139,1.503,-0.000,0.000,0.000,127
10034,12.505,-6.139,1.503,-0.000,0.001,0.000,127
10035,12.505,-6.139,1.503,-0.000,0.001,0.000,127
10036,12.505,-6.139,1.503,-0.000,0.001,-0.000,127
10037,12.505,-6.139,1.503,-0.000,0.000,-0.000,127
10038,12.505,-6.139,1.503,-0.000,-0.000,-0.000,127
10039,12.505,-6.139,1.503,-0.000,-0.001,-0.000,127
10040,12.505,-6.139,1.503,-0.000,-0.001,-0.000,127
10041,12.505,-6.139,1.503,-0.000,-0.000,-0.000,127
10042,12.505,-6.139,1.503,-0.000,-0.000,-0.000,127
10043,12.505,-6.139,1.503,-0.000,-0.000,0.000,127
10044,12.505,-6.139,1.503,-0.000,-0.006,0.003,127
10045,12.505,-6.139,1.503,-0.000,-0.004,0.002,127
10046,12.505,-6.139,1.503,-0.000,-0.000,0.000,127
10047,12.505,-6.139,1.503,-0.000,0.002,-0.001,127
10048,12.505,-6.139,1.503,-0.000,0.004,-0.002,127
10049,12.505,-6.139,1.503,-0.000,0.003,-0.002,127
10050,12.505,-6.139,1.503,-0.000,0.002,-0.001,127
10051,12.505,-6.139,1.503,-0.000,0.001,-0.000,127
10052,12.505,-6.139,1.503,-0.000,-0.000,0.000,127
10053,12.505,-6.139,1.503,-0.000,-0.001,0.001,127
10054,12.505,-6.139,1.503,-0.000,-0.001,0.001,127
10055,12.505,-6.139,1.503,-0.000,-0.001,0.001,127
10056,12.505,-6.139,1.503,-0.000,-0.000,0.000,127
10057,12.505,-6.139,1.503,-0.000,0.000,-0.000,127
10058,12.505,-6.139,1.503,-0.000,0.000,-0.000,127
10059,12.505,-6.139,1.503,-0.000,0.001,-0.000,127
10060,12.505,-6.139,1.503,-0.000,0.001,-0.000,127
10061,12.505,-6.139,1.503,-0.000,0.093,-0.053,127
10062,12.505,-6.139,1.503,-0.000,0.156,-0.090,127
10063,12.506,-6.138,1.503,-0.000,0.164,-0.094,127
10064,12.507,-6.137,1.503,-0.000,0.125,-0.071,127
10065,12.509,-6.136,1.503,-0.000,0.063,-0.033,127
10066,12.511,-6.135,1.503,-0.000,0.000,0.006,127
10067,12.513,-6.134,1.503,-0.000,-0.045,0.034,127
10068,12.515,-6.133,1.503,-0.000,-0.067,0.046,127
10069,12.517,-6.132,1.503,-0.000,-0.068,0.044,127
10070,12.519,-6.131,1.503,-0.000,-0.056,0.032,127
10071,12.520,-6.131,1.503,-0.000,-0.041,0.018,127
10072,12.521,-6.130,1.503,-0.000,-0.029,0.006,127
10073,12.522,-6.130,1.503,-0.000,-0.023,0.001,127
10074,12.523,-6.129,1.503,-0.000,-0.024,0.004,127
10075,12.524,-6.128,1.503,-0.000,-0.029,0.012,127
10076,12.525,-6.128,1.503,-0.000,-0.035,0.020,127
10077,12.525,-6.128,1.503,-0.000,-0.032,0.026,127
10078,12.526,-6.127,1.503,-0.000,-0.030,0.022,127
10079,12.527,-6.127,1.503,-0.000,-0.023,0.012,127
10080,12.527,-6.127,1.503,-0.000,-0.016,-0.001,127
10081,12.527,-6.126,1.503,-0.000,-0.009,-0.009,127
10082,12.528,-6.126,1.503,-0.000,-0.007,-0.010,127
10083,12.528,-6.126,1.503,-0.000,-0.007,-0.005,127
10084,12.528,-6.126,1.503,-0.000,-0.005,-0.000,127
10085,12.528,-6.125,1.503,-0.000,-0.004,0.006,127
10086,12.529,-6.125,1.503,-0.000,-0.005,0.010,127
10087,12.529,-6.125,1.503,-0.000,-0.008,0.012,127
10088,12.529,-6.124,1.503,-0.000,-0.006,0.013,127
10089,12.529,-6.124,1.503,-0.000,-0.001,0.008,127
10090,12.529,-6.124,1.503,-0.000,0.003,0.003,127
10091,12.529,-6.124,1.503,-0.000,0.006,0.000,127
10092,12.530,-6.124,1.503,-0.000,0.008,0.000,127
10093,12.530,-6.124,1.503,-0.000,0.005,-0.001,127
10094,12.530,-6.124,1.503,-0.000,0.003,0.002,127
10095,12.530,-6.123,1.503,-0.000,0.002,0.003,127
10096,12.531,-6.123,1.503,-0.000,0.001,0.005,127
10097,12.531,-6.123,1.503,-0.000,0.004,0.009,127
10098,12.531,-6.123,1.503,-0.000,0.002,0.009,127
10099,12.531,-6.123,1.503,-0.000,-0.002,0.013,127
10100,12.532,-6.123,1.503,-0.000,-0.014,0.011,127
10101,12.532,-6.123,1.503,-0.000,-0.019,0.007,127
10102,12.532,-6.123,1.503,-0.000,-0.023,0.010,127
10103,12.532,-6.123,1.503,-0.000,-0.022,0.011,127
10104,12.532,-6.123,1.503,-0.000,-0.015,0.010,127
10105,12.532,-6.124,1.503,-0.000,-0.008,0.007,127
10106,12.532,-6.124,1.503,-0.000,-0.003,0.005,127
10107,12.532,-6.124,1.503,-0.000,0.001,0.004,127
10108,12.532,-6.124,1.503,-0.000,0.007,0.005,127
10109,12.532,-6.124,1.503,-0.000,0.011,0.005,127
10110,12.532,-6.125,1.503,-0.000,0.013,0.004,127
10111,12.532,-6.125,1.503,-0.000,0.010,0.003,127
10112,12.532,-6.125,1.503,-0.000,0.006,0.001,127
10113,12.532,-6.126,1.503,-0.000,0.004,-0.001,127
10114,12.532,-6.126,1.503,-0.000,0.004,-0.000,127
10115,12.532,-6.126,1.503,-0.000,0.010,0.002,127
10116,12.532,-6.126,1.503,-0.000,0.020,0.002,127
10117,12.533,-6.127,1.503,-0.000,0.024,0.001,127
10118,12.533,-6.127,1.503,-0.000,0.021,-0.001,127
10119,12.533,-6.127,1.503,-0.000,0.018,-0.005,127
10120,12.534,-6.128,1.503,-0.000,0.011,-0.009,127
10121,12.534,-6.128,1.503,-0.000,0.006,-0.012,127
10122,12.535,-6.128,1.503,-0.000,0.008,-0.016,127
10123,12.535,-6.128,1.503,-0.000,0.022,-0.023,127
10124,12.536,-6.128,1.503,-0.000,0.050,-0.037,127
10125,12.536,-6.128,1.503,-0.000,0.094,-0.058,127
10126,12.538,-6.128,1.503,-0.000,0.130,-0.077,127
10127,12.539,-6.128,1.503,-0.000,0.132,-0.079,127
10128,12.541,-6.127,1.503,-0.000,0.097,-0.060,127
10129,12.543,-6.126,1.503,-0.000,0.039,-0.027,127
10130,12.546,-6.125,1.503,-0.000,-0.020,0.007,127
10131,12.548,-6.124,1.503,-0.000,-0.059,0.032,127
10132,12.550,-6.123,1.503,-0.000,-0.074,0.044,127
10133,12.552,-6.122,1.503,-0.000,-0.068,0.044,127
10134,12.554,-6.121,1.503,-0.000,-0.047,0.035,127
10135,12.556,-6.121,1.503,-0.000,-0.020,0.021,127
10136,12.557,-6.120,1.503,-0.000,-0.000,0.008,127
10137,12.559,-6.120,1.503,-0.000,0.009,-0.001,127
10138,12.560,-6.119,1.503,-0.000,0.007,-0.004,127
10139,12.562,-6.119,1.503,-0.000,-0.004,0.002,127
10140,12.564,-6.118,1.503,-0.000,-0.019,0.011,127
10141,12.565,-6.118,1.503,-0.000,-0.029,0.020,127
10142,12.567,-6.118,1.503,-0.000,-0.037,0.025,127
10143,12.568,-6.117,1.503,-0.000,-0.047,0.027,127
10144,12.569,-6.117,1.503,-0.000,-0.060,0.030,127
10145,12.570,-6.117,1.503,-0.000,-0.071,0.031,127
10146,12.571,-6.117,1.503,-0.000,-0.077,0.031,127
10147,12.571,-6.117,1.503,-0.000,-0.073,0.029,127
10148,12.571,-6.117,1.503,-0.000,-0.073,0.029,127
10149,12.571,-6.118,1.503,-0.000,-0.064,0.026,127
10150,12.571,-6.118,1.503,-0.000,-0.047,0.019,127
10151,12.570,-6.119,1.503,-0.000,-0.028,0.010,127
10152,12.570,-6.119,1.503,-0.000,-0.010,0.001,127
10153,12.569,-6.120,1.503,-0.000,0.002,-0.006,127
10154,12.569,-6.120,1.503,-0.000,0.007,-0.009,127
10155,12.568,-6.121,1.503,-0.000,0.005,-0.007,127
10156,12.567,-6.121,1.503,-0.000,-0.000,-0.005,127
10157,12.567,-6.122,1.503,-0.000,-0.006,-0.003,127
10158,12.566,-6.122,1.503,-0.000,-0.009,0.000,127
10159,12.566,-6.123,1.503,-0.000,-0.010,0.002,127
10160,12.565,-6.123,1.503,-0.000,-0.007,0.001,127
10161,12.564,-6.124,1.503,-0.000,-0.003,-0.002,127
10162,12.564,-6.124,1.503,-0.000,0.003,-0.006,127
10163,12.563,-6.124,1.503,-0.000,0.009,-0.009,127
10164,12.562,-6.125,1.503,-0.000,0.012,-0.011,127
10165,12.562,-6.125,1.503,-0.000,0.014,-0.010,127
10166,12.561,-6.126,1.503,-0.000,0.013,-0.008,127
10167,12.561,-6.126,1.503,-0.000,0.009,-0.004,127
10168,12.560,-6.126,1.503,-0.000,0.003,-0.002,127
10169,12.560,-6.126,1.503,-0.000,-0.003,-0.001,127
10170,12.559,-6.127,1.503,-0.000,-0.016,0.006,127
10171,12.559,-6.127,1.503,-0.000,-0.024,0.009,127
10172,12.558,-6.127,1.503,-0.000,-0.021,0.009,127
10173,12.557,-6.128,1.503,-0.000,-0.014,0.004,127
10174,12.557,-6.128,1.503,-0.000,-0.003,-0.003,127
10175,12.556,-6.129,1.503,-0.000,0.001,-0.006,127
10176,12.555,-6.129,1.503,-0.000,-0.005,-0.003,127
10177,12.554,-6.129,1.503,-0.000,-0.012,0.002,127
10178,12.553,-6.130,1.503,-0.000,-0.018,0.005,127
10179,12.553,-6.130,1.503,-0.000,-0.019,0.006,127
10180,12.552,-6.130,1.503,-0.000,-0.014,0.002,127
10181,12.551,-6.131,1.503,-0.000,-0.005,-0.005,127
10182,12.550,-6.131,1.503,-0.000,0.003,-0.011,127
10183,12.549,-6.132,1.503,-0.000,0.009,-0.015,127
10184,12.548,-6.132,1.503,-0.000,0.160,-0.219,127
10185,12.547,-6.131,1.503,-0.000,0.256,-0.348,127
10186,12.547,-6.130,1.503,-0.000,0.257,-0.360,132
10187,12.549,-6.127,1.503,-0.000,0.299,-0.006,132
10188,12.551,-6.124,1.503,-0.000,0.273,0.314,132
10189,12.554,-6.122,1.503,-0.000,0.193,0.469,132
10190,12.558,-6.122,1.503,-0.000,0.101,0.448,132
10191,12.562,-6.123,1.503,-0.000,0.024,0.301,132
10192,12.567,-6.125,1.503,-0.000,-0.021,0.107,132
10193,12.571,-6.128,1.503,-0.000,-0.031,-0.062,132
10194,12.576,-6.131,1.504,-0.000,-0.019,-0.162,132
10195,12.580,-6.133,1.504,-0.000,0.005,-0.179,132
10196,12.584,-6.134,1.504,-0.000,0.027,-0.133,132
10197,12.588,-6.135,1.504,-0.000,0.044,-0.054,132
10198,12.593,-6.136,1.504,-0.000,0.053,0.025,132
10199,12.598,-6.137,1.504,-0.000,0.055,0.077,132
10200,12.602,-6.138,1.504,-0.000,0.052,0.091,132
10201,12.608,-6.139,1.504,-0.000,0.044,0.070,132
10202,12.613,-6.140,1.504,-0.000,0.032,0.026,132
10203,12.618,-6.142,1.504,-0.000,0.019,-0.021,132
10204,12.624,-6.144,1.504,-0.000,0.009,-0.052,132
10205,12.629,-6.145,1.504,-0.000,0.003,-0.059,132
10206,12.635,-6.147,1.504,-0.000,0.000,-0.045,132
10207,12.640,-6.148,1.504,-0.000,0.000,-0.019,132
10208,12.646,-6.149,1.504,-0.000,0.002,0.008,132
10209,12.651,-6.150,1.504,-0.000,0.004,0.027,132
10210,12.657,-6.151,1.505,-0.000,0.005,0.034,132
10211,12.662,-6.152,1.505,-0.000,0.004,0.030,132
10212,12.668,-6.154,1.505,-0.000,0.003,0.020,132
10213,12.673,-6.155,1.505,-0.000,0.001,0.007,132
10214,12.679,-6.157,1.505,-0.000,-0.002,-0.002,132
10215,12.685,-6.158,1.505,-0.000,-0.004,-0.007,132
10216,12.690,-6.160,1.505,-0.000,-0.006,-0.008,132
10217,12.696,-6.161,1.505,-0.000,-0.009,-0.009,132
10218,12.702,-6.163,1.505,-0.000,-0.004,-0.002,132
10219,12.707,-6.164,1.505,-0.000,-0.000,0.007,132
10220,12.713,-6.165,1.505,-0.000,-0.000,0.015,132
10221,12.718,-6.167,1.505,-0.000,-0.003,0.021,132
10222,12.724,-6.169,1.505,-0.000,-0.004,0.019,132
10223,12.730,-6.170,1.505,-0.000,-0.008,0.008,132
10224,12.735,-6.172,1.505,-0.000,-0.008,-0.003,132
10225,12.741,-6.173,1.505,-0.000,-0.011,-0.012,132
10226,12.746,-6.175,1.505,-0.000,-0.012,-0.016,132
10227,12.752,-6.177,1.505,-0.000,-0.012,-0.016,132
10228,12.758,-6.178,1.505,-0.000,-0.013,-0.014,132
10229,12.763,-6.180,1.505,-0.000,-0.010,-0.010,132
10230,12.768,-6.181,1.505,-0.000,-0.010,-0.011,132
10231,12.774,-6.183,1.505,-0.000,-0.007,-0.009,132
10232,12.779,-6.184,1.505,-0.000,-0.008,-0.007,132
10233,12.785,-6.185,1.505,-0.000,-0.010,-0.005,132
10234,12.790,-6.187,1.505,-0.000,-0.017,-0.006,132
10235,12.795,-6.188,1.505,-0.000,-0.022,-0.009,132
10236,12.801,-6.189,1.505,-0.000,-0.029,-0.017,132
10237,12.806,-6.191,1.505,-0.000,-0.033,-0.023,132
10238,12.811,-6.192,1.505,-0.000,-0.037,-0.024,132
10239,12.816,-6.193,1.505,-0.000,-0.040,-0.018,132
10240,12.821,-6.194,1.505,-0.000,-0.037,-0.015,132
10241,12.825,-6.195,1.505,-0.000,-0.026,-0.021,132
10242,12.830,-6.196,1.505,-0.000,-0.012,-0.036,132
10243,12.834,-6.197,1.505,-0.000,0.001,-0.040,132
10244,12.839,-6.197,1.505,-0.000,0.008,-0.022,132
10245,12.844,-6.198,1.505,-0.000,0.005,0.009,132
10246,12.848,-6.198,1.505,-0.000,-0.002,0.043,132
10247,12.853,-6.199,1.505,-0.000,-0.010,0.058,132
10248,12.858,-6.200,1.505,-0.000,-0.010,0.055,132
10249,12.862,-6.201,1.505,-0.000,-0.010,0.037,132
10250,12.867,-6.202,1.505,-0.000,-0.009,0.011,132
10251,12.871,-6.204,1.505,-0.000,-0.005,-0.014,132
10252,12.876,-6.205,1.505,-0.000,0.001,-0.042,132
10253,12.880,-6.206,1.505,-0.000,0.007,-0.066,132
10254,12.885,-6.207,1.505,-0.000,0.010,-0.080,132
10255,12.890,-6.208,1.505,-0.000,0.009,-0.076,132
10256,12.894,-6.208,1.505,-0.000,0.005,-0.055,132
10257,12.899,-6.208,1.505,-0.000,0.002,-0.027,132
10258,12.904,-6.208,1.505,-0.000,0.001,-0.005,132
10259,12.908,-6.209,1.505,-0.000,0.003,0.010,132
10260,12.913,-6.209,1.505,-0.000,0.006,0.016,132
10261,12.918,-6.209,1.505,-0.000,0.007,0.013,132
10262,12.923,-6.209,1.505,-0.000,0.008,0.007,132
10263,12.927,-6.209,1.505,-0.000,0.009,0.002,132
10264,12.932,-6.209,1.505,-0.000,0.008,-0.004,132
10265,12.937,-6.210,1.505,-0.000,0.007,-0.006,132
10266,12.942,-6.210,1.505,-0.000,0.005,-0.005,132
10267,12.947,-6.210,1.505,-0.000,0.005,-0.000,132
10268,12.952,-6.210,1.505,-0.000,0.004,0.003,132
10269,12.957,-6.211,1.505,-0.000,0.004,0.007,132
10270,12.962,-6.211,1.505,-0.000,0.005,0.008,132
10271,12.967,-6.211,1.505,-0.000,0.005,0.008,132
10272,12.972,-6.211,1.505,-0.000,0.005,0.007,132
10273,12.977,-6.212,1.505,-0.000,0.005,0.007,132
10274,12.983,-6.212,1.505,-0.000,0.005,0.008,132
10275,12.988,-6.212,1.505,-0.000,0.006,0.011,132
10276,12.993,-6.213,1.505,-0.000,0.005,0.013,132
10277,12.998,-6.213,1.505,-0.000,0.005,0.014,132
10278,13.003,-6.214,1.505,-0.000,0.006,0.017,132
10279,13.009,-6.214,1.505,-0.000,0.006,0.023,132
10280,13.014,-6.215,1.505,-0.000,0.005,0.031,132
10281,13.019,-6.216,1.505,-0.000,0.005,0.035,132
10282,13.025,-6.216,1.505,-0.000,0.004,0.036,132
10283,13.030,-6.217,1.505,-0.000,0.003,0.031,132
10284,13.036,-6.218,1.505,-0.000,0.002,0.022,132
10285,13.041,-6.220,1.505,-0.000,0.002,0.013,132
10286,13.047,-6.221,1.506,-0.000,-0.000,0.007,132
10287,13.052,-6.222,1.506,-0.000,-0.003,0.003,132
10288,13.057,-6.223,1.506,-0.000,-0.006,0.004,132
10289,13.063,-6.225,1.506,-0.000,-0.008,0.015,132
10290,13.068,-6.226,1.506,-0.000,-0.010,0.028,132
10291,13.074,-6.227,1.506,-0.000,-0.013,0.040,132
10292,13.079,-6.229,1.506,-0.000,-0.017,0.045,132
10293,13.084,-6.231,1.506,-0.000,-0.021,0.045,132
10294,13.090,-6.233,1.506,-0.000,-0.024,0.039,132
10295,13.095,-6.235,1.506,-0.000,-0.026,0.030,132
10296,13.100,-6.237,1.506,-0.000,-0.025,0.019,132
10297,13.105,-6.239,1.506,-0.000,-0.024,0.011,132
10298,13.110,-6.241,1.506,-0.000,-0.023,0.007,132
10299,13.115,-6.243,1.506,-0.000,-0.022,0.005,132
10300,13.120,-6.246,1.506,-0.000,-0.018,0.002,132
10301,13.125,-6.248,1.506,-0.000,-0.013,-0.003,132
10302,13.129,-6.250,1.506,-0.000,-0.007,-0.010,132
10303,13.134,-6.253,1.506,-0.000,-0.003,-0.017,132
10304,13.139,-6.255,1.506,-0.000,-0.000,-0.021,132
10305,13.143,-6.257,1.506,-0.000,0.000,-0.022,132
10306,13.148,-6.259,1.506,-0.000,-0.002,-0.020,132
10307,13.153,-6.261,1.506,-0.000,-0.005,-0.015,132
10308,13.158,-6.263,1.506,-0.000,-0.007,-0.011,132
10309,13.162,-6.265,1.506,-0.000,-0.007,-0.011,132
10310,13.167,-6.267,1.506,-0.000,-0.006,-0.013,132
10311,13.172,-6.269,1.506,-0.000,-0.006,-0.015,132
10312,13.176,-6.271,1.506,-0.000,-0.008,-0.017,132
10313,13.181,-6.272,1.506,-0.000,-0.011,-0.017,132
10314,13.186,-6.274,1.506,-0.000,-0.013,-0.018,132
10315,13.190,-6.276,1.506,-0.000,-0.015,-0.018,132
10316,13.195,-6.277,1.506,-0.000,-0.017,-0.016,132
10317,13.199,-6.279,1.506,-0.000,-0.020,-0.012,132
10318,13.204,-6.280,1.507,-0.000,-0.022,-0.007,132
10319,13.208,-6.282,1.507,-0.000,-0.021,-0.005,132
10320,13.212,-6.283,1.507,-0.000,-0.019,-0.007,132
10321,13.217,-6.285,1.507,-0.000,-0.016,-0.009,132
10322,13.221,-6.286,1.507,-0.000,-0.013,-0.012,132
10323,13.225,-6.287,1.507,-0.000,-0.012,-0.014,132
10324,13.229,-6.289,1.507,-0.000,-0.011,-0.016,132
10325,13.233,-6.290,1.507,-0.000,-0.011,-0.015,132
10326,13.237,-6.291,1.507,-0.000,-0.015,-0.012,132
10327,13.241,-6.292,1.507,-0.000,-0.021,-0.006,132
10328,13.245,-6.294,1.507,-0.000,-0.024,-0.003,132
10329,13.249,-6.295,1.507,-0.000,-0.022,-0.005,132
10330,13.253,-6.296,1.507,-0.000,-0.016,-0.009,132
10331,13.257,-6.297,1.507,-0.000,-0.011,-0.013,132
10332,13.260,-6.298,1.507,-0.000,-0.008,-0.015,132
10333,13.264,-6.299,1.507,-0.000,-0.008,-0.013,132
10334,13.268,-6.300,1.507,-0.000,-0.010,-0.011,132
10335,13.271,-6.301,1.507,-0.000,-0.013,-0.008,132
10336,13.275,-6.302,1.507,-0.000,-0.016,-0.005,132
10337,13.279,-6.303,1.507,-0.000,-0.020,-0.002,132
10338,13.282,-6.304,1.507,-0.000,-0.022,0.000,132
10339,13.286,-6.305,1.507,-0.000,-0.025,0.002,132
10340,13.289,-6.305,1.507,-0.000,-0.023,0.000,132
10341,13.292,-6.306,1.507,-0.000,-0.021,-0.001,132
10342,13.295,-6.307,1.507,-0.000,-0.016,-0.004,132
10343,13.299,-6.308,1.507,-0.000,-0.011,-0.008,132
10344,13.302,-6.309,1.507,-0.000,-0.008,-0.012,132
10345,13.305,-6.310,1.507,-0.000,-0.010,-0.011,132
10346,13.308,-6.311,1.507,-0.000,-0.012,-0.009,132
10347,13.311,-6.311,1.507,-0.000,-0.014,-0.006,132
10348,13.314,-6.312,1.507,-0.000,-0.015,-0.004,132
10349,13.317,-6.313,1.507,-0.000,-0.015,-0.003,132
10350,13.320,-6.313,1.507,-0.000,-0.014,-0.001,132
10351,13.323,-6.314,1.507,-0.000,-0.012,-0.001,132
10352,13.326,-6.315,1.507,-0.000,-0.011,-0.002,132
10353,13.328,-6.316,1.507,-0.000,-0.011,-0.003,132
10354,13.331,-6.316,1.507,-0.000,-0.013,-0.001,132
10355,13.334,-6.317,1.507,-0.000,-0.014,0.001,132
10356,13.336,-6.318,1.507,-0.000,-0.012,0.001,132
10357,13.339,-6.318,1.507,-0.000,-0.010,-0.001,132
10358,13.342,-6.319,1.507,-0.000,-0.008,-0.002,132
10359,13.344,-6.320,1.507,-0.000,-0.005,-0.005,132
10360,13.347,-6.320,1.507,-0.000,-0.005,-0.005,132
10361,13.349,-6.321,1.507,-0.000,-0.006,-0.005,132
10362,13.352,-6.322,1.507,-0.000,-0.006,-0.006,132
10363,13.355,-6.322,1.507,-0.000,-0.006,-0.007,132
10364,13.357,-6.323,1.507,-0.000,-0.006,-0.007,132
10365,13.360,-6.324,1.507,-0.000,-0.006,-0.007,132
10366,13.362,-6.324,1.507,-0.000,-0.007,-0.005,132
10367,13.364,-6.325,1.507,-0.000,-0.007,-0.004,132
10368,13.367,-6.325,1.507,-0.000,-0.007,-0.003,132
10369,13.369,-6.326,1.507,-0.000,-0.009,-0.001,132
10370,13.372,-6.326,1.507,-0.000,-0.010,0.001,132
10371,13.374,-6.327,1.506,-0.000,-0.010,0.001,132
10372,13.376,-6.327,1.506,-0.000,-0.009,-0.001,132
10373,13.379,-6.328,1.506,-0.000,-0.008,-0.002,132
10374,13.381,-6.328,1.506,-0.000,-0.007,-0.003,132
10375,13.383,-6.329,1.506,-0.000,-0.006,-0.004,132
10376,13.386,-6.329,1.506,-0.000,-0.007,-0.004,132
10377,13.388,-6.330,1.506,-0.000,-0.008,-0.003,132
10378,13.390,-6.330,1.506,-0.000,-0.009,-0.002,132
10379,13.392,-6.331,1.506,-0.000,-0.010,-0.000,132
10380,13.394,-6.331,1.506,-0.000,-0.010,-0.001,132
10381,13.396,-6.332,1.506,-0.000,-0.011,0.000,132
10382,13.398,-6.332,1.506,-0.000,-0.011,0.000,132
10383,13.400,-6.333,1.506,-0.000,-0.010,-0.001,132
10384,13.402,-6.333,1.506,-0.000,-0.008,-0.002,132
10385,13.404,-6.333,1.506,-0.000,-0.008,-0.003,132
10386,13.406,-6.334,1.506,-0.000,-0.008,-0.002,132
10387,13.408,-6.334,1.506,-0.000,-0.009,-0.001,132
10388,13.410,-6.335,1.506,-0.000,-0.009,-0.000,132
10389,13.412,-6.335,1.506,-0.000,-0.009,-0.001,132
10390,13.414,-6.336,1.506,-0.000,-0.009,-0.001,132
10391,13.416,-6.336,1.506,-0.000,-0.009,-0.001,132
10392,13.418,-6.336,1.506,-0.000,-0.010,0.000,132
10393,13.419,-6.337,1.506,-0.000,-0.014,0.004,132
10394,13.421,-6.337,1.506,-0.000,-0.014,0.004,132
10395,13.423,-6.338,1.506,-0.000,-0.011,0.001,132
10396,13.424,-6.338,1.506,-0.000,-0.008,-0.003,132
10397,13.426,-6.339,1.506,-0.000,-0.006,-0.006,132
10398,13.428,-6.339,1.506,-0.000,-0.004,-0.008,132
10399,13.429,-6.340,1.506,-0.000,-0.004,-0.008,132
10400,13.431,-6.340,1.506,-0.000,-0.008,-0.003,132
10401,13.432,-6.340,1.506,-0.000,-0.011,0.000,132
10402,13.434,-6.341,1.506,-0.000,-0.012,0.002,132
10403,13.435,-6.341,1.506,-0.000,-0.011,0.003,132
10404,13.437,-6.341,1.506,-0.000,-0.009,0.002,132
10405,13.438,-6.342,1.506,-0.000,-0.007,0.000,132
10406,13.440,-6.342,1.506,-0.000,-0.005,-0.001,132
10407,13.441,-6.343,1.506,-0.000,-0.008,-0.001,132
10408,13.442,-6.343,1.506,-0.000,-0.012,0.000,132
10409,13.444,-6.343,1.506,-0.000,-0.015,0.001,132
10410,13.445,-6.344,1.506,-0.000,-0.015,0.001,132
10411,13.446,-6.344,1.506,-0.000,-0.013,0.000,132
10412,13.447,-6.345,1.506,-0.000,-0.011,0.002,132
10413,13.448,-6.345,1.506,-0.000,-0.008,0.001,132
10414,13.450,-6.345,1.506,-0.000,-0.004,-0.002,132
10415,13.451,-6.346,1.506,-0.000,-0.003,-0.004,132
10416,13.452,-6.346,1.506,-0.000,-0.003,-0.004,132
10417,13.453,-6.347,1.506,-0.000,-0.004,-0.004,132
10418,13.454,-6.347,1.506,-0.000,-0.003,-0.005,132
10419,13.455,-6.347,1.506,-0.000,-0.002,-0.004,132
10420,13.456,-6.348,1.506,-0.000,-0.002,-0.002,132
10421,13.457,-6.348,1.506,-0.000,-0.001,-0.002,132
10422,13.458,-6.348,1.506,-0.000,-0.000,-0.004,132
10423,13.459,-6.349,1.506,-0.000,-0.001,-0.004,132
10424,13.460,-6.349,1.506,-0.000,-0.004,-0.003,132
10425,13.461,-6.349,1.506,-0.000,-0.008,0.001,132
10426,13.462,-6.350,1.506,-0.000,-0.012,0.005,132
10427,13.463,-6.350,1.506,-0.000,-0.015,0.007,132
10428,13.464,-6.350,1.506,-0.000,-0.015,0.007,132
10429,13.465,-6.351,1.506,-0.000,-0.011,0.003,132
10430,13.466,-6.351,1.506,-0.000,-0.005,-0.004,132
10431,13.467,-6.351,1.506,-0.000,-0.008,0.001,132
10432,13.467,-6.352,1.506,-0.000,-0.008,0.004,132
10433,13.468,-6.352,1.506,-0.000,-0.006,0.003,132
10434,13.469,-6.352,1.505,-0.000,-0.002,-0.000,132
10435,13.470,-6.353,1.505,-0.000,-0.000,-0.003,132
10436,13.470,-6.353,1.505,-0.000,-0.001,-0.003,132
10437,13.471,-6.354,1.505,-0.000,-0.005,-0.001,132
10438,13.472,-6.354,1.505,-0.000,-0.010,0.003,132
10439,13.472,-6.354,1.505,-0.000,-0.016,0.008,132
10440,13.473,-6.355,1.505,-0.000,-0.019,0.011,132
10441,13.474,-6.355,1.505,-0.000,-0.017,0.011,132
10442,13.474,-6.356,1.505,-0.000,-0.012,0.006,132
10443,13.475,-6.356,1.505,-0.000,-0.005,-0.001,132
10444,13.475,-6.357,1.505,-0.000,-0.000,-0.008,132
10445,13.475,-6.357,1.505,-0.000,-0.001,-0.010,132
10446,13.476,-6.358,1.505,-0.000,-0.003,-0.009,132
10447,13.476,-6.358,1.505,-0.000,-0.002,-0.008,132
10448,13.477,-6.358,1.505,-0.000,-0.001,-0.006,132
10449,13.477,-6.359,1.505,-0.000,-0.000,-0.003,132
10450,13.478,-6.359,1.505,-0.000,-0.001,0.000,132
10451,13.478,-6.359,1.505,-0.000,-0.004,0.003,132
10452,13.478,-6.360,1.505,-0.000,-0.006,0.004,132
10453,13.479,-6.360,1.505,-0.000,-0.006,0.003,132
10454,13.479,-6.361,1.505,-0.000,-0.003,-0.003,132
10455,13.480,-6.361,1.505,-0.000,0.002,-0.011,132
10456,13.480,-6.361,1.505,-0.000,0.009,-0.019,132
10457,13.480,-6.362,1.505,-0.000,0.014,-0.025,132
10458,13.481,-6.362,1.505,-0.000,0.016,-0.025,132
10459,13.481,-6.362,1.505,-0.000,0.013,-0.020,132
10460,13.482,-6.362,1.505,-0.000,0.007,-0.010,132
10461,13.482,-6.362,1.505,-0.000,-0.001,0.001,132
10462,13.483,-6.362,1.505,-0.000,-0.010,0.012,132
10463,13.483,-6.362,1.505,-0.000,-0.016,0.018,132
10464,13.484,-6.362,1.505,-0.000,-0.019,0.019,132
10465,13.484,-6.362,1.505,-0.000,-0.017,0.014,132
10466,13.485,-6.363,1.505,-0.000,-0.010,0.005,132
10467,13.485,-6.363,1.505,-0.000,-0.005,-0.008,132
10468,13.485,-6.363,1.505,-0.000,0.006,-0.017,132
10469,13.486,-6.363,1.505,-0.000,0.016,-0.021,132
10470,13.486,-6.363,1.505,-0.000,0.021,-0.020,132
10471,13.487,-6.363,1.505,-0.000,0.019,-0.015,132
10472,13.487,-6.363,1.505,-0.000,0.012,-0.006,132
10473,13.488,-6.363,1.505,-0.000,0.001,0.003,132
10474,13.488,-6.363,1.505,-0.000,-0.015,0.011,132
10475,13.489,-6.363,1.505,-0.000,-0.025,0.014,132
10476,13.489,-6.363,1.505,-0.000,-0.025,0.011,132
10477,13.489,-6.363,1.505,-0.000,-0.019,0.006,132
10478,13.490,-6.363,1.505,-0.000,-0.010,0.001,132
10479,13.490,-6.363,1.505,-0.000,0.008,-0.009,132
10480,13.490,-6.364,1.505,-0.000,0.026,-0.025,132
10481,13.491,-6.364,1.505,-0.000,0.029,-0.028,132
10482,13.491,-6.363,1.505,-0.000,0.021,-0.019,132
10483,13.492,-6.363,1.505,-0.000,0.008,-0.004,132
10484,13.492,-6.363,1.505,-0.000,-0.011,0.015,132
10485,13.493,-6.363,1.505,-0.000,-0.023,0.025,132
10486,13.493,-6.363,1.505,-0.000,-0.026,0.026,132
10487,13.494,-6.363,1.505,-0.000,-0.020,0.018,132
10488,13.494,-6.363,1.505,-0.000,-0.015,0.014,132
10489,13.494,-6.363,1.505,-0.000,-0.011,0.010,132
10490,13.494,-6.363,1.505,-0.000,-0.008,0.005,132
10491,13.495,-6.364,1.505,-0.000,-0.003,-0.000,132
10492,13.495,-6.364,1.505,-0.000,0.001,-0.005,132
10493,13.495,-6.364,1.505,-0.000,-0.003,0.001,132
10494,13.495,-6.364,1.505,-0.000,0.005,-0.006,132
10495,13.495,-6.364,1.505,-0.000,0.011,-0.011,132
10496,13.495,-6.364,1.505,-0.000,0.012,-0.012,132
10497,13.496,-6.365,1.505,-0.000,0.007,-0.020,132
10498,13.496,-6.365,1.505,-0.000,-0.003,-0.004,132
10499,13.496,-6.365,1.505,-0.000,-0.018,0.015,132
10500,13.496,-6.365,1.505,-0.000,-0.028,0.028,132
10501,13.497,-6.365,1.505,-0.000,-0.027,0.028,132
10502,13.497,-6.365,1.505,-0.000,-0.020,0.020,132
10503,13.497,-6.365,1.505,-0.000,-0.010,0.009,132
10504,13.496,-6.366,1.505,-0.000,0.002,-0.016,132
10505,13.496,-6.366,1.505,-0.000,0.010,-0.032,132
10506,13.496,-6.366,1.505,-0.000,0.012,-0.035,132
10507,13.496,-6.366,1.505,-0.000,0.010,-0.028,132
10508,13.496,-6.366,1.505,-0.000,0.005,-0.015,132
10509,13.496,-6.366,1.505,-0.000,-0.000,-0.001,132
10510,13.496,-6.366,1.505,-0.000,-0.004,0.008,132
10511,13.496,-6.366,1.505,-0.000,-0.006,0.012,132
10512,13.496,-6.366,1.505,-0.000,-0.005,0.011,132
10513,13.496,-6.366,1.505,-0.000,-0.003,0.006,132
10514,13.496,-6.366,1.505,-0.000,-0.001,0.001,132
10515,13.496,-6.366,1.505,-0.000,0.001,-0.003,132
10516,13.496,-6.366,1.505,-0.000,0.002,-0.006,132
10517,13.496,-6.366,1.505,-0.000,0.012,-0.003,132
10518,13.496,-6.366,1.505,-0.000,0.019,-0.011,132
10519,13.497,-6.366,1.505,-0.000,0.024,-0.021,132
10520,13.497,-6.366,1.505,-0.000,0.024,-0.027,132
10521,13.497,-6.366,1.505,-0.000,0.021,-0.028,132
10522,13.497,-6.366,1.505,-0.000,0.038,-0.216,132
10523,13.498,-6.365,1.505,-0.000,0.040,-0.335,132
10524,13.498,-6.362,1.505,-0.000,0.018,-0.341,137
10525,13.499,-6.359,1.505,-0.000,0.177,-0.115,137
10526,13.500,-6.356,1.505,-0.000,0.282,0.107,137
10527,13.503,-6.352,1.505,-0.000,0.292,0.242,137
10528,13.506,-6.349,1.505,-0.000,0.236,0.272,137
10529,13.510,-6.348,1.505,-0.000,0.160,0.222,137
10530,13.514,-6.347,1.505,-0.000,0.078,0.126,137
10531,13.519,-6.346,1.505,-0.000,-0.001,0.018,137
10532,13.524,-6.346,1.505,-0.000,-0.050,-0.060,137
10533,13.529,-6.345,1.505,-0.000,-0.057,-0.082,137
10534,13.534,-6.344,1.505,-0.000,-0.020,-0.045,137
10535,13.538,-6.343,1.505,-0.000,0.013,0.017,137
10536,13.543,-6.342,1.505,-0.000,0.035,0.079,137
10537,13.548,-6.342,1.505,-0.000,0.041,0.127,137
10538,13.552,-6.341,1.505,-0.000,0.033,0.152,137
10539,13.557,-6.341,1.505,-0.000,0.016,0.144,137
10540,13.562,-6.342,1.505,-0.000,-0.001,0.108,137
10541,13.567,-6.343,1.505,-0.000,-0.014,0.058,137
10542,13.572,-6.345,1.505,-0.000,-0.019,0.007,137
10543,13.577,-6.346,1.505,-0.000,-0.022,-0.033,137
10544,13.582,-6.347,1.505,-0.000,-0.020,-0.054,137
10545,13.587,-6.348,1.505,-0.000,-0.013,-0.053,137
10546,13.592,-6.349,1.505,-0.000,-0.006,-0.038,137
10547,13.597,-6.350,1.505,-0.000,0.001,-0.019,137
10548,13.602,-6.350,1.505,-0.000,0.005,-0.004,137
10549,13.606,-6.351,1.505,-0.000,0.007,0.002,137
10550,13.611,-6.352,1.505,-0.000,0.006,0.001,137
10551,13.616,-6.352,1.505,-0.000,0.005,-0.007,137
10552,13.621,-6.353,1.505,-0.000,-0.001,-0.019,137
10553,13.626,-6.354,1.505,-0.000,-0.005,-0.028,137
10554,13.631,-6.354,1.505,-0.000,-0.015,-0.037,137
10555,13.636,-6.355,1.505,-0.000,-0.020,-0.043,137
10556,13.641,-6.355,1.505,-0.000,-0.020,-0.047,137
10557,13.645,-6.355,1.505,-0.000,-0.015,-0.046,137
10558,13.650,-6.355,1.505,-0.000,-0.008,-0.040,137
10559,13.655,-6.354,1.505,-0.000,-0.002,-0.031,137
10560,13.660,-6.354,1.505,-0.000,0.002,-0.024,137
10561,13.664,-6.354,1.505,-0.000,0.004,-0.018,137
10562,13.669,-6.353,1.505,-0.000,0.002,-0.015,137
10563,13.674,-6.353,1.505,-0.000,-0.001,-0.017,137
10564,13.678,-6.352,1.505,-0.000,-0.004,-0.021,137
10565,13.683,-6.351,1.505,-0.000,-0.006,-0.023,137
10566,13.688,-6.351,1.505,-0.000,-0.007,-0.022,137
10567,13.693,-6.350,1.505,-0.000,-0.002,-0.007,137
10568,13.697,-6.349,1.505,-0.000,0.006,0.017,137
10569,13.702,-6.348,1.505,-0.000,0.017,0.040,137
10570,13.707,-6.347,1.505,-0.000,0.026,0.046,137
10571,13.712,-6.347,1.505,-0.000,0.029,0.034,137
10572,13.717,-6.346,1.505,-0.000,0.030,0.015,137
10573,13.722,-6.346,1.505,-0.000,0.027,-0.004,137
10574,13.727,-6.346,1.505,-0.000,0.025,0.008,137
10575,13.733,-6.345,1.505,-0.000,0.022,0.018,137
10576,13.738,-6.345,1.505,-0.000,0.017,0.019,137
10577,13.743,-6.345,1.505,-0.000,0.010,0.013,137
10578,13.749,-6.345,1.505,-0.000,0.003,0.002,137
10579,13.755,-6.345,1.505,-0.000,-0.004,-0.009,137
10580,13.760,-6.344,1.504,-0.000,-0.009,-0.017,137
10581,13.766,-6.344,1.504,-0.000,-0.011,-0.019,137
10582,13.771,-6.344,1.504,-0.000,-0.010,-0.015,137
10583,13.777,-6.343,1.504,-0.000,-0.008,-0.008,137
10584,13.782,-6.343,1.504,-0.000,-0.007,0.002,137
10585,13.787,-6.343,1.504,-0.000,-0.007,0.009,137
10586,13.793,-6.342,1.504,-0.000,-0.006,0.013,137
10587,13.798,-6.342,1.504,-0.000,-0.002,0.017,137
10588,13.804,-6.342,1.504,-0.000,0.002,0.018,137
10589,13.809,-6.342,1.504,-0.000,0.005,0.017,137
10590,13.815,-6.341,1.504,-0.000,0.007,0.015,137
10591,13.820,-6.341,1.504,-0.000,0.008,0.012,137
10592,13.826,-6.341,1.504,-0.000,0.004,0.008,137
10593,13.831,-6.341,1.504,-0.000,-0.003,0.004,137
10594,13.837,-6.341,1.504,-0.000,-0.010,0.001,137
10595,13.842,-6.341,1.504,-0.000,-0.014,-0.007,137
10596,13.848,-6.341,1.504,-0.000,-0.017,-0.015,137
10597,13.853,-6.341,1.504,-0.000,-0.017,-0.019,137
10598,13.859,-6.341,1.504,-0.000,-0.015,-0.018,137
10599,13.864,-6.341,1.504,-0.000,-0.010,-0.015,137
10600,13.869,-6.341,1.504,-0.000,-0.007,-0.011,137
10601,13.875,-6.340,1.504,-0.000,-0.005,-0.007,137
10602,13.880,-6.340,1.504,-0.000,-0.005,-0.008,137
10603,13.885,-6.340,1.504,-0.000,-0.007,-0.016,137
10604,13.891,-6.339,1.504,-0.000,-0.010,-0.024,137
10605,13.896,-6.339,1.504,-0.000,-0.014,-0.025,137
10606,13.901,-6.338,1.504,-0.000,-0.016,-0.023,137
10607,13.906,-6.338,1.504,-0.000,-0.019,-0.019,137
10608,13.911,-6.337,1.504,-0.000,-0.020,-0.015,137
10609,13.916,-6.336,1.504,-0.000,-0.020,-0.010,137
10610,13.921,-6.335,1.504,-0.000,-0.018,-0.009,137
10611,13.926,-6.335,1.504,-0.000,-0.017,-0.011,137
10612,13.931,-6.334,1.504,-0.000,-0.014,-0.015,137
10613,13.936,-6.333,1.504,-0.000,-0.012,-0.017,137
10614,13.941,-6.332,1.504,-0.000,-0.010,-0.018,137
10615,13.946,-6.331,1.504,-0.000,-0.009,-0.019,137
10616,13.950,-6.330,1.504,-0.000,-0.009,-0.020,137
10617,13.955,-6.328,1.504,-0.000,-0.010,-0.018,137
10618,13.960,-6.327,1.504,-0.000,-0.009,-0.013,137
10619,13.965,-6.326,1.504,-0.000,0.003,0.053,137
10620,13.969,-6.325,1.504,-0.000,0.012,0.098,137
10621,13.974,-6.324,1.504,-0.000,0.013,0.105,137
10622,13.979,-6.323,1.504,-0.000,0.009,0.079,137
10623,13.984,-6.323,1.504,-0.000,0.001,0.027,137
10624,13.989,-6.323,1.504,-0.000,-0.009,-0.035,137
10625,13.994,-6.323,1.504,-0.000,-0.017,-0.081,137
10626,13.998,-6.322,1.504,-0.000,-0.022,-0.098,137
10627,14.003,-6.322,1.504,-0.000,-0.021,-0.086,137
10628,14.008,-6.321,1.504,-0.000,-0.017,-0.057,137
10629,14.012,-6.319,1.504,-0.000,-0.012,-0.027,137
10630,14.017,-6.318,1.504,-0.000,-0.009,-0.005,137
10631,14.022,-6.317,1.504,-0.000,-0.006,0.007,137
10632,14.026,-6.315,1.504,-0.000,-0.005,0.008,137
10633,14.031,-6.314,1.504,-0.000,-0.006,-0.000,137
10634,14.035,-6.312,1.504,-0.000,-0.006,-0.009,137
10635,14.040,-6.311,1.504,-0.000,-0.013,-0.031,137
10636,14.044,-6.309,1.504,-0.000,-0.017,-0.040,137
10637,14.049,-6.308,1.504,-0.000,-0.017,-0.038,137
10638,14.053,-6.306,1.504,-0.000,-0.014,-0.028,137
10639,14.057,-6.304,1.504,-0.000,-0.008,-0.014,137
10640,14.062,-6.302,1.504,-0.000,-0.003,0.001,137
10641,14.066,-6.300,1.504,-0.000,0.001,0.010,137
10642,14.070,-6.298,1.504,-0.000,0.003,0.013,137
10643,14.075,-6.296,1.504,-0.000,0.003,0.012,137
10644,14.079,-6.295,1.504,-0.000,0.001,0.008,137
10645,14.084,-6.293,1.504,-0.000,-0.001,0.003,137
10646,14.088,-6.291,1.504,-0.000,-0.004,-0.003,137
10647,14.092,-6.289,1.504,-0.000,-0.006,-0.008,137
10648,14.097,-6.287,1.504,-0.000,-0.007,-0.009,137
10649,14.101,-6.285,1.504,-0.000,-0.006,-0.008,137
10650,14.105,-6.284,1.504,-0.000,-0.005,-0.007,137
10651,14.110,-6.282,1.504,-0.000,-0.004,-0.004,137
10652,14.114,-6.280,1.504,-0.000,-0.002,-0.000,137
10653,14.118,-6.278,1.504,-0.000,0.001,0.005,137
10654,14.123,-6.276,1.504,-0.000,0.003,0.009,137
10655,14.127,-6.274,1.504,-0.000,0.004,0.011,137
10656,14.131,-6.272,1.504,-0.000,0.005,0.012,137
10657,14.136,-6.270,1.504,-0.000,0.005,0.012,137
10658,14.140,-6.268,1.504,-0.000,0.004,0.012,137
10659,14.145,-6.266,1.504,-0.000,0.004,0.010,137
10660,14.149,-6.265,1.504,-0.000,0.004,0.009,137
10661,14.154,-6.263,1.504,-0.000,0.003,0.010,137
10662,14.158,-6.261,1.504,-0.000,-0.002,0.011,137
10663,14.163,-6.260,1.504,-0.000,-0.008,0.012,137
10664,14.167,-6.258,1.504,-0.000,-0.015,0.012,137
10665,14.172,-6.256,1.504,-0.000,-0.020,0.011,137
10666,14.176,-6.255,1.504,-0.000,-0.023,0.010,137
10667,14.180,-6.253,1.504,-0.000,-0.022,0.007,137
10668,14.185,-6.252,1.504,-0.000,-0.021,0.008,137
10669,14.189,-6.250,1.504,-0.000,-0.020,0.010,137
10670,14.193,-6.249,1.504,-0.000,-0.020,0.013,137
10671,14.197,-6.248,1.504,-0.000,-0.020,0.016,137
10672,14.201,-6.246,1.504,-0.000,-0.021,0.017,137
10673,14.205,-6.245,1.504,-0.000,-0.022,0.015,137
10674,14.209,-6.244,1.504,-0.000,-0.021,0.009,137
10675,14.213,-6.243,1.504,-0.000,-0.019,0.002,137
10676,14.217,-6.241,1.504,-0.000,-0.015,-0.006,137
10677,14.220,-6.240,1.504,-0.000,-0.013,-0.011,137
10678,14.224,-6.239,1.504,-0.000,-0.013,-0.009,137
10679,14.228,-6.238,1.504,-0.000,-0.014,-0.003,137
10680,14.231,-6.236,1.504,-0.000,-0.016,0.005,137
10681,14.235,-6.235,1.504,-0.000,-0.018,0.010,137
10682,14.238,-6.234,1.504,-0.000,-0.018,0.013,137
10683,14.242,-6.233,1.504,-0.000,-0.019,0.014,137
10684,14.245,-6.232,1.504,-0.000,-0.020,0.019,137
10685,14.248,-6.230,1.504,-0.000,-0.021,0.022,137
10686,14.252,-6.229,1.504,-0.000,-0.020,0.021,137
10687,14.255,-6.228,1.504,-0.000,-0.017,0.015,137
10688,14.258,-6.228,1.504,-0.000,-0.012,0.003,137
10689,14.261,-6.227,1.503,-0.000,-0.009,-0.006,137
10690,14.264,-6.226,1.503,-0.000,-0.007,-0.013,137
10691,14.267,-6.225,1.503,-0.000,-0.007,-0.014,137
10692,14.270,-6.224,1.503,-0.000,-0.008,-0.008,137
10693,14.273,-6.223,1.503,-0.000,-0.011,0.002,137
10694,14.276,-6.222,1.503,-0.000,-0.013,0.009,137
10695,14.279,-6.221,1.503,-0.000,-0.015,0.011,137
10696,14.282,-6.220,1.503,-0.000,-0.016,0.010,137
10697,14.285,-6.219,1.503,-0.000,-0.016,0.008,137
10698,14.288,-6.218,1.503,-0.000,-0.017,0.006,137
10699,14.290,-6.217,1.503,-0.000,-0.016,0.004,137
10700,14.293,-6.216,1.503,-0.000,-0.015,0.002,137
10701,14.296,-6.215,1.503,-0.000,-0.014,0.001,137
10702,14.298,-6.214,1.503,-0.000,-0.013,0.001,137
10703,14.301,-6.214,1.503,-0.000,-0.013,0.002,137
10704,14.303,-6.213,1.503,-0.000,-0.011,0.003,137
10705,14.306,-6.212,1.503,-0.000,-0.011,0.004,137
10706,14.308,-6.211,1.503,-0.000,-0.011,0.004,137
10707,14.311,-6.210,1.503,-0.000,-0.013,0.005,137
10708,14.313,-6.209,1.503,-0.000,-0.015,0.006,137
10709,14.315,-6.209,1.503,-0.000,-0.016,0.005,137
10710,14.318,-6.208,1.503,-0.000,-0.015,0.003,137
10711,14.320,-6.207,1.503,-0.000,-0.013,0.000,137
10712,14.322,-6.206,1.503,-0.000,-0.012,-0.000,137
10713,14.324,-6.206,1.503,-0.000,-0.011,-0.000,137
10714,14.326,-6.205,1.503,-0.000,-0.011,0.001,137
10715,14.328,-6.204,1.503,-0.000,-0.011,0.003,137
10716,14.330,-6.203,1.503,-0.000,-0.011,0.005,137
10717,14.332,-6.203,1.503,-0.000,-0.011,0.005,137
10718,14.334,-6.202,1.503,-0.000,-0.011,0.005,137
10719,14.336,-6.201,1.503,-0.000,-0.010,0.002,137
10720,14.338,-6.200,1.503,-0.000,-0.009,-0.001,137
10721,14.340,-6.200,1.503,-0.000,-0.008,-0.002,137
10722,14.342,-6.199,1.503,-0.000,-0.008,-0.001,137
10723,14.344,-6.198,1.503,-0.000,-0.009,0.001,137
10724,14.346,-6.198,1.503,-0.000,-0.009,0.003,137
10725,14.347,-6.197,1.503,-0.000,-0.008,0.001,137
10726,14.349,-6.196,1.503,-0.000,-0.007,-0.002,137
10727,14.351,-6.195,1.503,-0.000,-0.006,-0.003,137
10728,14.353,-6.195,1.503,-0.000,-0.006,-0.005,137
10729,14.354,-6.194,1.503,-0.000,-0.008,-0.002,137
10730,14.356,-6.193,1.503,-0.000,-0.010,0.004,137
10731,14.358,-6.192,1.503,-0.000,-0.011,0.010,137
10732,14.359,-6.192,1.503,-0.000,-0.012,0.012,137
10733,14.361,-6.191,1.503,-0.000,-0.011,0.013,137
10734,14.362,-6.190,1.503,-0.000,-0.010,0.011,137
10735,14.364,-6.190,1.503,-0.000,-0.009,0.008,137
10736,14.365,-6.189,1.503,-0.000,-0.007,0.003,137
10737,14.367,-6.189,1.503,-0.000,-0.008,0.002,137
10738,14.368,-6.188,1.503,-0.000,-0.009,0.002,137
10739,14.370,-6.188,1.503,-0.000,-0.008,0.002,137
10740,14.371,-6.187,1.503,-0.000,-0.007,0.002,137
10741,14.372,-6.187,1.503,-0.000,-0.006,0.003,137
10742,14.374,-6.186,1.503,-0.000,-0.005,0.003,137
10743,14.375,-6.186,1.503,-0.000,-0.004,0.003,137
10744,14.376,-6.185,1.503,-0.000,-0.003,0.002,137
10745,14.378,-6.185,1.503,-0.000,-0.003,0.001,137
10746,14.379,-6.184,1.503,-0.000,-0.003,0.000,137
10747,14.380,-6.184,1.503,-0.000,-0.004,0.002,137
10748,14.381,-6.183,1.503,-0.000,-0.005,0.002,137
10749,14.383,-6.183,1.503,-0.000,-0.006,0.002,137
10750,14.384,-6.182,1.503,-0.000,-0.007,0.001,137
10751,14.385,-6.182,1.503,-0.000,-0.007,0.000,137
10752,14.386,-6.181,1.502,-0.000,-0.007,-0.001,137
10753,14.388,-6.181,1.502,-0.000,-0.006,-0.001,137
10754,14.389,-6.180,1.502,-0.000,-0.005,-0.001,137
10755,14.390,-6.180,1.502,-0.000,-0.005,-0.000,137
10756,14.391,-6.179,1.502,-0.000,-0.005,0.001,137
10757,14.392,-6.179,1.502,-0.000,-0.005,0.003,137
10758,14.393,-6.178,1.502,-0.000,-0.004,0.002,137
10759,14.394,-6.178,1.502,-0.000,-0.004,0.001,137
10760,14.395,-6.178,1.502,-0.000,-0.006,0.002,137
10761,14.396,-6.177,1.502,-0.000,-0.008,0.004,137
10762,14.397,-6.177,1.502,-0.000,-0.008,0.004,137
10763,14.398,-6.176,1.502,-0.000,-0.006,0.002,137
10764,14.399,-6.176,1.502,-0.000,-0.005,0.002,137
10765,14.400,-6.175,1.502,-0.000,-0.005,0.004,137
10766,14.401,-6.175,1.502,-0.000,-0.005,0.004,137
10767,14.402,-6.175,1.502,-0.000,-0.006,0.004,137
10768,14.403,-6.174,1.502,-0.000,-0.005,0.003,137
10769,14.404,-6.174,1.502,-0.000,-0.004,-0.001,137
10770,14.405,-6.173,1.502,-0.000,-0.003,-0.004,137
10771,14.406,-6.173,1.502,-0.000,-0.002,-0.005,137
10772,14.407,-6.173,1.502,-0.000,-0.001,-0.006,137
10773,14.408,-6.172,1.502,-0.000,-0.000,-0.006,137
10774,14.408,-6.172,1.502,-0.000,-0.002,-0.005,137
10775,14.409,-6.171,1.502,-0.000,-0.004,-0.000,137
10776,14.410,-6.171,1.502,-0.000,-0.006,0.006,137
10777,14.411,-6.170,1.502,-0.000,-0.008,0.011,137
10778,14.412,-6.170,1.502,-0.000,-0.008,0.014,137
10779,14.413,-6.170,1.502,-0.000,-0.007,0.013,137
10780,14.413,-6.169,1.502,-0.000,-0.005,0.010,137
10781,14.414,-6.169,1.502,-0.000,-0.003,0.007,137
10782,14.415,-6.169,1.502,-0.000,-0.002,0.005,137
10783,14.415,-6.169,1.502,-0.000,-0.000,0.002,137
10784,14.416,-6.168,1.502,-0.000,-0.001,0.003,137
10785,14.417,-6.168,1.502,-0.000,-0.002,0.003,137
10786,14.418,-6.168,1.502,-0.000,-0.002,0.001,137
10787,14.418,-6.168,1.502,-0.000,-0.003,0.000,137
10788,14.419,-6.168,1.502,-0.000,-0.001,-0.004,137
10789,14.420,-6.167,1.502,-0.000,0.000,-0.006,137
10790,14.420,-6.167,1.502,-0.000,-0.000,-0.004,137
10791,14.421,-6.167,1.502,-0.000,-0.001,-0.002,137
10792,14.422,-6.167,1.502,-0.000,-0.002,0.003,137
10793,14.423,-6.166,1.502,-0.000,-0.003,0.006,137
10794,14.423,-6.166,1.502,-0.000,-0.004,0.007,137
10795,14.424,-6.166,1.502,-0.000,-0.003,0.006,137
10796,14.425,-6.166,1.502,-0.000,-0.003,0.002,137
10797,14.425,-6.166,1.502,-0.000,-0.002,-0.001,137
10798,14.426,-6.165,1.502,-0.000,-0.003,-0.003,137
10799,14.427,-6.165,1.502,-0.000,-0.004,-0.003,137
10800,14.427,-6.165,1.502,-0.000,-0.005,-0.001,137
10801,14.428,-6.165,1.502,-0.000,-0.005,-0.002,137
10802,14.428,-6.165,1.502,-0.000,-0.006,-0.012,137
10803,14.429,-6.164,1.502,-0.000,-0.007,-0.027,137
10804,14.429,-6.164,1.502,-0.000,-0.009,-0.037,137
10805,14.430,-6.163,1.502,-0.000,-0.011,-0.033,137
10806,14.430,-6.163,1.502,-0.000,-0.013,-0.018,137
10807,14.431,-6.162,1.502,-0.000,-0.012,-0.001,137
10808,14.431,-6.162,1.502,-0.000,-0.011,0.010,137
10809,14.432,-6.161,1.502,-0.000,-0.009,0.015,137
10810,14.432,-6.160,1.502,-0.000,-0.006,0.015,137
10811,14.432,-6.160,1.502,-0.000,-0.003,0.011,137
10812,14.433,-6.159,1.502,-0.000,-0.001,0.006,137
10813,14.433,-6.159,1.502,-0.000,0.001,-0.001,137
10814,14.433,-6.158,1.502,-0.000,0.002,-0.005,137
10815,14.434,-6.158,1.502,-0.000,0.001,-0.003,137
10816,14.434,-6.157,1.502,-0.000,0.000,-0.000,137
10817,14.434,-6.157,1.502,-0.000,-0.000,0.004,137
10818,14.434,-6.156,1.502,-0.000,-0.001,0.011,137
10819,14.435,-6.156,1.502,-0.000,-0.002,0.017,137
10820,14.435,-6.155,1.502,-0.000,-0.003,0.019,137
10821,14.435,-6.155,1.502,-0.000,-0.003,0.018,137
10822,14.436,-6.155,1.502,-0.000,-0.000,0.012,137
10823,14.436,-6.155,1.502,-0.000,0.002,0.005,137
10824,14.436,-6.154,1.502,-0.000,0.003,-0.001,137
10825,14.437,-6.154,1.502,-0.000,0.005,-0.005,137
10826,14.437,-6.154,1.502,-0.000,0.004,-0.002,137
10827,14.437,-6.154,1.502,-0.000,0.001,0.005,137
10828,14.437,-6.153,1.502,-0.000,-0.003,0.014,137
10829,14.438,-6.153,1.502,-0.000,-0.006,0.019,137
10830,14.438,-6.153,1.502,-0.000,-0.006,0.017,137
10831,14.438,-6.153,1.502,-0.000,-0.004,0.015,137
10832,14.439,-6.153,1.502,-0.000,-0.002,0.012,137
10833,14.439,-6.153,1.502,-0.000,-0.001,0.010,137
10834,14.439,-6.153,1.502,-0.000,0.000,0.006,137
10835,14.439,-6.153,1.502,-0.000,0.001,0.003,137
10836,14.440,-6.153,1.502,-0.000,0.001,-0.001,137
10837,14.440,-6.153,1.502,-0.000,0.001,-0.002,137
10838,14.440,-6.153,1.502,-0.000,0.001,-0.003,137
10839,14.441,-6.154,1.502,-0.000,0.001,-0.004,137
10840,14.441,-6.154,1.502,-0.000,0.002,-0.001,137
10841,14.441,-6.154,1.502,-0.000,0.002,0.003,137
10842,14.441,-6.154,1.502,-0.000,0.000,0.007,137
10843,14.442,-6.154,1.502,-0.000,-0.000,0.009,137
10844,14.442,-6.154,1.502,-0.000,-0.000,0.007,137
10845,14.442,-6.154,1.502,-0.000,0.002,0.002,137
10846,14.443,-6.154,1.502,-0.000,0.003,-0.002,137
10847,14.443,-6.154,1.502,-0.000,0.003,-0.004,137
10848,14.443,-6.155,1.502,-0.000,0.002,-0.005,137
10849,14.444,-6.155,1.502,-0.000,0.001,-0.005,137
10850,14.444,-6.155,1.502,-0.000,-0.000,-0.005,137
10851,14.444,-6.155,1.502,-0.000,-0.002,-0.003,137
10852,14.445,-6.155,1.502,-0.000,-0.003,-0.002,137
10853,14.445,-6.155,1.502,-0.000,-0.003,-0.001,137
10854,14.445,-6.155,1.502,-0.000,-0.002,-0.001,137
10855,14.445,-6.155,1.502,-0.000,0.000,-0.004,137
10856,14.446,-6.155,1.502,-0.000,0.002,-0.007,137
10857,14.446,-6.155,1.502,-0.000,0.002,-0.010,137
10858,14.446,-6.155,1.502,-0.000,0.001,-0.011,137
10859,14.447,-6.155,1.502,-0.000,0.000,-0.010,137
10860,14.447,-6.155,1.502,-0.000,-0.001,-0.009,137
10861,14.447,-6.155,1.502,-0.000,-0.001,-0.009,137
10862,14.448,-6.155,1.502,-0.000,-0.002,-0.008,137
10863,14.448,-6.155,1.502,-0.000,0.001,-0.014,137
10864,14.448,-6.154,1.502,-0.000,0.003,-0.018,137
10865,14.449,-6.154,1.502,-0.000,0.004,-0.018,137
10866,14.449,-6.154,1.502,-0.000,0.004,-0.015,137
10867,14.449,-6.153,1.502,-0.000,0.002,-0.010,137
10868,14.450,-6.153,1.502,-0.000,-0.001,-0.007,137
10869,14.450,-6.152,1.502,-0.000,-0.002,-0.007,137
10870,14.450,-6.152,1.502,-0.000,-0.002,-0.008,137
10871,14.451,-6.151,1.502,-0.000,-0.003,-0.009,137
10872,14.451,-6.151,1.502,-0.000,-0.003,-0.008,137
10873,14.451,-6.150,1.502,-0.000,-0.004,-0.007,137
10874,14.452,-6.150,1.502,-0.000,-0.003,-0.007,137
10875,14.452,-6.149,1.502,-0.000,-0.002,-0.007,137
10876,14.452,-6.148,1.502,-0.000,0.000,-0.011,137
10877,14.452,-6.148,1.502,-0.000,0.001,-0.012,137
10878,14.453,-6.147,1.502,-0.000,0.001,-0.010,137
10879,14.453,-6.146,1.502,-0.000,-0.000,-0.007,137
10880,14.453,-6.145,1.502,-0.000,-0.001,-0.004,137
10881,14.454,-6.145,1.502,-0.000,-0.001,-0.002,137
10882,14.454,-6.144,1.502,-0.000,-0.001,-0.002,137
10883,14.454,-6.143,1.502,-0.000,-0.000,-0.002,137
10884,14.454,-6.142,1.502,-0.000,0.001,-0.003,137
10885,14.455,-6.141,1.502,-0.000,0.002,-0.004,137
10886,14.455,-6.140,1.502,-0.000,0.003,-0.004,137
10887,14.455,-6.139,1.502,-0.000,0.003,-0.004,137
10888,14.456,-6.138,1.502,-0.000,0.003,-0.003,137
10889,14.456,-6.138,1.502,-0.000,0.003,-0.002,137
10890,14.456,-6.137,1.502,-0.000,0.003,-0.001,137
10891,14.457,-6.136,1.502,-0.000,0.003,0.000,137
10892,14.457,-6.135,1.502,-0.000,0.003,0.001,137
10893,14.457,-6.134,1.502,-0.000,0.003,0.001,137
10894,14.458,-6.133,1.502,-0.000,0.002,0.000,137
10895,14.458,-6.132,1.502,-0.000,0.001,0.000,137
10896,14.459,-6.131,1.502,-0.000,-0.000,-0.001,137
10897,14.459,-6.130,1.502,-0.000,-0.001,-0.004,137
10898,14.459,-6.129,1.502,-0.000,-0.001,-0.006,137
10899,14.460,-6.128,1.502,-0.000,-0.001,-0.007,137
10900,14.460,-6.127,1.502,-0.000,-0.001,-0.007,137
10901,14.460,-6.126,1.502,-0.000,-0.001,-0.006,137
10902,14.461,-6.125,1.502,-0.000,-0.001,-0.003,137
10903,14.461,-6.124,1.502,-0.000,-0.001,0.000,137
10904,14.462,-6.123,1.502,-0.000,-0.001,0.004,137
10905,14.462,-6.122,1.502,-0.000,-0.000,0.008,137
10906,14.462,-6.121,1.502,-0.000,0.000,0.011,137
10907,14.463,-6.120,1.502,-0.000,0.000,0.013,137
10908,14.463,-6.119,1.502,-0.000,-0.001,0.014,137
10909,14.463,-6.118,1.502,-0.000,-0.002,0.014,137
10910,14.464,-6.117,1.502,-0.000,-0.003,0.012,137
10911,14.464,-6.116,1.502,-0.000,-0.003,0.011,137
10912,14.464,-6.116,1.502,-0.000,-0.002,0.010,137
10913,14.465,-6.115,1.502,-0.000,-0.002,0.009,137
10914,14.465,-6.114,1.502,-0.000,-0.001,0.009,137
10915,14.465,-6.113,1.502,-0.000,-0.001,0.008,137
10916,14.466,-6.113,1.502,-0.000,-0.001,0.008,137
10917,14.466,-6.112,1.502,-0.000,-0.002,0.007,137
10918,14.466,-6.112,1.502,-0.000,-0.002,0.007,137
10919,14.467,-6.111,1.502,-0.000,-0.003,0.010,137
10920,14.467,-6.110,1.502,-0.000,-0.003,0.011,137
10921,14.467,-6.110,1.502,-0.000,-0.004,0.014,137
10922,14.467,-6.109,1.502,-0.000,-0.004,0.017,137
10923,14.468,-6.109,1.502,-0.000,-0.005,0.021,137
10924,14.468,-6.109,1.502,-0.000,-0.005,0.019,137
10925,14.468,-6.108,1.502,-0.000,-0.006,0.014,137
10926,14.468,-6.108,1.502,-0.000,-0.005,0.008,137
10927,14.469,-6.108,1.502,-0.000,-0.004,0.005,137
10928,14.469,-6.108,1.502,-0.000,-0.003,0.006,137
10929,14.469,-6.108,1.502,-0.000,-0.003,0.011,137
10930,14.469,-6.108,1.502,-0.000,-0.002,0.013,137
10931,14.469,-6.107,1.502,-0.000,-0.001,0.013,137
10932,14.469,-6.107,1.502,-0.000,0.003,0.006,137
10933,14.470,-6.107,1.502,-0.000,0.012,-0.014,137
10934,14.470,-6.107,1.502,-0.000,0.020,-0.034,137
10935,14.470,-6.107,1.502,-0.000,0.018,-0.032,137
10936,14.470,-6.107,1.502,-0.000,0.001,0.000,137
10937,14.471,-6.107,1.502,-0.000,-0.019,0.039,137
10938,14.471,-6.106,1.502,-0.000,-0.033,0.065,137
10939,14.471,-6.107,1.502,-0.000,-0.035,0.071,137
10940,14.471,-6.107,1.502,-0.000,-0.029,0.059,137
10941,14.471,-6.107,1.502,-0.000,-0.018,0.036,137
10942,14.471,-6.108,1.502,-0.000,-0.005,0.006,137
10943,14.471,-6.109,1.502,-0.000,0.009,-0.024,137
10944,14.471,-6.109,1.502,-0.000,0.018,-0.045,137
10945,14.471,-6.110,1.502,-0.000,0.019,-0.048,137
10946,14.471,-6.110,1.502,-0.000,0.013,-0.036,137
10947,14.471,-6.110,1.502,-0.000,0.004,-0.015,137
10948,14.471,-6.110,1.502,-0.000,-0.005,0.008,137
10949,14.471,-6.110,1.502,-0.000,-0.012,0.024,137
10950,14.471,-6.110,1.502,-0.000,-0.015,0.033,137
10951,14.471,-6.111,1.502,-0.000,-0.014,0.031,137
10952,14.471,-6.111,1.502,-0.000,-0.010,0.023,137
10953,14.470,-6.112,1.502,-0.000,-0.004,0.011,137
10954,14.470,-6.112,1.502,-0.000,0.001,0.001,137
10955,14.470,-6.113,1.502,-0.000,0.003,-0.005,137
10956,14.470,-6.113,1.502,-0.000,0.001,-0.002,137
10957,14.470,-6.114,1.502,-0.000,-0.006,0.010,137
10958,14.470,-6.114,1.502,-0.000,-0.014,0.025,137
10959,14.470,-6.115,1.502,-0.000,-0.020,0.036,137
10960,14.469,-6.116,1.502,-0.000,-0.022,0.038,137
10961,14.469,-6.117,1.502,-0.000,-0.019,0.033,137
10962,14.469,-6.118,1.502,-0.000,-0.014,0.023,137
10963,14.468,-6.119,1.502,-0.000,-0.007,0.011,137
10964,14.468,-6.120,1.502,-0.000,-0.002,0.001,137
10965,14.467,-6.121,1.502,-0.000,0.002,-0.005,137
10966,14.467,-6.122,1.502,-0.000,0.002,-0.007,137
10967,14.466,-6.123,1.502,-0.000,0.002,-0.007,137
10968,14.466,-6.124,1.502,-0.000,-0.000,-0.006,137
10969,14.465,-6.125,1.502,-0.000,-0.004,-0.005,137
10970,14.465,-6.127,1.502,-0.000,-0.007,-0.005,137
10971,14.464,-6.128,1.502,-0.000,-0.010,-0.006,137
10972,14.464,-6.129,1.502,-0.000,-0.012,-0.007,137
10973,14.463,-6.130,1.502,-0.000,-0.012,-0.007,137
10974,14.462,-6.131,1.502,-0.000,-0.011,-0.007,137
10975,14.462,-6.132,1.502,-0.000,-0.009,-0.005,137
10976,14.461,-6.132,1.502,-0.000,-0.007,-0.001,137
10977,14.460,-6.133,1.502,-0.000,-0.004,0.003,137
10978,14.460,-6.134,1.502,-0.000,-0.000,0.007,137
10979,14.459,-6.135,1.502,-0.000,0.002,0.010,137
10980,14.458,-6.136,1.502,-0.000,0.004,0.010,137
10981,14.457,-6.137,1.502,-0.000,0.006,0.005,137
10982,14.457,-6.138,1.502,-0.000,0.009,-0.002,137
10983,14.456,-6.140,1.502,-0.000,0.011,-0.010,137
10984,14.455,-6.141,1.502,-0.000,0.014,-0.016,137
10985,14.455,-6.142,1.502,-0.000,0.013,-0.018,137
10986,14.454,-6.142,1.502,-0.000,0.009,-0.016,137
10987,14.454,-6.143,1.502,-0.000,0.003,-0.012,137
10988,14.453,-6.144,1.502,-0.000,-0.002,-0.010,137
10989,14.453,-6.145,1.502,-0.000,-0.005,-0.008,137
10990,14.452,-6.146,1.502,-0.000,-0.005,-0.009,137
10991,14.451,-6.146,1.502,-0.000,-0.003,-0.011,137
10992,14.451,-6.147,1.502,-0.000,-0.001,-0.013,137
10993,14.450,-6.148,1.502,-0.000,0.002,-0.015,137
10994,14.450,-6.148,1.502,-0.000,0.005,-0.016,137
10995,14.449,-6.149,1.503,-0.000,0.002,-0.003,137
10996,14.449,-6.150,1.503,-0.000,-0.012,0.038,137
10997,14.448,-6.150,1.503,-0.000,-0.024,0.077,137
10998,14.447,-6.151,1.503,-0.000,-0.028,0.090,137
10999,14.447,-6.152,1.503,-0.000,-0.022,0.076,137
11000,14.446,-6.154,1.503,-0.000,-0.009,0.042,137
11001,14.445,-6.155,1.503,-0.000,0.004,0.003,137
11002,14.444,-6.157,1.503,-0.000,0.013,-0.032,137
11003,14.443,-6.159,1.503,-0.000,0.017,-0.054,137
11004,14.442,-6.160,1.503,-0.000,0.016,-0.058,137
11005,14.442,-6.161,1.503,-0.000,0.013,-0.049,137
11006,14.441,-6.162,1.503,-0.000,0.009,-0.032,137
11007,14.440,-6.163,1.503,-0.000,0.004,-0.015,137
11008,14.440,-6.164,1.503,-0.000,0.000,-0.004,137
11009,14.439,-6.165,1.503,-0.000,-0.001,0.000,137
11010,14.438,-6.166,1.503,-0.000,-0.001,-0.001,137
11011,14.438,-6.167,1.503,-0.000,0.002,-0.006,137
11012,14.437,-6.168,1.503,-0.000,0.005,-0.013,137
11013,14.436,-6.168,1.503,-0.000,0.007,-0.019,137
11014,14.436,-6.169,1.503,-0.000,0.009,-0.022,137
11015,14.435,-6.170,1.503,-0.000,0.013,-0.037,137
11016,14.435,-6.170,1.503,-0.000,0.023,-0.077,137
11017,14.434,-6.170,1.503,-0.000,0.031,-0.110,137
11018,14.434,-6.170,1.503,-0.000,0.031,-0.112,137
11019,14.434,-6.170,1.503,-0.000,0.025,-0.079,137
11020,14.434,-6.169,1.503,-0.000,0.014,-0.026,137
11021,14.433,-6.168,1.503,-0.000,0.001,0.034,137
11022,14.433,-6.168,1.503,-0.000,-0.011,0.090,137
11023,14.433,-6.167,1.503,-0.000,-0.017,0.117,137
11024,14.433,-6.167,1.503,-0.000,-0.015,0.106,137
11025,14.433,-6.167,1.503,-0.000,-0.007,0.068,137
11026,14.432,-6.168,1.503,-0.000,0.003,0.021,137
11027,14.432,-6.168,1.503,-0.000,0.012,-0.021,137
11028,14.432,-6.169,1.503,-0.000,0.017,-0.046,137
11029,14.432,-6.169,1.503,-0.000,0.018,-0.053,137
11030,14.432,-6.170,1.503,-0.000,0.016,-0.050,137
11031,14.432,-6.170,1.503,-0.000,0.011,-0.035,137
11032,14.432,-6.170,1.503,-0.000,0.005,-0.014,137
11033,14.432,-6.169,1.503,-0.000,-0.000,0.005,137
11034,14.432,-6.169,1.503,-0.000,-0.004,0.016,137
11035,14.432,-6.169,1.503,-0.000,0.001,0.023,137
11036,14.432,-6.169,1.503,-0.000,0.003,0.039,137
11037,14.432,-6.169,1.503,-0.000,0.005,0.041,137
11038,14.432,-6.170,1.503,-0.000,0.012,0.011,137
11039,14.432,-6.170,1.503,-0.000,0.015,-0.016,137
