1,3.900,-1.000,0.000,0.000,0.000,0.000,1
2,3.900,-1.000,0.153,0.000,0.000,0.000,1
3,3.900,-1.000,0.473,0.000,0.000,0.000,1
4,3.900,-1.000,0.808,0.000,0.000,0.000,1
5,3.900,-1.000,1.088,0.000,0.000,0.000,1
6,3.900,-1.000,1.290,0.000,0.000,0.000,1
7,3.900,-1.000,1.420,0.000,0.000,0.000,1
8,3.900,-1.000,1.493,0.000,0.000,0.000,1
9,3.900,-1.000,1.522,0.000,0.000,0.000,1
10,3.900,-1.000,1.534,0.000,0.000,0.000,1
11,3.900,-1.000,1.533,0.000,0.000,0.000,1
12,3.900,-1.000,1.527,0.000,0.000,0.000,1
13,3.900,-1.000,1.519,0.000,0.000,0.000,1
14,3.900,-1.000,1.512,0.000,0.000,0.000,1
15,3.900,-1.000,1.506,0.000,0.000,0.000,7.0
16,3.900,-1.000,1.506,0.000,0.000,0.000,7.0
17,3.900,-1.000,1.507,0.000,0.000,0.000,7.0
18,3.900,-1.000,1.507,0.000,0.000,0.000,7.0
19,3.900,-1.000,1.508,0.000,0.000,0.000,7.0
20,3.900,-1.000,1.508,0.000,0.005,-0.006,7.0
21,3.900,-1.000,1.509,0.000,0.010,-0.012,7.0
22,3.900,-1.000,1.509,0.000,0.013,-0.016,7.0
23,3.900,-1.000,1.509,0.000,0.166,-0.152,7.0
24,3.901,-0.999,1.509,0.000,0.263,-0.237,7.0
25,3.902,-0.998,1.509,0.000,0.263,-0.235,7.0
26,3.905,-0.996,1.509,0.000,0.180,-0.159,7.0
27,3.908,-0.993,1.509,0.000,-0.049,-0.151,7.0
28,3.911,-0.989,1.509,0.000,-0.249,-0.100,7.0
29,3.913,-0.986,1.509,0.000,-0.357,-0.011,7.0
30,3.914,-0.982,1.509,0.000,-0.308,0.218,7.0
31,3.914,-0.979,1.509,0.000,-0.335,0.362,11.0
32,3.912,-0.977,1.509,0.000,-0.292,0.374,11.0
33,3.910,-0.977,1.509,0.000,-0.192,0.282,11.0
34,3.907,-0.977,1.509,0.000,-0.075,0.141,11.0
35,3.904,-0.978,1.509,0.000,0.172,-0.010,11.0
36,3.901,-0.979,1.509,0.000,0.175,-0.099,11.0
37,3.899,-0.979,1.509,0.000,0.098,-0.125,11.0
38,3.897,-0.980,1.510,0.000,0.004,-0.101,11.0
39,3.895,-0.980,1.510,0.000,-0.070,-0.049,11.0
40,3.893,-0.979,1.510,0.000,-0.105,0.006,11.0
41,3.891,-0.979,1.510,0.000,-0.101,0.047,11.0
42,3.888,-0.979,1.510,0.000,-0.068,0.063,11.0
43,3.885,-0.979,1.510,0.000,-0.024,0.057,11.0
44,3.882,-0.979,1.510,0.000,0.017,0.037,11.0
45,3.879,-0.979,1.510,0.000,0.042,0.011,11.0
46,3.876,-0.980,1.510,0.000,0.049,-0.010,11.0
47,3.874,-0.980,1.510,0.000,0.041,-0.022,11.0
48,3.871,-0.981,1.510,0.000,0.025,-0.024,11.0
49,3.869,-0.981,1.510,0.000,0.009,-0.018,11.0
50,3.866,-0.981,1.510,0.000,-0.004,-0.008,11.0
51,3.864,-0.981,1.510,0.000,-0.008,0.002,11.0
52,3.861,-0.981,1.510,0.000,-0.007,0.008,11.0
53,3.859,-0.982,1.510,0.000,-0.000,0.010,11.0
54,3.856,-0.982,1.504,0.000,0.007,0.008,11.0
55,3.854,-0.982,1.503,0.000,0.014,0.004,11.0
56,3.851,-0.982,1.501,0.000,0.017,-0.000,11.0
57,3.849,-0.983,1.500,0.000,0.017,-0.004,11.0
58,3.846,-0.983,1.499,0.000,0.015,-0.005,11.0
59,3.844,-0.983,1.499,0.000,0.012,-0.005,11.0
60,3.842,-0.983,1.498,0.000,0.009,-0.004,11.0
61,3.839,-0.983,1.497,0.000,0.007,-0.002,11.0
62,3.837,-0.984,1.496,0.000,0.006,-0.000,11.0
63,3.835,-0.984,1.496,0.000,0.007,0.001,11.0
64,3.833,-0.984,1.495,0.000,0.008,0.001,11.0
65,3.831,-0.984,1.495,0.000,0.009,0.001,11.0
66,3.828,-0.984,1.494,0.000,0.010,-0.000,11.0
67,3.826,-0.985,1.494,0.000,0.010,-0.001,11.0
68,3.824,-0.985,1.494,0.000,0.010,-0.001,11.0
69,3.822,-0.985,1.493,0.000,0.010,-0.002,11.0
70,3.820,-0.985,1.493,0.000,0.009,-0.001,11.0
71,3.818,-0.985,1.493,0.000,0.008,-0.001,11.0
72,3.816,-0.986,1.492,0.000,0.008,-0.001,11.0
73,3.814,-0.986,1.492,0.000,0.008,-0.001,11.0
74,3.812,-0.986,1.492,0.000,0.008,-0.000,11.0
75,3.810,-0.986,1.492,0.000,0.008,-0.000,11.0
76,3.808,-0.986,1.491,0.000,0.008,-0.001,11.0
77,3.807,-0.987,1.491,0.000,0.008,-0.001,11.0
78,3.805,-0.987,1.491,0.000,0.008,-0.001,11.0
79,3.803,-0.987,1.491,0.000,0.008,-0.001,11.0
80,3.801,-0.987,1.491,0.000,0.008,-0.001,11.0
81,3.799,-0.987,1.491,0.000,0.008,-0.001,11.0
82,3.798,-0.987,1.491,0.000,0.007,-0.001,11.0
83,3.796,-0.988,1.491,0.000,0.007,-0.001,11.0
84,3.794,-0.988,1.490,0.000,0.007,-0.001,11.0
85,3.793,-0.988,1.490,0.000,0.007,-0.001,11.0
86,3.791,-0.988,1.490,0.000,0.007,-0.001,11.0
87,3.789,-0.988,1.490,0.000,0.007,-0.001,11.0
88,3.788,-0.988,1.490,0.000,0.007,-0.001,11.0
89,3.786,-0.989,1.490,0.000,0.007,-0.001,11.0
90,3.785,-0.989,1.490,0.000,0.007,-0.001,11.0
91,3.783,-0.989,1.490,0.000,0.007,-0.001,11.0
92,3.781,-0.989,1.496,0.000,0.007,-0.001,11.0
93,3.780,-0.989,1.497,0.000,0.007,-0.001,11.0
94,3.778,-0.989,1.499,0.000,0.006,-0.001,11.0
95,3.777,-0.989,1.500,0.000,0.006,-0.001,11.0
96,3.776,-0.990,1.500,0.000,0.006,-0.001,11.0
97,3.774,-0.990,1.501,0.000,0.006,-0.001,11.0
98,3.773,-0.990,1.502,0.000,0.006,-0.001,11.0
99,3.771,-0.990,1.503,0.000,0.006,-0.001,11.0
100,3.770,-0.990,1.503,0.000,0.006,-0.001,11.0
101,3.769,-0.990,1.504,0.000,0.006,-0.001,11.0
102,3.767,-0.990,1.504,0.000,0.006,-0.001,11.0
103,3.766,-0.990,1.505,0.000,0.006,-0.001,11.0
104,3.765,-0.991,1.505,0.000,0.006,-0.001,11.0
105,3.763,-0.991,1.506,0.000,0.006,-0.001,11.0
106,3.762,-0.991,1.506,0.000,0.005,-0.001,11.0
107,3.761,-0.991,1.506,0.000,0.005,-0.001,11.0
108,3.760,-0.991,1.507,0.000,0.005,-0.001,11.0
109,3.758,-0.991,1.507,0.000,0.005,-0.001,11.0
110,3.757,-0.991,1.507,0.000,0.005,-0.000,11.0
111,3.756,-0.991,1.508,0.000,0.005,-0.000,11.0
112,3.755,-0.992,1.508,0.000,0.005,-0.000,11.0
113,3.754,-0.992,1.508,0.000,0.005,-0.000,11.0
114,3.753,-0.992,1.508,0.000,0.005,-0.000,11.0
115,3.751,-0.992,1.508,0.000,0.005,-0.000,11.0
116,3.750,-0.992,1.508,0.000,0.005,-0.000,11.0
117,3.749,-0.992,1.509,0.000,0.005,-0.000,11.0
118,3.748,-0.992,1.509,0.000,0.005,-0.000,11.0
119,3.747,-0.992,1.509,0.000,0.005,-0.000,11.0
120,3.746,-0.992,1.509,0.000,0.005,-0.000,11.0
121,3.745,-0.992,1.509,0.000,0.004,-0.000,11.0
122,3.744,-0.993,1.509,0.000,0.004,-0.000,11.0
123,3.743,-0.993,1.509,0.000,0.004,-0.000,11.0
124,3.742,-0.993,1.509,0.000,0.004,-0.000,11.0
125,3.741,-0.993,1.509,0.000,0.004,-0.000,11.0
126,3.740,-0.993,1.509,0.000,0.004,-0.000,11.0
127,3.739,-0.993,1.509,0.000,0.004,-0.000,11.0
128,3.738,-0.993,1.509,0.000,0.004,-0.000,11.0
129,3.737,-0.993,1.509,0.000,0.004,-0.000,11.0
130,3.736,-0.993,1.509,0.000,0.004,-0.000,11.0
131,3.735,-0.993,1.510,0.000,0.004,-0.000,11.0
132,3.734,-0.993,1.510,0.000,0.004,-0.000,11.0
133,3.734,-0.994,1.510,0.000,0.004,-0.000,11.0
134,3.733,-0.994,1.510,0.000,0.004,-0.000,11.0
135,3.732,-0.994,1.510,0.000,0.004,-0.000,11.0
136,3.731,-0.994,1.510,0.000,0.004,-0.000,11.0
137,3.730,-0.994,1.510,0.000,0.004,-0.000,11.0
138,3.729,-0.994,1.510,0.000,0.004,-0.000,11.0
139,3.728,-0.994,1.510,0.000,0.004,-0.000,11.0
140,3.728,-0.994,1.510,0.000,0.003,-0.000,11.0
141,3.727,-0.994,1.510,0.000,0.003,-0.000,11.0
142,3.726,-0.994,1.510,0.000,0.003,-0.000,11.0
143,3.725,-0.994,1.510,0.000,0.003,-0.000,11.0
144,3.725,-0.994,1.510,0.000,0.003,-0.000,11.0
145,3.724,-0.995,1.510,0.000,0.003,-0.000,11.0
146,3.723,-0.995,1.510,0.000,0.003,-0.000,11.0
147,3.722,-0.995,1.510,0.000,0.003,-0.000,11.0
148,3.722,-0.995,1.510,0.000,0.003,-0.000,11.0
149,3.721,-0.995,1.510,0.000,0.003,-0.000,11.0
150,3.720,-0.995,1.510,0.000,0.003,-0.000,11.0
151,3.719,-0.995,1.510,0.000,0.003,-0.000,11.0
152,3.719,-0.995,1.510,0.000,0.003,-0.000,11.0
153,3.718,-0.995,1.510,0.000,0.003,-0.000,11.0
154,3.717,-0.995,1.510,0.000,0.003,-0.000,11.0
155,3.717,-0.995,1.510,0.000,0.003,-0.000,11.0
156,3.716,-0.995,1.510,0.000,0.003,-0.000,11.0
157,3.715,-0.995,1.510,0.000,0.003,-0.000,11.0
158,3.715,-0.995,1.510,0.000,0.003,-0.000,11.0
159,3.714,-0.995,1.510,0.000,0.003,-0.000,11.0
160,3.714,-0.995,1.510,0.000,0.003,-0.000,11.0
161,3.713,-0.996,1.510,0.000,0.003,-0.000,11.0
162,3.712,-0.996,1.510,0.000,0.003,-0.000,11.0
163,3.712,-0.996,1.510,0.000,0.003,-0.000,11.0
164,3.711,-0.996,1.510,0.000,0.003,-0.000,11.0
165,3.711,-0.996,1.510,0.000,0.003,-0.000,11.0
166,3.710,-0.996,1.510,0.000,0.002,-0.000,11.0
167,3.709,-0.996,1.510,0.000,0.002,-0.000,11.0
168,3.709,-0.996,1.510,0.000,0.002,-0.000,11.0
169,3.708,-0.996,1.510,0.000,0.002,-0.000,11.0
170,3.708,-0.996,1.510,0.000,0.002,-0.000,11.0
171,3.707,-0.996,1.510,0.000,0.002,-0.000,11.0
172,3.707,-0.996,1.510,0.000,0.002,-0.000,11.0
173,3.706,-0.996,1.510,0.000,0.002,-0.000,11.0
174,3.706,-0.996,1.510,0.000,0.002,-0.000,11.0
175,3.705,-0.996,1.510,0.000,0.002,-0.000,11.0
176,3.705,-0.996,1.510,0.000,0.002,-0.000,11.0
177,3.704,-0.996,1.510,0.000,0.002,-0.000,11.0
178,3.704,-0.996,1.510,0.000,0.002,-0.000,11.0
179,3.703,-0.996,1.510,0.000,0.002,-0.000,11.0
180,3.703,-0.997,1.510,0.000,0.002,-0.000,11.0
181,3.702,-0.997,1.510,0.000,0.002,-0.000,11.0
182,3.702,-0.997,1.510,0.000,0.002,-0.000,11.0
183,3.701,-0.997,1.510,0.000,0.002,-0.000,11.0
184,3.701,-0.997,1.510,0.000,0.002,-0.000,11.0
185,3.700,-0.997,1.510,0.000,0.002,-0.000,11.0
186,3.700,-0.997,1.510,0.000,0.002,-0.000,11.0
187,3.700,-0.997,1.510,0.000,0.002,-0.000,11.0
188,3.699,-0.997,1.510,0.000,0.002,-0.000,11.0
189,3.699,-0.997,1.510,0.000,0.002,-0.000,11.0
190,3.698,-0.997,1.510,0.000,0.002,-0.000,11.0
191,3.698,-0.997,1.510,0.000,0.002,-0.000,11.0
192,3.697,-0.997,1.510,0.000,0.002,-0.000,11.0
193,3.697,-0.997,1.510,0.000,0.002,-0.000,11.0
194,3.697,-0.997,1.510,0.000,0.002,-0.000,11.0
195,3.696,-0.997,1.510,0.000,0.002,-0.000,11.0
196,3.696,-0.997,1.510,0.000,0.002,-0.000,11.0
197,3.695,-0.997,1.510,0.000,0.002,-0.000,11.0
198,3.695,-0.997,1.510,0.000,0.002,-0.000,11.0
199,3.695,-0.997,1.510,0.000,0.002,-0.000,11.0
200,3.694,-0.997,1.510,0.000,0.002,-0.000,11.0
201,3.694,-0.997,1.510,0.000,0.002,-0.000,11.0
202,3.694,-0.997,1.510,0.000,0.002,-0.000,11.0
203,3.693,-0.997,1.510,0.000,0.002,-0.000,11.0
204,3.693,-0.997,1.510,0.000,0.002,-0.000,11.0
205,3.693,-0.998,1.510,0.000,0.001,-0.000,11.0
206,3.692,-0.998,1.510,0.000,0.001,-0.000,11.0
207,3.692,-0.998,1.510,0.000,0.001,-0.000,11.0
208,3.692,-0.998,1.510,0.000,0.001,-0.000,11.0
209,3.691,-0.998,1.510,0.000,0.001,-0.000,11.0
210,3.691,-0.998,1.510,0.000,0.001,-0.000,11.0
211,3.691,-0.998,1.510,0.000,0.001,-0.000,11.0
212,3.690,-0.998,1.510,0.000,0.001,-0.000,11.0
213,3.690,-0.998,1.510,0.000,0.001,-0.000,11.0
214,3.690,-0.998,1.510,0.000,0.001,-0.000,11.0
215,3.689,-0.998,1.510,0.000,0.001,-0.000,11.0
216,3.689,-0.998,1.510,0.000,0.001,-0.000,11.0
217,3.689,-0.998,1.510,0.000,0.001,-0.000,11.0
218,3.688,-0.998,1.510,0.000,0.001,-0.000,11.0
219,3.688,-0.998,1.510,0.000,0.001,-0.000,11.0
220,3.688,-0.998,1.510,0.000,0.001,-0.000,11.0
221,3.688,-0.998,1.510,0.000,0.001,-0.000,11.0
222,3.687,-0.998,1.510,0.000,0.001,-0.000,11.0
223,3.687,-0.998,1.510,0.000,0.001,-0.000,11.0
224,3.687,-0.998,1.510,0.000,0.001,-0.000,11.0
225,3.687,-0.998,1.510,0.000,0.001,-0.000,11.0
226,3.686,-0.998,1.510,0.000,0.001,-0.000,11.0
227,3.686,-0.998,1.510,0.000,0.001,-0.000,11.0
228,3.686,-0.998,1.510,0.000,0.001,-0.000,11.0
229,3.686,-0.998,1.510,0.000,0.001,-0.000,11.0
230,3.685,-0.998,1.510,0.000,0.001,-0.000,11.0
231,3.685,-0.998,1.510,0.000,0.001,-0.000,11.0
232,3.685,-0.998,1.510,0.000,0.001,-0.000,11.0
233,3.685,-0.998,1.510,0.000,0.001,-0.000,11.0
234,3.684,-0.998,1.510,0.000,0.001,-0.000,11.0
235,3.684,-0.998,1.510,0.000,0.001,-0.000,11.0
236,3.684,-0.998,1.510,0.000,0.001,-0.000,11.0
237,3.684,-0.998,1.510,0.000,0.001,-0.000,11.0
238,3.683,-0.998,1.510,0.000,0.001,-0.000,11.0
239,3.683,-0.998,1.510,0.000,0.001,-0.000,11.0
240,3.683,-0.998,1.510,0.000,0.001,-0.000,11.0
241,3.683,-0.998,1.510,0.000,0.001,-0.000,11.0
242,3.683,-0.998,1.510,0.000,0.001,-0.000,11.0
243,3.682,-0.998,1.510,0.000,0.001,-0.000,11.0
244,3.682,-0.999,1.510,0.000,0.001,-0.000,11.0
245,3.682,-0.999,1.510,0.000,0.001,-0.000,11.0
246,3.682,-0.999,1.510,0.000,0.001,-0.000,11.0
247,3.682,-0.999,1.510,0.000,0.001,-0.000,11.0
248,3.681,-0.999,1.510,0.000,0.001,-0.000,11.0
249,3.681,-0.999,1.510,0.000,0.001,-0.000,11.0
250,3.681,-0.999,1.510,0.000,0.001,-0.000,11.0
251,3.681,-0.999,1.510,0.000,0.001,-0.000,11.0
252,3.681,-0.999,1.510,0.000,0.001,-0.000,11.0
253,3.680,-0.999,1.510,0.000,0.001,-0.000,11.0
254,3.680,-0.999,1.510,0.000,0.001,-0.000,11.0
255,3.680,-0.999,1.510,0.000,0.001,-0.000,11.0
256,3.680,-0.999,1.510,0.000,0.001,-0.000,11.0
257,3.680,-0.999,1.510,0.000,0.001,-0.000,11.0
258,3.680,-0.999,1.510,0.000,0.001,-0.000,11.0
259,3.679,-0.999,1.510,0.000,0.001,-0.000,11.0
260,3.679,-0.999,1.510,0.000,0.001,-0.000,11.0
261,3.679,-0.999,1.510,0.000,0.001,-0.000,11.0
262,3.679,-0.999,1.510,0.000,0.001,-0.000,11.0
263,3.679,-0.999,1.510,0.000,0.001,-0.000,11.0
264,3.679,-0.999,1.510,0.000,0.001,-0.000,11.0
265,3.678,-0.999,1.510,0.000,0.001,-0.000,11.0
266,3.678,-0.999,1.510,0.000,0.001,-0.000,11.0
267,3.678,-0.999,1.510,0.000,0.001,-0.000,11.0
268,3.678,-0.999,1.510,0.000,0.001,-0.000,11.0
269,3.678,-0.999,1.510,0.000,0.001,-0.000,11.0
270,3.678,-0.999,1.510,0.000,0.001,-0.000,11.0
271,3.678,-0.999,1.510,0.000,0.001,-0.000,11.0
272,3.677,-0.999,1.510,0.000,0.001,-0.000,11.0
273,3.677,-0.999,1.510,0.000,0.001,-0.000,11.0
274,3.677,-0.999,1.510,0.000,0.001,-0.000,11.0
275,3.677,-0.999,1.510,0.000,0.001,-0.000,11.0
276,3.677,-0.999,1.510,0.000,0.001,-0.000,11.0
277,3.677,-0.999,1.510,0.000,0.001,-0.000,11.0
278,3.677,-0.999,1.510,0.000,0.001,-0.000,11.0
279,3.676,-0.999,1.510,0.000,0.007,-0.001,11.0
280,3.676,-0.999,1.510,0.000,0.011,-0.001,11.0
281,3.676,-0.999,1.510,0.000,0.011,-0.001,11.0
282,3.676,-0.999,1.510,0.000,0.008,-0.001,11.0
283,3.676,-0.999,1.510,0.000,0.004,-0.000,11.0
284,3.676,-0.999,1.510,0.000,0.001,-0.000,11.0
285,3.676,-0.999,1.510,0.000,-0.002,0.000,11.0
286,3.676,-0.999,1.510,0.000,-0.003,0.000,11.0
287,3.676,-0.999,1.510,0.000,-0.003,0.000,11.0
288,3.676,-0.999,1.510,0.000,-0.001,0.000,11.0
289,3.676,-0.999,1.510,0.000,0.000,-0.000,11.0
290,3.676,-0.999,1.510,0.000,0.001,-0.000,11.0
291,3.676,-0.999,1.510,0.000,0.002,-0.000,11.0
292,3.676,-0.999,1.510,0.000,0.002,-0.000,11.0
293,3.676,-0.999,1.510,0.000,0.001,-0.000,11.0
294,3.676,-0.999,1.510,0.000,0.000,-0.000,11.0
295,3.676,-0.999,1.510,0.000,-0.000,0.000,11.0
296,3.676,-0.999,1.510,0.000,-0.001,0.000,11.0
297,3.676,-0.999,1.510,0.000,-0.001,0.000,11.0
298,3.676,-0.999,1.510,0.000,-0.000,0.000,11.0
299,3.676,-0.999,1.510,0.000,-0.000,0.000,11.0
300,3.676,-0.999,1.510,0.000,0.000,-0.000,11.0
301,3.676,-0.999,1.510,0.000,0.000,-0.000,11.0
302,3.676,-0.999,1.510,0.000,0.000,-0.000,11.0
303,3.676,-0.999,1.510,0.000,0.000,-0.000,11.0
304,3.676,-0.999,1.510,0.000,0.000,-0.000,11.0
305,3.676,-0.999,1.510,0.000,0.000,-0.000,11.0
306,3.676,-0.999,1.510,0.000,-0.000,0.000,11.0
307,3.676,-0.999,1.510,0.000,-0.000,0.000,11.0
308,3.676,-0.999,1.510,0.000,-0.000,0.000,11.0
309,3.676,-0.999,1.510,0.000,-0.000,0.000,11.0
310,3.676,-0.999,1.510,0.000,-0.000,0.000,11.0
311,3.676,-0.999,1.510,0.000,0.000,-0.000,11.0
312,3.676,-0.999,1.510,0.000,0.000,-0.000,11.0
313,3.676,-0.999,1.510,0.000,0.000,-0.000,11.0
314,3.676,-0.999,1.510,0.000,0.000,-0.000,11.0
315,3.676,-0.999,1.510,0.000,0.000,-0.000,11.0
316,3.676,-0.999,1.510,0.000,-0.000,0.000,11.0
317,3.676,-0.999,1.510,0.000,-0.000,0.000,11.0
318,3.676,-0.999,1.510,0.000,-0.000,0.000,11.0
319,3.676,-0.999,1.510,0.000,-0.000,0.000,11.0
320,3.676,-0.999,1.510,0.000,-0.000,0.000,11.0
321,3.676,-0.999,1.510,0.000,-0.000,0.000,11.0
322,3.676,-0.999,1.510,0.000,0.000,-0.000,11.0
323,3.676,-0.999,1.510,0.000,0.000,-0.000,11.0
324,3.676,-0.999,1.510,0.000,0.000,-0.000,11.0
325,3.676,-0.999,1.510,0.000,0.000,-0.000,11.0
326,3.676,-0.999,1.510,0.000,0.000,-0.000,11.0
327,3.676,-0.999,1.510,0.000,-0.000,0.000,11.0
328,3.676,-0.999,1.510,0.000,-0.000,0.000,11.0
329,3.676,-0.999,1.510,0.000,-0.000,0.000,11.0
330,3.676,-0.999,1.510,0.000,-0.000,0.000,11.0
331,-0.000,4.000,1.510,0.000,0.000,-0.000,11.0
332,-0.000,4.000,1.510,0.000,0.000,-0.000,11.0
333,0.000,4.000,1.510,0.000,0.000,-0.000,11.0
334,0.000,4.000,1.510,0.000,0.000,-0.000,1
335,0.000,4.000,1.510,0.000,-0.000,-0.000,1
336,0.000,4.000,1.510,0.000,-0.000,-0.000,1
337,0.000,4.000,1.510,0.000,-0.000,0.000,1
338,0.000,4.000,1.510,0.000,-0.000,0.000,1
339,0.000,4.000,1.510,0.000,-0.000,0.000,1
340,0.000,4.000,1.510,0.000,-0.000,0.000,1
341,0.000,4.000,1.510,0.000,0.000,0.000,1
342,0.000,4.000,1.510,0.000,0.000,-0.000,1
343,0.000,4.000,1.510,0.000,0.000,-0.000,1
344,0.000,4.000,1.510,0.000,0.000,-0.000,1
345,0.000,4.000,1.510,0.000,0.000,-0.000,1
346,0.000,4.000,1.510,0.000,-0.000,-0.000,1
347,0.000,4.000,1.510,0.000,-0.000,-0.000,1
348,0.000,4.000,1.510,0.000,-0.000,0.000,1
349,0.000,4.000,1.510,0.000,-0.000,0.000,1
350,0.000,4.000,1.510,0.000,-0.000,0.000,1
351,0.000,4.000,1.510,0.000,-0.000,0.000,1
352,0.000,4.000,1.510,0.000,0.000,0.000,1
353,0.000,4.000,1.510,0.000,0.000,-0.000,1
354,0.000,4.000,1.510,0.000,0.000,-0.000,1
355,0.000,4.000,1.510,0.000,0.000,-0.000,1
356,0.000,4.000,1.510,0.000,0.000,-0.000,1
357,0.000,4.000,1.510,0.000,-0.000,-0.000,1
358,0.000,4.000,1.510,0.000,-0.000,0.000,1
359,0.000,4.000,1.510,0.000,-0.000,0.000,1
360,0.000,4.000,1.510,0.000,-0.000,0.000,1
361,0.000,4.000,1.510,0.000,-0.000,0.000,1
362,0.000,4.000,1.510,0.000,0.000,0.000,1
363,0.000,4.000,1.510,0.000,0.000,0.000,1
364,0.000,4.000,1.510,0.000,0.000,0.000,1
365,0.000,4.000,1.510,0.000,0.000,0.000,1
366,0.000,4.000,1.510,0.000,0.000,0.000,1
367,0.000,4.000,1.510,0.000,-0.000,0.000,1
368,0.000,4.000,1.510,0.000,-0.000,0.000,1
369,0.000,4.000,1.510,0.000,-0.000,0.000,1
370,0.000,4.000,1.510,0.000,-0.000,0.000,1
371,0.000,4.000,1.510,0.000,-0.000,0.000,1
372,0.000,4.000,1.510,0.000,-0.000,0.000,1
373,0.000,4.000,1.510,0.000,0.000,0.000,1
374,0.000,4.000,1.510,0.000,0.000,0.000,1
375,0.000,4.000,1.510,0.000,0.000,0.000,1
376,0.000,4.000,1.510,0.000,0.000,0.000,1
377,0.000,4.000,1.510,0.000,0.000,0.000,1
378,0.000,4.000,1.510,0.000,-0.000,0.000,1
379,0.000,4.000,1.510,0.000,-0.000,0.000,1
380,0.000,4.000,1.510,0.000,-0.000,0.000,1
381,0.000,4.000,1.510,0.000,-0.000,0.000,1
382,0.000,4.000,1.510,0.000,-0.000,0.000,1
383,0.000,4.000,1.510,0.000,-0.000,0.000,1
384,0.000,4.000,1.510,0.000,0.000,0.000,1
385,0.000,4.000,1.510,0.000,0.000,0.000,1
386,0.000,4.000,1.510,0.000,0.000,0.000,1
387,0.000,4.000,1.510,0.000,0.000,0.000,1
388,0.000,4.000,1.510,0.000,-0.000,0.000,1
389,0.000,4.000,1.510,0.000,-0.000,0.000,1
390,0.000,4.000,1.510,0.000,-0.000,0.000,1
391,0.000,4.000,1.510,0.000,-0.000,0.000,1
392,0.000,4.000,1.510,0.000,-0.000,0.000,1
393,0.000,4.000,1.510,0.000,-0.000,0.000,1
394,0.000,4.000,1.510,0.000,-0.000,0.000,1
395,0.000,4.000,1.510,0.000,0.000,0.000,1
396,0.000,4.000,1.510,0.000,0.000,0.000,1
397,0.000,4.000,1.510,0.000,-0.000,0.000,1
398,0.000,4.000,1.510,0.000,-0.000,0.000,1
399,0.000,4.000,1.510,0.000,-0.000,0.000,1
400,0.000,4.000,1.510,0.000,-0.000,0.000,1
401,7.805,1.430,1.510,0.000,-0.000,0.000,1
402,7.805,1.430,1.510,0.000,-0.000,0.000,1
403,7.805,1.430,1.510,0.000,-0.000,0.000,1
404,7.805,1.430,1.510,0.000,-0.000,0.000,1
405,7.805,1.430,1.510,0.000,-0.000,0.000,1
406,7.805,1.430,1.510,0.000,-0.107,0.191,1
407,7.804,1.429,1.510,0.000,-0.177,0.314,1
408,7.803,1.428,1.510,0.000,-0.181,0.321,1
409,7.802,1.425,1.510,0.000,-0.237,0.135,3.0
410,7.799,1.422,1.510,0.000,-0.236,-0.054,3.0
411,7.796,1.419,1.510,0.000,-0.180,-0.176,3.0
412,7.792,1.416,1.504,0.000,-0.096,-0.211,3.0
413,7.788,1.414,1.503,0.000,-0.016,-0.173,3.0
414,7.784,1.413,1.502,0.000,0.038,-0.094,3.0
415,7.780,1.412,1.501,0.000,0.059,-0.009,3.0
416,7.776,1.411,1.500,0.000,0.051,0.054,3.0
417,7.772,1.410,1.499,0.000,0.026,0.082,3.0
418,7.768,1.409,1.498,0.000,-0.003,0.076,3.0
419,7.764,1.407,1.498,0.000,-0.025,0.048,3.0
420,7.761,1.405,1.497,0.000,-0.035,0.012,3.0
421,7.757,1.403,1.496,0.000,-0.032,-0.018,3.0
422,7.753,1.402,1.496,0.000,-0.021,-0.034,3.0
423,7.748,1.400,1.495,0.000,-0.007,-0.036,3.0
424,7.744,1.398,1.495,0.000,0.005,-0.027,3.0
425,7.740,1.397,1.495,0.000,0.012,-0.012,3.0
426,7.736,1.396,1.494,0.000,0.013,0.002,3.0
427,7.732,1.394,1.494,0.000,0.011,0.011,3.0
428,7.728,1.393,1.494,0.000,0.006,0.014,3.0
429,7.724,1.391,1.493,0.000,0.001,0.011,3.0
430,7.720,1.390,1.493,0.000,-0.003,0.006,3.0
431,7.715,1.388,1.493,0.000,-0.004,-0.000,3.0
432,7.711,1.387,1.493,0.000,-0.003,-0.005,3.0
433,7.707,1.385,1.493,0.000,-0.001,-0.007,3.0
434,7.703,1.383,1.492,0.000,0.002,-0.007,3.0
435,7.699,1.382,1.492,0.000,0.003,-0.005,3.0
436,7.695,1.380,1.492,0.000,0.004,-0.002,3.0
437,7.691,1.379,1.492,0.000,0.004,0.000,3.0
438,7.687,1.377,1.492,0.000,0.003,0.002,3.0
439,7.682,1.376,1.492,0.000,0.003,0.002,3.0
440,7.678,1.374,1.492,0.000,0.002,0.001,3.0
441,7.674,1.373,1.492,0.000,0.001,0.000,3.0
442,7.670,1.371,1.492,0.000,0.001,-0.001,3.0
443,7.666,1.370,1.491,0.000,0.001,-0.002,3.0
444,7.662,1.368,1.491,0.000,0.002,-0.002,3.0
445,7.658,1.367,1.491,0.000,0.002,-0.002,3.0
446,7.654,1.365,1.491,0.000,0.002,-0.001,3.0
447,7.649,1.364,1.491,0.000,0.003,-0.001,3.0
448,7.645,1.362,1.491,0.000,0.003,-0.001,3.0
449,7.641,1.361,1.491,0.000,0.002,-0.000,3.0
450,7.637,1.359,1.491,0.000,0.002,-0.000,3.0
451,7.633,1.357,1.491,0.000,0.002,-0.001,3.0
452,7.629,1.356,1.491,0.000,0.002,-0.001,3.0
453,7.625,1.354,1.491,0.000,0.002,-0.001,3.0
454,7.620,1.353,1.491,0.000,0.002,-0.001,3.0
455,7.616,1.351,1.491,0.000,0.002,-0.001,3.0
456,7.612,1.350,1.491,0.000,0.002,-0.001,3.0
457,7.608,1.348,1.491,0.000,0.002,-0.001,3.0
458,7.604,1.347,1.491,0.000,0.002,-0.001,3.0
459,7.600,1.345,1.491,0.000,0.002,-0.001,3.0
460,7.596,1.344,1.491,0.000,0.002,-0.001,3.0
461,7.592,1.342,1.491,0.000,0.002,-0.001,3.0
462,7.587,1.341,1.491,0.000,0.002,-0.001,3.0
463,7.583,1.339,1.491,0.000,0.002,-0.001,3.0
464,7.579,1.338,1.491,0.000,0.002,-0.001,3.0
465,7.575,1.336,1.491,0.000,0.002,-0.001,3.0
466,7.571,1.335,1.491,0.000,0.002,-0.001,3.0
467,7.567,1.333,1.491,0.000,0.002,-0.001,3.0
468,7.563,1.331,1.491,0.000,0.002,-0.001,3.0
469,7.559,1.330,1.491,0.000,0.002,-0.001,3.0
470,7.554,1.328,1.491,0.000,0.002,-0.001,3.0
471,7.550,1.327,1.491,0.000,0.002,-0.001,3.0
472,7.546,1.325,1.491,0.000,0.002,-0.001,3.0
473,7.542,1.324,1.491,0.000,0.002,-0.001,3.0
474,7.538,1.322,1.491,0.000,0.002,-0.001,3.0
475,7.534,1.321,1.491,0.000,0.002,-0.001,3.0
476,7.530,1.319,1.491,0.000,0.002,-0.001,3.0
477,7.525,1.318,1.491,0.000,0.002,-0.001,3.0
478,7.521,1.316,1.491,0.000,0.002,-0.001,3.0
479,7.517,1.315,1.491,0.000,0.002,-0.001,3.0
480,7.513,1.313,1.491,0.000,0.002,-0.001,3.0
481,7.509,1.312,1.491,0.000,0.002,-0.001,3.0
482,7.505,1.310,1.491,0.000,0.002,-0.001,3.0
483,7.501,1.309,1.491,0.000,0.002,-0.001,3.0
484,7.497,1.307,1.491,0.000,0.002,-0.001,3.0
485,7.492,1.306,1.491,0.000,0.002,-0.001,3.0
486,7.488,1.304,1.491,0.000,0.002,-0.001,3.0
487,7.484,1.302,1.491,0.000,0.002,-0.001,3.0
488,7.480,1.301,1.491,0.000,0.002,-0.001,3.0
489,7.476,1.299,1.491,0.000,0.002,-0.001,3.0
490,7.472,1.298,1.491,0.000,0.002,-0.001,3.0
491,7.468,1.296,1.491,0.000,0.002,-0.001,3.0
492,7.464,1.295,1.491,0.000,0.002,-0.001,3.0
493,7.459,1.293,1.491,0.000,0.002,-0.001,3.0
494,7.455,1.292,1.491,0.000,0.002,-0.001,3.0
495,7.451,1.290,1.491,0.000,0.002,-0.001,3.0
496,7.447,1.289,1.491,0.000,0.002,-0.001,3.0
497,7.443,1.287,1.491,0.000,0.002,-0.001,3.0
498,7.439,1.286,1.491,0.000,0.002,-0.001,3.0
499,7.435,1.284,1.490,0.000,0.002,-0.001,3.0
500,7.430,1.283,1.490,0.000,0.002,-0.001,3.0
501,7.426,1.281,1.490,0.000,0.002,-0.001,3.0
502,7.422,1.280,1.490,0.000,0.002,-0.001,3.0
503,7.418,1.278,1.490,0.000,0.002,-0.001,3.0
504,7.414,1.276,1.490,0.000,0.002,-0.001,3.0
505,7.410,1.275,1.490,0.000,0.002,-0.001,3.0
506,7.406,1.273,1.490,0.000,0.002,-0.001,3.0
507,7.402,1.272,1.490,0.000,0.002,-0.001,3.0
508,7.397,1.270,1.490,0.000,0.002,-0.001,3.0
509,7.393,1.269,1.490,0.000,0.002,-0.001,3.0
510,7.389,1.267,1.490,0.000,0.002,-0.001,3.0
511,7.385,1.266,1.490,0.000,0.002,-0.001,3.0
512,7.381,1.264,1.490,0.000,0.002,-0.001,3.0
513,7.377,1.263,1.490,0.000,0.002,-0.001,3.0
514,7.373,1.261,1.490,0.000,0.002,-0.001,3.0
515,7.369,1.260,1.490,0.000,0.002,-0.001,3.0
516,7.364,1.258,1.490,0.000,0.002,-0.001,3.0
517,7.360,1.257,1.490,0.000,0.002,-0.001,3.0
518,7.356,1.255,1.490,0.000,0.002,-0.001,3.0
519,7.352,1.254,1.490,0.000,0.002,-0.001,3.0
520,7.348,1.252,1.490,0.000,0.002,-0.001,3.0
521,7.344,1.251,1.490,0.000,0.002,-0.001,3.0
522,7.340,1.249,1.490,0.000,0.002,-0.001,3.0
523,7.335,1.247,1.490,0.000,0.002,-0.001,3.0
524,7.331,1.246,1.490,0.000,0.002,-0.001,3.0
525,7.327,1.244,1.490,0.000,0.002,-0.001,3.0
526,7.323,1.243,1.490,0.000,0.002,-0.001,3.0
527,7.319,1.241,1.490,0.000,0.002,-0.001,3.0
528,7.315,1.240,1.490,0.000,0.002,-0.001,3.0
529,7.311,1.238,1.490,0.000,0.002,-0.001,3.0
530,7.307,1.237,1.490,0.000,0.002,-0.001,3.0
531,7.302,1.235,1.490,0.000,0.002,-0.001,3.0
532,7.298,1.234,1.490,0.000,0.002,-0.001,3.0
533,7.294,1.232,1.490,0.000,0.002,-0.001,3.0
534,7.290,1.231,1.490,0.000,0.002,-0.001,3.0
535,7.286,1.229,1.490,0.000,0.002,-0.001,3.0
536,7.282,1.228,1.490,0.000,0.002,-0.001,3.0
537,7.278,1.226,1.490,0.000,0.002,-0.001,3.0
538,7.274,1.225,1.490,0.000,0.002,-0.001,3.0
539,7.269,1.223,1.490,0.000,0.002,-0.001,3.0
540,7.265,1.221,1.490,0.000,0.002,-0.001,3.0
541,7.261,1.220,1.490,0.000,0.002,-0.001,3.0
542,7.257,1.218,1.490,0.000,0.002,-0.001,3.0
543,7.253,1.217,1.490,0.000,0.002,-0.001,3.0
544,7.249,1.215,1.490,0.000,0.002,-0.001,3.0
545,7.245,1.214,1.490,0.000,0.002,-0.001,3.0
546,7.240,1.212,1.490,0.000,0.002,-0.001,3.0
547,7.236,1.211,1.490,0.000,0.002,-0.001,3.0
548,7.232,1.209,1.490,0.000,0.002,-0.001,3.0
549,7.228,1.208,1.490,0.000,0.002,-0.001,3.0
550,7.224,1.206,1.490,0.000,0.002,-0.001,3.0
551,7.220,1.205,1.490,0.000,0.002,-0.001,3.0
552,7.216,1.203,1.490,0.000,0.002,-0.001,3.0
553,7.212,1.202,1.490,0.000,0.002,-0.001,3.0
554,7.207,1.200,1.490,0.000,0.002,-0.001,3.0
555,7.203,1.199,1.490,0.000,0.002,-0.001,3.0
556,7.199,1.197,1.490,0.000,0.002,-0.001,3.0
557,7.195,1.195,1.490,0.000,0.002,-0.001,3.0
558,7.191,1.194,1.490,0.000,0.002,-0.001,3.0
559,7.187,1.192,1.490,0.000,0.002,-0.001,3.0
560,7.183,1.191,1.490,0.000,0.002,-0.001,3.0
561,7.179,1.189,1.490,0.000,0.002,-0.001,3.0
562,7.174,1.188,1.490,0.000,0.002,-0.001,3.0
563,7.170,1.186,1.490,0.000,0.002,-0.001,3.0
564,7.166,1.185,1.490,0.000,0.002,-0.001,3.0
565,7.162,1.183,1.490,0.000,0.002,-0.001,3.0
566,7.158,1.182,1.490,0.000,0.002,-0.001,3.0
567,7.154,1.180,1.490,0.000,0.002,-0.001,3.0
568,7.150,1.179,1.490,0.000,0.002,-0.001,3.0
569,7.146,1.177,1.490,0.000,0.002,-0.001,3.0
570,7.141,1.176,1.490,0.000,0.002,-0.001,3.0
571,7.137,1.174,1.490,0.000,0.002,-0.001,3.0
572,7.133,1.173,1.490,0.000,0.002,-0.001,3.0
573,7.129,1.171,1.490,0.000,0.002,-0.001,3.0
574,7.125,1.170,1.490,0.000,0.002,-0.001,3.0
575,7.121,1.168,1.490,0.000,0.002,-0.001,3.0
576,7.117,1.166,1.490,0.000,0.002,-0.001,3.0
577,7.112,1.165,1.490,0.000,0.002,-0.001,3.0
578,7.108,1.163,1.490,0.000,0.002,-0.001,3.0
579,7.104,1.162,1.490,0.000,0.002,-0.001,3.0
580,7.100,1.160,1.490,0.000,0.002,-0.001,3.0
581,7.096,1.159,1.490,0.000,0.002,-0.001,3.0
582,7.092,1.157,1.490,0.000,0.002,-0.001,3.0
583,7.088,1.156,1.490,0.000,0.002,-0.001,3.0
584,7.084,1.154,1.490,0.000,0.002,-0.001,3.0
585,7.079,1.153,1.490,0.000,0.002,-0.001,3.0
586,7.075,1.151,1.490,0.000,0.002,-0.001,3.0
587,7.071,1.150,1.490,0.000,0.002,-0.001,3.0
588,7.067,1.148,1.490,0.000,0.002,-0.001,3.0
589,7.063,1.147,1.490,0.000,0.002,-0.001,3.0
590,7.059,1.145,1.490,0.000,0.002,-0.001,3.0
591,7.055,1.144,1.490,0.000,0.002,-0.001,3.0
592,7.051,1.142,1.490,0.000,0.002,-0.001,3.0
593,7.046,1.140,1.490,0.000,0.002,-0.001,3.0
594,7.042,1.139,1.490,0.000,0.002,-0.001,3.0
595,7.038,1.137,1.490,0.000,0.002,-0.001,3.0
596,7.034,1.136,1.490,0.000,0.002,-0.001,3.0
597,7.030,1.134,1.490,0.000,0.002,-0.001,3.0
598,7.026,1.133,1.490,0.000,0.002,-0.001,3.0
599,7.022,1.131,1.490,0.000,0.002,-0.001,3.0
600,7.017,1.130,1.490,0.000,0.002,-0.001,3.0
601,7.013,1.128,1.490,0.000,0.002,-0.001,3.0
602,7.009,1.127,1.490,0.000,0.002,-0.001,3.0
603,7.005,1.125,1.490,0.000,0.002,-0.001,3.0
604,7.001,1.124,1.490,0.000,0.002,-0.001,3.0
605,6.997,1.122,1.490,0.000,0.002,-0.001,3.0
606,6.993,1.121,1.490,0.000,0.002,-0.001,3.0
607,6.989,1.119,1.490,0.000,0.004,-0.001,3.0
608,6.984,1.118,1.490,0.000,0.007,-0.003,3.0
609,6.980,1.116,1.490,0.000,0.011,-0.004,3.0
610,6.976,1.115,1.490,0.000,0.015,-0.006,3.0
611,6.972,1.113,1.490,0.000,0.018,-0.007,3.0
612,6.968,1.112,1.490,0.000,0.019,-0.007,3.0
613,6.964,1.110,1.490,0.000,0.018,-0.007,3.0
614,6.960,1.109,1.490,0.000,0.017,-0.006,3.0
615,6.957,1.107,1.490,0.000,0.016,-0.006,3.0
616,6.953,1.106,1.496,0.000,0.015,-0.005,3.0
617,6.949,1.105,1.498,0.000,0.014,-0.005,3.0
618,6.945,1.103,1.499,0.000,0.014,-0.005,3.0
619,6.942,1.102,1.500,0.000,0.014,-0.005,3.0
620,6.938,1.100,1.501,0.000,0.015,-0.006,3.0
621,6.935,1.099,1.501,0.000,0.015,-0.006,3.0
622,6.931,1.098,1.502,0.000,0.015,-0.006,3.0
623,6.928,1.097,1.503,0.000,0.015,-0.006,3.0
624,6.924,1.095,1.504,0.000,0.015,-0.006,3.0
625,6.921,1.094,1.504,0.000,0.015,-0.005,3.0
626,6.918,1.093,1.505,0.000,0.014,-0.005,3.0
627,6.914,1.092,1.505,0.000,0.014,-0.005,3.0
628,6.911,1.090,1.506,0.000,0.014,-0.005,3.0
629,6.908,1.089,1.506,0.000,0.014,-0.005,3.0
630,6.905,1.088,1.506,0.000,0.013,-0.005,3.0
631,6.902,1.087,1.507,0.000,0.013,-0.005,3.0
632,6.899,1.086,1.507,0.000,0.013,-0.005,3.0
633,6.895,1.085,1.507,0.000,0.013,-0.005,3.0
634,6.892,1.084,1.507,0.000,0.013,-0.005,3.0
635,6.890,1.082,1.508,0.000,0.013,-0.005,3.0
636,6.887,1.081,1.508,0.000,0.013,-0.005,3.0
637,6.884,1.080,1.508,0.000,0.012,-0.005,3.0
638,6.881,1.079,1.508,0.000,0.012,-0.005,3.0
639,6.878,1.078,1.508,0.000,0.012,-0.004,3.0
640,6.875,1.077,1.508,0.000,0.012,-0.004,3.0
641,6.873,1.076,1.509,0.000,0.012,-0.004,3.0
642,6.870,1.075,1.509,0.000,0.012,-0.004,3.0
643,6.867,1.074,1.509,0.000,0.011,-0.004,3.0
644,6.865,1.073,1.509,0.000,0.011,-0.004,3.0
645,6.862,1.072,1.509,0.000,0.011,-0.004,3.0
646,6.859,1.071,1.509,0.000,0.011,-0.004,3.0
647,6.857,1.070,1.509,0.000,0.011,-0.004,3.0
648,6.854,1.069,1.509,0.000,0.011,-0.004,3.0
649,6.852,1.069,1.509,0.000,0.011,-0.004,3.0
650,6.850,1.068,1.509,0.000,0.010,-0.004,3.0
651,6.847,1.067,1.509,0.000,0.010,-0.004,3.0
652,6.845,1.066,1.509,0.000,0.010,-0.004,3.0
653,6.842,1.065,1.509,0.000,0.010,-0.004,3.0
654,6.840,1.064,1.509,0.000,0.010,-0.004,3.0
655,6.838,1.063,1.509,0.000,0.010,-0.004,3.0
656,6.836,1.063,1.509,0.000,0.010,-0.004,3.0
657,6.833,1.062,1.510,0.000,0.010,-0.004,3.0
658,6.831,1.061,1.510,0.000,0.009,-0.003,3.0
659,6.829,1.060,1.510,0.000,0.009,-0.003,3.0
660,6.827,1.059,1.510,0.000,0.009,-0.003,3.0
661,6.825,1.059,1.510,0.000,0.009,-0.003,3.0
662,6.823,1.058,1.510,0.000,0.009,-0.003,3.0
663,6.821,1.057,1.510,0.000,0.009,-0.003,3.0
664,6.819,1.056,1.510,0.000,0.009,-0.003,3.0
665,6.817,1.056,1.510,0.000,0.009,-0.003,3.0
666,6.815,1.055,1.510,0.000,0.008,-0.003,3.0
667,6.813,1.054,1.510,0.000,0.008,-0.003,3.0
668,6.811,1.053,1.510,0.000,0.008,-0.003,3.0
669,6.809,1.053,1.510,0.000,0.008,-0.003,3.0
670,6.807,1.052,1.510,0.000,0.008,-0.003,3.0
671,6.805,1.051,1.510,0.000,0.008,-0.003,3.0
672,6.804,1.051,1.510,0.000,0.008,-0.003,3.0
673,6.802,1.050,1.510,0.000,0.008,-0.003,3.0
674,6.800,1.049,1.510,0.000,0.008,-0.003,3.0
675,6.798,1.049,1.510,0.000,0.008,-0.003,3.0
676,6.797,1.048,1.510,0.000,0.007,-0.003,3.0
677,6.795,1.047,1.510,0.000,0.007,-0.003,3.0
678,6.793,1.047,1.510,0.000,0.007,-0.003,3.0
679,6.791,1.046,1.510,0.000,0.007,-0.003,3.0
680,6.790,1.046,1.510,0.000,0.007,-0.003,3.0
681,6.788,1.045,1.510,0.000,0.007,-0.003,3.0
682,6.787,1.044,1.510,0.000,0.007,-0.003,3.0
683,6.785,1.044,1.510,0.000,0.007,-0.003,3.0
684,6.784,1.043,1.510,0.000,0.007,-0.002,3.0
685,6.782,1.043,1.510,0.000,0.007,-0.002,3.0
686,6.780,1.042,1.510,0.000,0.007,-0.002,3.0
687,6.779,1.042,1.510,0.000,0.006,-0.002,3.0
688,6.778,1.041,1.510,0.000,0.006,-0.002,3.0
689,6.776,1.040,1.510,0.000,0.006,-0.002,3.0
690,6.775,1.040,1.510,0.000,0.006,-0.002,3.0
691,6.773,1.039,1.510,0.000,0.006,-0.002,3.0
692,6.772,1.039,1.510,0.000,0.006,-0.002,3.0
693,6.770,1.038,1.510,0.000,0.006,-0.002,3.0
694,6.769,1.038,1.510,0.000,0.006,-0.002,3.0
695,6.768,1.037,1.510,0.000,0.006,-0.002,3.0
696,6.766,1.037,1.510,0.000,0.006,-0.002,3.0
697,6.765,1.036,1.510,0.000,0.006,-0.002,3.0
698,6.764,1.036,1.510,0.000,0.006,-0.002,3.0
699,6.763,1.035,1.510,0.000,0.005,-0.002,3.0
700,6.761,1.035,1.510,0.000,0.005,-0.002,3.0
701,6.760,1.035,1.510,0.000,0.005,-0.002,3.0
702,6.759,1.034,1.510,0.000,0.005,-0.002,3.0
703,6.758,1.034,1.510,0.000,0.005,-0.002,3.0
704,6.756,1.033,1.510,0.000,0.005,-0.002,3.0
705,6.755,1.033,1.510,0.000,0.005,-0.002,3.0
706,6.754,1.032,1.510,0.000,0.005,-0.002,3.0
707,6.753,1.032,1.510,0.000,0.005,-0.002,3.0
708,6.752,1.032,1.510,0.000,0.005,-0.002,3.0
709,6.751,1.031,1.510,0.000,0.005,-0.002,3.0
710,6.750,1.031,1.510,0.000,0.005,-0.002,3.0
711,6.749,1.030,1.510,0.000,0.005,-0.002,3.0
712,6.747,1.030,1.509,0.000,0.005,-0.002,3.0
713,6.746,1.030,1.509,0.000,0.005,-0.002,3.0
714,6.745,1.029,1.509,0.000,0.004,-0.002,3.0
715,6.744,1.029,1.509,0.000,0.004,-0.002,3.0
716,6.743,1.028,1.509,0.000,0.004,-0.002,3.0
717,6.742,1.028,1.509,0.000,0.004,-0.002,3.0
718,6.741,1.028,1.509,0.000,0.004,-0.002,3.0
719,6.740,1.027,1.509,0.000,0.004,-0.002,3.0
720,6.739,1.027,1.509,0.000,0.004,-0.002,3.0
721,6.738,1.027,1.509,0.000,0.004,-0.002,3.0
722,6.738,1.026,1.509,0.000,0.004,-0.001,3.0
723,6.737,1.026,1.509,0.000,0.004,-0.001,3.0
724,6.736,1.026,1.509,0.000,0.004,-0.001,3.0
725,6.735,1.025,1.509,0.000,0.004,-0.001,3.0
726,6.734,1.025,1.509,0.000,0.004,-0.001,3.0
727,6.733,1.025,1.509,0.000,0.004,-0.001,3.0
728,6.732,1.024,1.509,0.000,0.004,-0.001,3.0
729,6.731,1.024,1.509,0.000,0.004,-0.001,3.0
730,6.730,1.024,1.509,0.000,0.004,-0.001,3.0
731,6.730,1.023,1.509,0.000,0.004,-0.001,3.0
732,6.729,1.023,1.509,0.000,0.004,-0.001,3.0
733,6.728,1.023,1.509,0.000,0.004,-0.001,3.0
734,6.727,1.022,1.509,0.000,0.003,-0.001,3.0
735,6.726,1.022,1.509,0.000,0.003,-0.001,3.0
736,6.726,1.022,1.509,0.000,0.003,-0.001,3.0
737,6.725,1.022,1.509,0.000,0.003,-0.001,3.0
738,6.724,1.021,1.509,0.000,0.003,-0.001,3.0
739,6.723,1.021,1.509,0.000,0.003,-0.001,3.0
740,6.723,1.021,1.509,0.000,0.003,-0.001,3.0
741,6.722,1.020,1.509,0.000,0.003,-0.001,3.0
742,6.721,1.020,1.509,0.000,0.003,-0.001,3.0
743,6.720,1.020,1.509,0.000,0.003,-0.001,3.0
744,6.720,1.020,1.509,0.000,0.003,-0.001,3.0
745,6.719,1.019,1.509,0.000,0.003,-0.001,3.0
746,6.718,1.019,1.509,0.000,0.003,-0.001,3.0
747,6.718,1.019,1.509,0.000,0.003,-0.001,3.0
748,6.717,1.019,1.509,0.000,0.003,-0.001,3.0
749,6.716,1.018,1.509,0.000,0.003,-0.001,3.0
750,6.716,1.018,1.509,0.000,0.003,-0.001,3.0
751,6.715,1.018,1.509,0.000,0.003,-0.001,3.0
752,6.714,1.018,1.509,0.000,0.003,-0.001,3.0
753,6.714,1.017,1.509,0.000,0.003,-0.001,3.0
754,6.713,1.017,1.509,0.000,0.003,-0.001,3.0
755,6.713,1.017,1.509,0.000,0.003,-0.001,3.0
756,6.712,1.017,1.509,0.000,0.003,-0.001,3.0
757,6.711,1.017,1.509,0.000,0.003,-0.001,3.0
758,6.711,1.016,1.509,0.000,0.003,-0.001,3.0
759,6.710,1.016,1.509,0.000,0.002,-0.001,3.0
760,6.710,1.016,1.509,0.000,0.002,-0.001,3.0
761,6.709,1.016,1.509,0.000,0.002,-0.001,3.0
762,6.708,1.015,1.509,0.000,0.002,-0.001,3.0
763,6.708,1.015,1.509,0.000,0.002,-0.001,3.0
764,6.707,1.015,1.509,0.000,0.002,-0.001,3.0
765,6.707,1.015,1.509,0.000,0.002,-0.001,3.0
766,6.706,1.015,1.509,0.000,0.002,-0.001,3.0
767,6.706,1.014,1.509,0.000,0.002,-0.001,3.0
768,6.705,1.014,1.509,0.000,0.002,-0.001,3.0
769,6.705,1.014,1.509,0.000,0.002,-0.001,3.0
770,6.704,1.014,1.509,0.000,0.002,-0.001,3.0
771,6.704,1.014,1.509,0.000,0.002,-0.001,3.0
772,6.703,1.014,1.509,0.000,0.002,-0.001,3.0
773,6.703,1.013,1.509,0.000,0.002,-0.001,3.0
774,6.702,1.013,1.509,0.000,0.002,-0.001,3.0
775,6.702,1.013,1.509,0.000,0.002,-0.001,3.0
776,6.701,1.013,1.509,0.000,0.002,-0.001,3.0
777,6.701,1.013,1.509,0.000,0.002,-0.001,3.0
778,6.701,1.013,1.509,0.000,0.002,-0.001,3.0
779,6.700,1.012,1.509,0.000,0.002,-0.001,3.0
780,6.700,1.012,1.509,0.000,0.002,-0.001,3.0
781,6.699,1.012,1.509,0.000,0.002,-0.001,3.0
782,6.699,1.012,1.509,0.000,0.002,-0.001,3.0
783,6.698,1.012,1.509,0.000,0.002,-0.001,3.0
784,6.698,1.012,1.509,0.000,0.002,-0.001,3.0
785,6.698,1.011,1.509,0.000,0.002,-0.001,3.0
786,6.697,1.011,1.509,0.000,0.002,-0.001,3.0
787,6.697,1.011,1.509,0.000,0.002,-0.001,3.0
788,6.696,1.011,1.509,0.000,0.002,-0.001,3.0
789,6.696,1.011,1.509,0.000,0.002,-0.001,3.0
790,6.696,1.011,1.509,0.000,0.002,-0.001,3.0
791,6.695,1.011,1.509,0.000,0.002,-0.001,3.0
792,6.695,1.010,1.509,0.000,0.002,-0.001,3.0
793,6.694,1.010,1.509,0.000,0.002,-0.001,3.0
794,6.694,1.010,1.509,0.000,0.002,-0.001,3.0
795,6.694,1.010,1.509,0.000,0.002,-0.001,3.0
796,6.693,1.010,1.509,0.000,0.002,-0.001,3.0
797,6.693,1.010,1.509,0.000,0.002,-0.001,3.0
798,6.693,1.010,1.509,0.000,0.001,-0.001,3.0
799,6.692,1.010,1.509,0.000,0.001,-0.001,3.0
800,6.692,1.009,1.509,0.000,0.001,-0.001,3.0
801,6.692,1.009,1.509,0.000,0.001,-0.001,3.0
802,6.691,1.009,1.509,0.000,0.001,-0.001,3.0
803,6.691,1.009,1.509,0.000,0.001,-0.001,3.0
804,6.691,1.009,1.509,0.000,0.001,-0.001,3.0
805,6.690,1.009,1.509,0.000,0.001,-0.001,3.0
806,6.690,1.009,1.509,0.000,0.001,-0.000,3.0
807,6.690,1.009,1.509,0.000,0.001,-0.000,3.0
808,6.689,1.008,1.509,0.000,0.001,-0.000,3.0
809,6.689,1.008,1.509,0.000,0.001,-0.000,3.0
810,6.689,1.008,1.509,0.000,0.001,-0.000,3.0
811,6.689,1.008,1.509,0.000,0.001,-0.000,3.0
812,6.688,1.008,1.509,0.000,0.001,-0.000,3.0
813,6.688,1.008,1.509,0.000,0.001,-0.000,3.0
814,6.688,1.008,1.509,0.000,0.001,-0.000,3.0
815,6.687,1.008,1.509,0.000,0.001,-0.000,3.0
816,6.687,1.008,1.509,0.000,0.001,-0.000,3.0
817,6.687,1.008,1.509,0.000,0.001,-0.000,3.0
818,6.687,1.007,1.509,0.000,0.001,-0.000,3.0
819,6.686,1.007,1.509,0.000,0.001,-0.000,3.0
820,6.686,1.007,1.509,0.000,0.001,-0.000,3.0
821,6.686,1.007,1.509,0.000,0.001,-0.000,3.0
822,6.686,1.007,1.509,0.000,0.001,-0.000,3.0
823,6.685,1.007,1.509,0.000,0.001,-0.000,3.0
824,6.685,1.007,1.509,0.000,0.001,-0.000,3.0
825,6.685,1.007,1.509,0.000,0.001,-0.000,3.0
826,6.685,1.007,1.509,0.000,0.001,-0.000,3.0
827,6.684,1.007,1.509,0.000,0.001,-0.000,3.0
828,6.684,1.006,1.509,0.000,0.001,-0.000,3.0
829,6.684,1.006,1.509,0.000,0.001,-0.000,3.0
830,6.684,1.006,1.509,0.000,0.001,-0.000,3.0
831,6.684,1.006,1.509,0.000,0.001,-0.000,3.0
832,6.683,1.006,1.509,0.000,0.001,-0.000,3.0
833,6.683,1.006,1.509,0.000,0.001,-0.000,3.0
834,6.683,1.006,1.509,0.000,0.001,-0.000,3.0
835,6.683,1.006,1.509,0.000,0.001,-0.000,3.0
836,6.682,1.006,1.509,0.000,0.001,-0.000,3.0
837,6.682,1.006,1.509,0.000,0.001,-0.000,3.0
838,6.682,1.006,1.509,0.000,0.001,-0.000,3.0
839,6.682,1.006,1.509,0.000,0.001,-0.000,3.0
840,6.682,1.006,1.509,0.000,0.001,-0.000,3.0
841,6.681,1.005,1.509,0.000,0.001,-0.000,3.0
842,6.681,1.005,1.509,0.000,0.001,-0.000,3.0
843,6.681,1.005,1.509,0.000,0.001,-0.000,3.0
844,6.681,1.005,1.509,0.000,0.001,-0.000,3.0
845,6.681,1.005,1.509,0.000,0.001,-0.000,3.0
846,6.680,1.005,1.509,0.000,0.001,-0.000,3.0
847,6.680,1.005,1.509,0.000,0.001,-0.000,3.0
848,6.680,1.005,1.509,0.000,0.001,-0.000,3.0
849,6.680,1.005,1.509,0.000,0.001,-0.000,3.0
850,6.680,1.005,1.509,0.000,0.001,-0.000,3.0
851,6.680,1.005,1.509,0.000,0.001,-0.000,3.0
852,6.679,1.005,1.509,0.000,0.001,-0.000,3.0
853,6.679,1.005,1.509,0.000,0.001,-0.000,3.0
854,6.679,1.005,1.509,0.000,0.001,-0.000,3.0
855,6.679,1.005,1.509,0.000,0.001,-0.000,3.0
856,6.679,1.004,1.509,0.000,0.001,-0.000,3.0
857,6.679,1.004,1.509,0.000,0.001,-0.000,3.0
858,6.678,1.004,1.509,0.000,0.001,-0.000,3.0
859,6.678,1.004,1.509,0.000,0.001,-0.000,3.0
860,6.678,1.004,1.509,0.000,0.001,-0.000,3.0
861,6.678,1.004,1.509,0.000,0.001,-0.000,3.0
862,6.678,1.004,1.509,0.000,0.001,-0.000,3.0
863,6.678,1.004,1.509,0.000,0.001,-0.000,3.0
864,6.678,1.004,1.509,0.000,0.001,-0.000,3.0
865,6.677,1.004,1.509,0.000,0.001,-0.000,3.0
866,6.677,1.004,1.509,0.000,0.001,-0.000,3.0
867,6.677,1.004,1.509,0.000,0.001,-0.000,3.0
868,6.677,1.004,1.509,0.000,0.001,-0.000,3.0
869,6.677,1.004,1.509,0.000,0.001,-0.000,3.0
870,6.677,1.004,1.509,0.000,0.001,-0.000,3.0
871,6.677,1.004,1.509,0.000,0.001,-0.000,3.0
872,6.676,1.004,1.509,0.000,0.001,-0.000,3.0
873,6.676,1.004,1.509,0.000,0.001,-0.000,3.0
874,6.676,1.004,1.509,0.000,0.001,-0.000,3.0
875,6.676,1.003,1.509,0.000,0.001,-0.000,3.0
876,6.676,1.003,1.509,0.000,0.001,-0.000,3.0
877,6.676,1.003,1.509,0.000,0.006,-0.002,3.0
878,6.676,1.003,1.509,0.000,0.010,-0.004,3.0
879,6.676,1.003,1.509,0.000,0.010,-0.004,3.0
880,6.676,1.003,1.509,0.000,0.008,-0.003,3.0
881,6.676,1.003,1.509,0.000,0.004,-0.002,3.0
882,6.676,1.003,1.509,0.000,0.001,-0.000,3.0
883,6.676,1.003,1.509,0.000,-0.002,0.001,3.0
884,6.676,1.003,1.509,0.000,-0.003,0.001,3.0
885,6.676,1.003,1.509,0.000,-0.003,0.001,3.0
886,6.676,1.003,1.509,0.000,-0.001,0.000,3.0
887,6.676,1.003,1.509,0.000,0.000,-0.000,3.0
888,6.676,1.003,1.509,0.000,0.001,-0.000,3.0
889,6.676,1.003,1.509,0.000,0.002,-0.001,3.0
890,6.676,1.003,1.509,0.000,0.002,-0.001,3.0
891,6.676,1.003,1.509,0.000,0.001,-0.000,3.0
892,6.676,1.003,1.509,0.000,0.000,-0.000,3.0
893,6.676,1.003,1.509,0.000,-0.000,0.000,3.0
894,6.676,1.003,1.509,0.000,-0.000,0.000,3.0
895,6.676,1.003,1.509,0.000,-0.001,0.000,3.0
896,6.676,1.003,1.509,0.000,-0.000,0.000,3.0
897,6.676,1.003,1.509,0.000,-0.000,0.000,3.0
898,6.676,1.003,1.509,0.000,0.000,-0.000,3.0
899,6.676,1.003,1.509,0.000,0.000,-0.000,3.0
900,6.676,1.003,1.509,0.000,0.000,-0.000,3.0
901,6.676,1.003,1.509,0.000,0.000,-0.000,3.0
902,6.676,1.003,1.509,0.000,0.000,-0.000,3.0
903,6.676,1.003,1.509,0.000,0.000,-0.000,3.0
904,6.676,1.003,1.509,0.000,-0.000,0.000,3.0
905,6.676,1.003,1.509,0.000,-0.000,0.000,3.0
906,6.676,1.003,1.509,0.000,-0.000,0.000,3.0
907,6.676,1.003,1.509,0.000,-0.000,0.000,3.0
908,6.676,1.003,1.509,0.000,-0.000,0.000,3.0
909,6.676,1.003,1.509,0.000,0.000,-0.000,3.0
910,6.676,1.003,1.509,0.000,0.000,-0.000,3.0
911,6.676,1.003,1.509,0.000,0.000,-0.000,3.0
912,6.676,1.003,1.509,0.000,0.000,-0.000,3.0
913,6.676,1.003,1.509,0.000,0.000,-0.000,3.0
914,6.676,1.003,1.509,0.000,-0.000,0.000,3.0
915,6.676,1.003,1.509,0.000,-0.000,0.000,3.0
916,6.676,1.003,1.509,0.000,-0.000,0.000,3.0
917,6.676,1.003,1.509,0.000,-0.000,0.000,3.0
918,6.676,1.003,1.509,0.000,-0.000,0.000,3.0
919,6.676,1.003,1.509,0.000,-0.000,0.000,3.0
920,6.676,1.003,1.509,0.000,0.000,-0.000,3.0
921,6.676,1.003,1.509,0.000,0.000,-0.000,3.0
922,6.676,1.003,1.509,0.000,0.000,-0.000,3.0
923,6.676,1.003,1.509,0.000,0.000,-0.000,3.0
924,6.676,1.003,1.509,0.000,0.000,-0.000,3.0
925,6.676,1.003,1.509,0.000,-0.000,0.000,3.0
926,6.676,1.003,1.509,0.000,-0.000,0.000,3.0
927,6.676,1.003,1.509,0.000,-0.000,0.000,3.0
928,6.676,1.003,1.509,0.000,-0.000,0.000,3.0
929,6.676,1.003,1.509,0.000,-0.000,0.000,3.0
930,6.676,1.003,1.509,0.000,0.000,-0.000,3.0
931,6.676,1.003,1.509,0.000,0.000,-0.000,3.0
932,6.676,1.003,1.509,0.000,0.000,-0.000,3.0
933,6.676,1.003,1.509,0.000,0.000,-0.000,3.0
934,6.676,1.003,1.509,0.000,0.000,-0.000,3.0
935,6.676,1.003,1.509,0.000,0.000,0.000,3.0
936,6.676,1.003,1.509,0.000,-0.000,0.000,3.0
937,6.676,1.003,1.509,0.000,-0.000,0.000,3.0
938,6.676,1.003,1.509,0.000,-0.000,0.000,3.0
939,6.676,1.003,1.509,0.000,-0.000,0.000,3.0
940,6.676,1.003,1.509,0.000,-0.000,0.000,3.0
941,6.676,1.003,1.509,0.000,0.000,0.000,3.0
942,6.676,1.003,1.509,0.000,0.000,-0.000,3.0
943,6.676,1.003,1.509,0.000,0.000,-0.000,3.0
944,6.676,1.003,1.509,0.000,0.000,-0.000,3.0
945,6.676,1.003,1.509,0.000,0.000,0.000,3.0
946,6.676,1.003,1.509,0.000,0.000,0.000,3.0
947,6.676,1.003,1.509,0.000,-0.000,0.000,3.0
948,6.676,1.003,1.509,0.000,-0.000,0.000,3.0
949,6.676,1.003,1.509,0.000,-0.000,0.000,3.0
950,6.676,1.003,1.509,0.000,-0.000,0.000,3.0
951,6.676,1.003,1.509,0.000,0.000,0.000,3.0
952,6.676,1.003,1.509,0.000,0.000,0.000,3.0
953,6.676,1.003,1.509,0.000,0.000,0.000,3.0
954,6.676,1.003,1.509,0.000,0.000,0.000,3.0
955,6.676,1.003,1.509,0.000,0.000,0.000,3.0
956,6.676,1.003,1.509,0.000,0.000,0.000,3.0
957,6.676,1.003,1.509,0.000,0.000,0.000,3.0
958,6.676,1.003,1.509,0.000,0.000,0.000,3.0
959,6.676,1.003,1.509,0.000,0.000,0.000,3.0
960,6.676,1.003,1.509,0.000,0.000,0.000,3.0
961,6.676,1.003,1.509,0.000,0.000,0.000,3.0
962,6.676,1.003,1.509,0.000,0.000,0.000,3.0
963,6.676,1.003,1.509,0.000,0.000,0.000,3.0
964,6.676,1.003,1.509,0.000,0.000,0.000,3.0
965,6.676,1.003,1.509,0.000,0.000,0.000,3.0
966,6.676,1.003,1.509,0.000,0.000,0.000,3.0
967,6.676,1.003,1.509,0.000,0.000,0.000,3.0
968,6.676,1.003,1.509,0.000,0.000,0.000,3.0
969,6.676,1.003,1.509,0.000,0.000,0.000,3.0
970,6.676,1.003,1.509,0.000,0.000,0.000,3.0
971,6.676,1.003,1.509,0.000,0.000,0.000,3.0
972,6.676,1.003,1.509,0.000,0.000,0.000,3.0
973,6.676,1.003,1.509,0.000,0.000,0.000,3.0
974,6.676,1.003,1.509,0.000,0.000,0.000,3.0
975,6.676,1.003,1.509,0.000,0.000,0.000,3.0
976,6.676,1.003,1.509,0.000,0.000,0.000,3.0
977,6.676,1.003,1.509,0.000,0.000,0.000,3.0
978,6.676,1.003,1.509,0.000,0.000,0.000,3.0
979,6.676,1.003,1.509,0.000,0.000,0.000,3.0
980,6.676,1.003,1.509,0.000,0.000,0.000,3.0
981,6.676,1.003,1.509,0.000,0.000,0.000,3.0
982,6.676,1.003,1.509,0.000,0.000,0.000,3.0
983,6.676,1.003,1.509,0.000,0.000,0.000,3.0
984,6.676,1.003,1.509,0.000,0.000,0.000,3.0
985,6.676,1.003,1.509,0.000,0.000,0.000,3.0
986,6.676,1.003,1.509,0.000,0.000,0.000,3.0
987,6.676,1.003,1.509,0.000,0.000,0.000,3.0
988,6.676,1.003,1.509,0.000,0.000,0.000,3.0
989,6.676,1.003,1.509,0.000,0.000,0.000,3.0
990,6.676,1.003,1.509,0.000,0.000,0.000,3.0
991,6.676,1.003,1.509,0.000,0.000,0.000,3.0
992,6.676,1.003,1.509,0.000,0.000,0.000,3.0
993,6.676,1.003,1.509,0.000,0.000,0.000,3.0
994,6.676,1.003,1.509,0.000,0.000,0.000,3.0
995,6.676,1.003,1.509,0.000,0.000,0.000,3.0
996,6.676,1.003,1.509,0.000,0.000,0.000,3.0
997,6.676,1.003,1.509,0.000,0.000,0.000,3.0
998,6.676,1.003,1.509,0.000,0.000,0.000,3.0
999,6.676,1.003,1.509,0.000,0.000,0.000,3.0
1000,6.676,1.003,1.509,0.000,0.000,0.000,3.0
