1,-2.000,0.000,0.000,0.000,0.000,0.000,1
2,-2.000,0.000,0.153,0.000,0.000,0.000,1
3,-2.000,0.000,0.473,0.000,0.000,0.000,1
4,-2.000,0.000,0.808,0.000,0.000,0.000,1
5,-2.000,0.000,1.088,0.000,0.000,0.000,1
6,-2.000,0.000,1.290,0.000,0.000,0.000,1
7,-2.000,0.000,1.420,0.000,0.000,0.000,1
8,-2.000,0.000,1.493,0.000,0.000,0.000,1
9,-2.000,0.000,1.522,0.000,0.000,0.000,1
10,-2.000,0.000,1.534,0.000,0.000,0.000,1
11,-2.000,0.000,1.533,0.000,0.000,0.000,1
12,-2.000,0.000,1.527,0.000,0.000,0.000,1
13,-2.000,0.000,1.519,0.000,0.000,0.000,1
14,-2.000,0.000,1.512,-0.000,-0.121,-0.182,6.0
15,-2.000,0.001,1.506,-0.000,-0.201,-0.301,6.0
16,-2.001,0.002,1.507,-0.000,-0.210,-0.315,6.0
17,-2.003,0.005,1.507,-0.000,-0.162,-0.245,6.0
18,-2.006,0.008,1.507,-0.000,-0.086,-0.132,6.0
19,-2.008,0.012,1.508,-0.000,-0.011,-0.020,6.0
20,-2.011,0.016,1.508,-0.000,0.041,0.059,6.0
21,-2.014,0.020,1.509,-0.000,0.063,0.091,6.0
22,-2.016,0.024,1.509,-0.000,0.055,0.082,3.0
23,-2.018,0.027,1.509,-0.000,0.031,0.045,3.0
24,-2.020,0.031,1.509,-0.000,0.004,0.001,3.0
25,-2.022,0.034,1.510,-0.000,-0.016,-0.034,3.0
26,-2.024,0.037,1.510,-0.000,-0.025,-0.052,3.0
27,-2.027,0.041,1.510,-0.000,-0.022,-0.051,3.0
28,-2.029,0.044,1.510,-0.000,0.320,0.155,3.0
29,-2.030,0.047,1.504,-0.000,0.546,0.301,3.0
30,-2.030,0.049,1.500,-0.000,0.589,0.363,1
31,-2.027,0.050,1.498,-0.000,0.466,0.339,1
32,-2.023,0.050,1.497,-0.000,0.032,0.185,1
33,-2.019,0.050,1.496,-0.000,-0.504,-0.106,15.0
34,-2.016,0.049,1.495,-0.000,-0.788,-0.306,15.0
35,-2.016,0.049,1.493,-0.000,-0.777,-0.365,15.0
36,-2.018,0.051,1.493,-0.000,-0.552,-0.301,15.0
37,-2.023,0.054,1.492,-0.000,-0.236,-0.167,15.0
38,-2.028,0.057,1.491,-0.000,0.050,-0.024,15.0
39,-2.033,0.060,1.491,-0.000,0.229,0.083,15.0
40,-2.038,0.064,1.491,-0.000,0.279,0.132,15.0
41,-2.041,0.066,1.490,-0.000,0.222,0.124,15.0
42,-2.044,0.069,1.490,-0.000,0.107,0.079,15.0
43,-2.047,0.071,1.496,-0.000,-0.012,0.021,15.0
44,-2.049,0.073,1.497,-0.000,-0.097,-0.027,15.0
45,-2.052,0.075,1.498,-0.000,-0.131,-0.054,15.0
46,-2.055,0.077,1.498,-0.000,-0.116,-0.057,15.0
47,-2.059,0.080,1.499,-0.000,-0.071,-0.042,15.0
48,-2.063,0.082,1.500,-0.000,-0.017,-0.018,15.0
49,-2.067,0.085,1.500,-0.000,0.026,0.005,15.0
50,-2.071,0.088,1.501,-0.000,0.049,0.020,15.0
51,-2.074,0.090,1.502,-0.000,0.050,0.025,15.0
52,-2.078,0.093,1.502,-0.000,0.036,0.021,15.0
53,-2.081,0.095,1.502,-0.000,0.014,0.012,15.0
54,-2.085,0.098,1.503,-0.000,-0.005,0.002,15.0
55,-2.088,0.100,1.503,-0.000,-0.017,-0.005,15.0
56,-2.092,0.102,1.504,-0.000,-0.020,-0.009,15.0
57,-2.095,0.105,1.504,-0.000,-0.016,-0.008,15.0
58,-2.099,0.107,1.504,-0.000,-0.007,-0.005,15.0
59,-2.103,0.110,1.504,-0.000,0.002,-0.000,15.0
60,-2.106,0.113,1.505,-0.000,0.008,0.003,15.0
61,-2.110,0.115,1.505,-0.000,0.011,0.005,15.0
62,-2.114,0.118,1.505,-0.000,0.010,0.005,15.0
63,-2.117,0.120,1.505,-0.000,0.007,0.004,15.0
64,-2.121,0.123,1.505,-0.000,0.003,0.003,15.0
65,-2.125,0.125,1.505,-0.000,-0.000,0.001,15.0
66,-2.128,0.128,1.506,-0.000,-0.002,-0.000,15.0
67,-2.132,0.130,1.506,-0.000,-0.002,-0.000,15.0
68,-2.135,0.133,1.506,-0.000,-0.001,-0.000,15.0
69,-2.139,0.135,1.506,-0.000,0.001,0.001,15.0
70,-2.143,0.138,1.506,-0.000,0.002,0.001,15.0
71,-2.146,0.140,1.506,-0.000,0.003,0.002,15.0
72,-2.150,0.143,1.506,-0.000,0.003,0.002,15.0
73,-2.153,0.145,1.506,-0.000,0.003,0.002,15.0
74,-2.157,0.148,1.506,-0.000,0.003,0.002,15.0
75,-2.161,0.150,1.506,-0.000,0.002,0.001,15.0
76,-2.164,0.153,1.506,-0.000,0.001,0.001,15.0
77,-2.168,0.155,1.506,-0.000,0.001,0.001,15.0
78,-2.172,0.158,1.506,-0.000,0.001,0.001,15.0
79,-2.175,0.160,1.507,-0.000,0.002,0.001,15.0
80,-2.179,0.163,1.507,-0.000,0.002,0.001,15.0
81,-2.182,0.165,1.507,-0.000,0.002,0.001,15.0
82,-2.186,0.168,1.507,-0.000,0.002,0.001,15.0
83,-2.190,0.170,1.507,-0.000,0.002,0.002,15.0
84,-2.193,0.173,1.507,-0.000,0.002,0.002,15.0
85,-2.197,0.175,1.507,-0.000,0.002,0.002,15.0
86,-2.201,0.178,1.507,-0.000,0.002,0.001,15.0
87,-2.204,0.180,1.507,-0.000,-0.031,0.174,10.0
88,-2.208,0.182,1.507,-0.000,-0.053,0.287,10.0
89,-2.212,0.183,1.507,-0.000,0.158,0.251,10.0
90,-2.215,0.183,1.507,-0.000,0.098,0.202,10.0
91,-2.218,0.183,1.507,-0.000,-0.005,0.125,10.0
92,-2.221,0.182,1.507,-0.000,-0.084,0.043,10.0
93,-2.225,0.180,1.507,-0.000,-0.119,-0.019,10.0
94,-2.229,0.179,1.507,-0.000,-0.111,-0.050,10.0
95,-2.233,0.178,1.507,-0.000,-0.073,-0.051,10.0
96,-2.237,0.177,1.507,-0.000,-0.025,-0.030,10.0
97,-2.242,0.177,1.508,-0.000,0.016,-0.001,10.0
98,-2.246,0.176,1.508,-0.000,0.039,0.023,10.0
99,-2.251,0.175,1.508,-0.000,0.044,0.037,10.0
100,-2.255,0.174,1.508,-0.000,0.034,0.038,10.0
101,-2.259,0.173,1.508,-0.000,0.016,0.029,10.0
102,-2.263,0.172,1.508,-0.000,-0.002,0.016,10.0
103,-2.267,0.171,1.508,-0.000,-0.013,0.004,10.0
104,-2.271,0.169,1.508,-0.000,-0.017,-0.005,10.0
105,-2.275,0.168,1.508,-0.000,-0.014,-0.008,10.0
106,-2.280,0.167,1.509,-0.000,-0.006,-0.006,10.0
107,-2.284,0.166,1.509,-0.000,0.002,-0.001,10.0
108,-2.288,0.165,1.509,-0.000,0.008,0.004,10.0
109,-2.292,0.163,1.509,-0.000,0.011,0.007,10.0
110,-2.297,0.162,1.509,-0.000,0.010,0.009,10.0
111,-2.301,0.161,1.509,-0.000,0.008,0.009,10.0
112,-2.305,0.160,1.509,-0.000,0.005,0.007,10.0
113,-2.309,0.158,1.509,-0.000,0.002,0.005,10.0
114,-2.313,0.157,1.509,-0.000,0.001,0.003,10.0
115,-2.318,0.156,1.509,-0.000,0.000,0.002,10.0
116,-2.322,0.154,1.509,-0.000,0.001,0.002,10.0
117,-2.326,0.153,1.509,-0.000,0.003,0.003,10.0
118,-2.330,0.152,1.509,-0.000,0.004,0.004,10.0
119,-2.334,0.150,1.510,-0.000,0.005,0.005,10.0
120,-2.339,0.149,1.510,-0.000,0.005,0.005,10.0
121,-2.343,0.147,1.510,-0.000,0.005,0.005,10.0
122,-2.347,0.146,1.510,-0.000,0.005,0.005,10.0
123,-2.351,0.144,1.510,-0.000,0.004,0.005,10.0
124,-2.355,0.143,1.510,-0.000,-0.010,-0.083,7.0
125,-2.359,0.142,1.510,-0.000,-0.019,-0.143,7.0
126,-2.364,0.141,1.510,-0.000,-0.021,-0.152,7.0
127,-2.368,0.141,1.510,-0.000,-0.016,-0.120,7.0
128,-2.372,0.141,1.510,-0.000,-0.007,-0.068,7.0
129,-2.377,0.141,1.504,-0.000,0.001,-0.015,7.0
130,-2.381,0.142,1.503,-0.000,0.007,0.024,7.0
131,-2.386,0.142,1.502,-0.000,0.009,0.040,7.0
132,-2.390,0.143,1.501,-0.000,0.009,0.038,7.0
133,-2.394,0.143,1.500,-0.000,0.006,0.022,7.0
134,-2.399,0.143,1.499,-0.000,0.002,0.002,7.0
135,-2.403,0.143,1.498,-0.000,-0.000,-0.014,7.0
136,-2.407,0.143,1.498,-0.000,-0.001,-0.023,7.0
137,-2.412,0.143,1.497,-0.000,-0.001,-0.023,7.0
138,-2.416,0.144,1.496,-0.000,-0.000,-0.017,7.0
139,-2.421,0.144,1.496,-0.000,0.001,-0.008,7.0
140,-2.425,0.144,1.495,-0.000,0.003,-0.000,7.0
141,-2.429,0.145,1.494,-0.000,0.004,0.005,7.0
142,-2.434,0.145,1.494,-0.000,0.004,0.007,7.0
143,-2.438,0.145,1.493,-0.000,0.003,0.006,7.0
144,-2.443,0.146,1.493,-0.000,0.003,0.003,7.0
145,-2.447,0.146,1.493,-0.000,0.002,-0.000,7.0
146,-2.451,0.146,1.492,-0.000,0.238,0.188,7.0
147,-2.455,0.146,1.492,-0.000,0.431,0.313,1
148,-2.457,0.145,1.492,-0.000,0.506,0.325,1
149,-2.458,0.142,1.492,-0.000,0.347,0.077,1
150,-2.457,0.140,1.492,-0.000,0.049,-0.358,6.0
151,-2.456,0.138,1.492,-0.000,-0.190,-0.620,6.0
152,-2.455,0.138,1.491,-0.000,-0.304,-0.646,6.0
153,-2.456,0.141,1.491,-0.000,-0.292,-0.490,6.0
154,-2.458,0.145,1.491,-0.000,-0.192,-0.245,6.0
155,-2.460,0.150,1.491,-0.000,0.226,0.252,6.0
156,-2.461,0.155,1.491,-0.000,0.546,0.629,1
157,-2.461,0.157,1.491,-0.000,0.658,0.777,1
158,-2.459,0.157,1.491,-0.000,0.321,0.533,1
159,-2.455,0.155,1.491,-0.000,-0.171,-0.007,15.0
160,-2.452,0.153,1.491,-0.000,-0.509,-0.438,15.0
161,-2.451,0.152,1.491,-0.000,-0.616,-0.632,15.0
162,-2.451,0.154,1.491,-0.000,-0.518,-0.592,15.0
163,-2.454,0.157,1.492,-0.000,-0.301,-0.392,15.0
164,-2.457,0.162,1.492,-0.000,-0.061,-0.137,15.0
165,-2.461,0.167,1.492,-0.000,0.122,0.081,15.0
166,-2.464,0.172,1.493,-0.000,0.211,0.207,15.0
167,-2.467,0.177,1.493,-0.000,0.205,0.229,15.0
168,-2.469,0.180,1.493,-0.000,0.134,0.170,15.0
169,-2.471,0.183,1.493,-0.000,0.038,0.073,15.0
170,-2.472,0.186,1.493,-0.000,-0.045,-0.021,15.0
171,-2.474,0.189,1.494,-0.000,-0.093,-0.084,15.0
172,-2.476,0.192,1.494,-0.000,-0.100,-0.104,15.0
173,-2.478,0.196,1.494,-0.000,-0.075,-0.087,15.0
174,-2.480,0.200,1.494,-0.000,-0.035,-0.048,15.0
175,-2.483,0.204,1.494,-0.000,0.004,-0.006,15.0
176,-2.485,0.208,1.494,-0.000,0.031,0.027,15.0
177,-2.488,0.212,1.494,-0.000,0.043,0.045,15.0
178,-2.490,0.215,1.495,-0.000,0.040,0.048,15.0
179,-2.492,0.219,1.495,-0.000,0.027,0.038,15.0
180,-2.495,0.223,1.495,-0.000,0.012,0.023,15.0
181,-2.497,0.226,1.495,-0.000,-0.000,0.009,15.0
182,-2.499,0.230,1.495,-0.000,-0.007,0.000,15.0
183,-2.501,0.233,1.495,-0.000,-0.007,-0.002,15.0
184,-2.503,0.236,1.495,-0.000,-0.002,0.001,15.0
185,-2.505,0.240,1.495,-0.000,0.004,0.007,15.0
186,-2.507,0.243,1.495,-0.000,0.010,0.013,15.0
187,-2.510,0.247,1.495,-0.000,0.014,0.018,15.0
188,-2.512,0.250,1.495,-0.000,0.015,0.020,15.0
189,-2.514,0.253,1.495,-0.000,0.014,0.020,15.0
190,-2.516,0.257,1.495,-0.000,0.011,0.018,15.0
191,-2.518,0.260,1.495,-0.000,0.008,0.015,15.0
192,-2.520,0.263,1.495,-0.000,0.006,0.012,15.0
193,-2.521,0.266,1.495,-0.000,0.005,0.011,15.0
194,-2.523,0.269,1.495,-0.000,0.006,0.010,15.0
195,-2.525,0.272,1.495,-0.000,0.006,0.011,15.0
196,-2.527,0.275,1.495,-0.000,0.007,0.012,15.0
197,-2.529,0.278,1.495,-0.000,0.008,0.013,15.0
198,-2.531,0.281,1.495,-0.000,0.009,0.013,15.0
199,-2.532,0.284,1.495,-0.000,0.009,0.013,15.0
200,-2.534,0.287,1.495,-0.000,0.008,0.013,15.0
201,-2.536,0.289,1.495,-0.000,0.008,0.013,15.0
202,-2.538,0.292,1.495,-0.000,0.007,0.012,15.0
203,-2.539,0.295,1.495,-0.000,0.007,0.011,15.0
204,-2.541,0.298,1.495,-0.000,0.007,0.011,15.0
205,-2.543,0.300,1.495,-0.000,0.007,0.011,15.0
206,-2.544,0.303,1.495,-0.000,0.007,0.011,15.0
207,-2.546,0.305,1.495,-0.000,0.007,0.011,15.0
208,-2.547,0.308,1.495,-0.000,0.007,0.011,15.0
209,-2.549,0.310,1.495,-0.000,0.007,0.011,15.0
210,-2.551,0.313,1.495,-0.000,0.007,0.011,15.0
211,-2.552,0.315,1.495,-0.000,0.007,0.011,15.0
212,-2.554,0.318,1.495,-0.000,0.007,0.010,15.0
213,-2.555,0.320,1.495,-0.000,0.006,0.010,15.0
214,-2.557,0.322,1.495,-0.000,0.006,0.010,15.0
215,-2.558,0.325,1.495,-0.000,0.006,0.010,15.0
216,-2.559,0.327,1.495,-0.000,0.006,0.010,15.0
217,-2.561,0.329,1.495,-0.000,0.006,0.010,15.0
218,-2.562,0.332,1.495,-0.000,0.006,0.010,15.0
219,-2.564,0.334,1.495,-0.000,0.006,0.010,15.0
220,-2.565,0.336,1.495,-0.000,0.006,0.009,15.0
221,-2.566,0.338,1.495,-0.000,0.006,0.009,15.0
222,-2.568,0.340,1.495,-0.000,0.006,0.009,15.0
223,-2.569,0.342,1.495,-0.000,0.006,0.009,15.0
224,-2.570,0.344,1.495,-0.000,0.006,0.009,15.0
225,-2.571,0.346,1.495,-0.000,0.005,0.009,15.0
226,-2.573,0.348,1.495,-0.000,0.005,0.009,15.0
227,-2.574,0.350,1.495,-0.000,0.005,0.009,15.0
228,-2.575,0.352,1.495,-0.000,0.005,0.008,15.0
229,-2.576,0.354,1.495,-0.000,0.005,0.008,15.0
230,-2.577,0.356,1.495,-0.000,0.005,0.008,15.0
231,-2.579,0.358,1.495,-0.000,0.005,0.008,15.0
232,-2.580,0.360,1.495,-0.000,0.005,0.008,15.0
233,-2.581,0.362,1.495,-0.000,0.005,0.008,15.0
234,-2.582,0.364,1.495,-0.000,0.005,0.008,15.0
235,-2.583,0.365,1.495,-0.000,0.005,0.008,15.0
236,-2.584,0.367,1.495,-0.000,0.005,0.008,15.0
237,-2.585,0.369,1.495,-0.000,0.005,0.007,15.0
238,-2.586,0.371,1.495,-0.000,0.005,0.007,15.0
239,-2.587,0.372,1.495,-0.000,0.005,0.007,15.0
240,-2.588,0.374,1.495,-0.000,0.004,0.007,15.0
241,-2.590,0.376,1.495,-0.000,0.004,0.007,15.0
242,-2.591,0.377,1.495,-0.000,0.004,0.007,15.0
243,-2.592,0.379,1.495,-0.000,0.004,0.007,15.0
244,-2.592,0.380,1.495,-0.000,0.004,0.007,15.0
245,-2.593,0.382,1.495,-0.000,0.004,0.007,15.0
246,-2.594,0.384,1.495,-0.000,0.004,0.007,15.0
247,-2.595,0.385,1.495,-0.000,0.004,0.007,15.0
248,-2.596,0.387,1.495,-0.000,0.004,0.006,15.0
249,-2.597,0.388,1.495,-0.000,0.004,0.006,15.0
250,-2.598,0.390,1.495,-0.000,0.004,0.006,15.0
251,-2.599,0.391,1.495,-0.000,0.004,0.006,15.0
252,-2.600,0.392,1.495,-0.000,0.004,0.006,15.0
253,-2.601,0.394,1.495,-0.000,0.004,0.006,15.0
254,-2.602,0.395,1.495,-0.000,0.004,0.006,15.0
255,-2.602,0.397,1.495,-0.000,0.004,0.006,15.0
256,-2.603,0.398,1.495,-0.000,0.004,0.006,15.0
257,-2.604,0.399,1.495,-0.000,0.004,0.006,15.0
258,-2.605,0.401,1.495,-0.000,0.004,0.006,15.0
259,-2.606,0.402,1.495,-0.000,0.003,0.006,15.0
260,-2.607,0.403,1.495,-0.000,0.003,0.006,15.0
261,-2.607,0.404,1.495,-0.000,0.003,0.005,15.0
262,-2.608,0.406,1.495,-0.000,0.003,0.005,15.0
263,-2.609,0.407,1.495,-0.000,0.003,0.005,15.0
264,-2.610,0.408,1.495,-0.000,0.003,0.005,15.0
265,-2.610,0.409,1.495,-0.000,0.003,0.005,15.0
266,-2.611,0.411,1.495,-0.000,0.003,0.005,15.0
267,-2.612,0.412,1.495,-0.000,0.003,0.005,15.0
268,-2.613,0.413,1.495,-0.000,0.003,0.005,15.0
269,-2.613,0.414,1.495,-0.000,0.003,0.005,15.0
270,-2.614,0.415,1.495,-0.000,0.003,0.005,15.0
271,-2.615,0.416,1.495,-0.000,0.003,0.005,15.0
272,-2.615,0.417,1.495,-0.000,0.003,0.005,15.0
273,-2.616,0.418,1.495,-0.000,0.003,0.005,15.0
274,-2.617,0.419,1.495,-0.000,0.003,0.005,15.0
275,-2.617,0.421,1.495,-0.000,0.003,0.005,15.0
276,-2.618,0.422,1.495,-0.000,0.003,0.004,15.0
277,-2.619,0.423,1.495,-0.000,0.003,0.004,15.0
278,-2.619,0.424,1.495,-0.000,0.003,0.004,15.0
279,-2.620,0.425,1.495,-0.000,0.003,0.004,15.0
280,-2.621,0.426,1.495,-0.000,0.003,0.004,15.0
281,-2.621,0.427,1.495,-0.000,0.003,0.004,15.0
282,-2.622,0.428,1.495,-0.000,0.003,0.004,15.0
283,-2.622,0.428,1.495,-0.000,0.003,0.004,15.0
284,-2.623,0.429,1.495,-0.000,0.003,0.004,15.0
285,-2.623,0.430,1.495,-0.000,0.002,0.004,15.0
286,-2.624,0.431,1.495,-0.000,0.002,0.004,15.0
287,-2.625,0.432,1.495,-0.000,0.002,0.004,15.0
288,-2.625,0.433,1.495,-0.000,0.002,0.004,15.0
289,-2.626,0.434,1.495,-0.000,0.002,0.004,15.0
290,-2.626,0.435,1.495,-0.000,0.002,0.004,15.0
291,-2.627,0.436,1.495,-0.000,0.002,0.004,15.0
292,-2.627,0.436,1.495,-0.000,0.002,0.004,15.0
293,-2.628,0.437,1.495,-0.000,0.002,0.004,15.0
294,-2.628,0.438,1.495,-0.000,0.002,0.004,15.0
295,-2.629,0.439,1.495,-0.000,0.002,0.003,15.0
296,-2.629,0.440,1.495,-0.000,0.002,0.003,15.0
297,-2.630,0.441,1.495,-0.000,0.002,0.003,15.0
298,-2.630,0.441,1.495,-0.000,0.002,0.003,15.0
299,-2.631,0.442,1.495,-0.000,0.002,0.003,15.0
300,-2.631,0.443,1.495,-0.000,0.002,0.003,15.0
301,-2.632,0.444,1.495,-0.000,0.002,0.003,15.0
302,-2.632,0.444,1.495,-0.000,0.002,0.003,15.0
303,-2.633,0.445,1.495,-0.000,0.002,0.003,15.0
304,-2.633,0.446,1.495,-0.000,0.002,0.003,15.0
305,-2.633,0.446,1.495,-0.000,0.002,0.003,15.0
306,-2.634,0.447,1.495,-0.000,0.002,0.003,15.0
307,-2.634,0.448,1.495,-0.000,0.002,0.003,15.0
308,-2.635,0.449,1.495,-0.000,0.002,0.003,15.0
309,-2.635,0.449,1.495,-0.000,0.002,0.003,15.0
310,-2.636,0.450,1.495,-0.000,0.002,0.003,15.0
311,-2.636,0.451,1.495,-0.000,0.002,0.003,15.0
312,-2.636,0.451,1.495,-0.000,0.002,0.003,15.0
313,-2.637,0.452,1.495,-0.000,0.002,0.003,15.0
314,-2.637,0.452,1.495,-0.000,0.002,0.003,15.0
315,-2.638,0.453,1.495,-0.000,0.002,0.003,15.0
316,-2.638,0.454,1.495,-0.000,0.002,0.003,15.0
317,-2.638,0.454,1.495,-0.000,0.002,0.003,15.0
318,-2.639,0.455,1.495,-0.000,0.002,0.003,15.0
319,-2.639,0.455,1.495,-0.000,0.002,0.003,15.0
320,-2.639,0.456,1.495,-0.000,0.002,0.003,15.0
321,-2.640,0.457,1.495,-0.000,0.002,0.002,15.0
322,-2.640,0.457,1.495,-0.000,0.002,0.002,15.0
323,-2.640,0.458,1.495,-0.000,0.001,0.002,15.0
324,-2.641,0.458,1.495,-0.000,0.001,0.002,15.0
325,-2.641,0.459,1.495,-0.000,0.001,0.002,15.0
326,-2.641,0.459,1.495,-0.000,0.001,0.002,15.0
327,-2.642,0.460,1.495,-0.000,0.001,0.002,15.0
328,-2.642,0.460,1.495,-0.000,0.001,0.002,15.0
329,-2.642,0.461,1.495,-0.000,0.001,0.002,15.0
330,-2.643,0.461,1.495,-0.000,0.001,0.002,15.0
331,-2.643,0.462,1.495,-0.000,0.001,0.002,15.0
332,-2.643,0.462,1.495,-0.000,0.001,0.002,15.0
333,-2.644,0.463,1.495,-0.000,0.001,0.002,15.0
334,-2.644,0.463,1.495,-0.000,0.001,0.002,15.0
335,-2.644,0.464,1.495,-0.000,0.001,0.002,15.0
336,-2.645,0.464,1.495,-0.000,0.001,0.002,15.0
337,-2.645,0.465,1.495,-0.000,0.001,0.002,15.0
338,-2.645,0.465,1.495,-0.000,0.001,0.002,15.0
339,-2.645,0.466,1.495,-0.000,0.001,0.002,15.0
340,-2.646,0.466,1.495,-0.000,0.001,0.002,15.0
341,-2.646,0.467,1.495,-0.000,0.001,0.002,15.0
342,-2.646,0.467,1.495,-0.000,0.001,0.002,15.0
343,-2.647,0.468,1.495,-0.000,0.001,0.002,15.0
344,-2.647,0.468,1.495,-0.000,0.001,0.002,15.0
345,-2.647,0.468,1.495,-0.000,0.001,0.002,15.0
346,-2.647,0.469,1.495,-0.000,0.001,0.002,15.0
347,-2.648,0.469,1.495,-0.000,0.001,0.002,15.0
348,-2.648,0.470,1.495,-0.000,0.001,0.002,15.0
349,-2.648,0.470,1.495,-0.000,0.001,0.002,15.0
350,-2.648,0.470,1.495,-0.000,0.001,0.002,15.0
351,-2.649,0.471,1.495,-0.000,0.001,0.002,15.0
352,-2.649,0.471,1.495,-0.000,0.001,0.002,15.0
353,-2.649,0.472,1.495,-0.000,0.001,0.002,15.0
354,-2.649,0.472,1.495,-0.000,0.001,0.002,15.0
355,-2.649,0.472,1.495,-0.000,0.001,0.002,15.0
356,-2.650,0.473,1.495,-0.000,0.001,0.002,15.0
357,-2.650,0.473,1.495,-0.000,0.001,0.002,15.0
358,-2.650,0.473,1.495,-0.000,0.001,0.002,15.0
359,-2.650,0.474,1.495,-0.000,0.001,0.002,15.0
360,-2.651,0.474,1.495,-0.000,0.001,0.001,15.0
361,-2.651,0.474,1.495,-0.000,0.001,0.001,15.0
362,-2.651,0.475,1.495,-0.000,0.001,0.001,15.0
363,-2.651,0.475,1.495,-0.000,0.001,0.001,15.0
364,-2.651,0.475,1.495,-0.000,0.001,0.001,15.0
365,-2.652,0.476,1.495,-0.000,0.001,0.001,15.0
366,-2.652,0.476,1.495,-0.000,0.001,0.001,15.0
367,-2.652,0.476,1.495,-0.000,0.001,0.001,15.0
368,-2.652,0.477,1.495,-0.000,0.001,0.001,15.0
369,-2.652,0.477,1.495,-0.000,0.001,0.001,15.0
370,-2.653,0.477,1.495,-0.000,0.001,0.001,15.0
371,-2.653,0.478,1.495,-0.000,0.001,0.001,15.0
372,-2.653,0.478,1.495,-0.000,0.001,0.001,15.0
373,-2.653,0.478,1.495,-0.000,0.001,0.001,15.0
374,-2.653,0.478,1.495,-0.000,0.001,0.001,15.0
375,-2.653,0.479,1.495,-0.000,0.001,0.001,15.0
376,-2.654,0.479,1.495,-0.000,0.001,0.001,15.0
377,-2.654,0.479,1.495,-0.000,0.001,0.001,15.0
378,-2.654,0.480,1.495,-0.000,0.001,0.001,15.0
379,-2.654,0.480,1.495,-0.000,0.001,0.001,15.0
380,-2.654,0.480,1.495,-0.000,0.001,0.001,15.0
381,-2.654,0.480,1.495,-0.000,0.001,0.001,15.0
382,-2.655,0.481,1.495,-0.000,0.001,0.001,15.0
383,-2.655,0.481,1.495,-0.000,0.001,0.001,15.0
384,-2.655,0.481,1.495,-0.000,0.001,0.001,15.0
385,-2.655,0.481,1.495,-0.000,0.001,0.001,15.0
386,-2.655,0.482,1.495,-0.000,0.001,0.001,15.0
387,-2.655,0.482,1.495,-0.000,0.001,0.001,15.0
388,-2.656,0.482,1.495,-0.000,0.001,0.001,15.0
389,-2.656,0.482,1.495,-0.000,0.001,0.001,15.0
390,-2.656,0.483,1.495,-0.000,0.001,0.001,15.0
391,-2.656,0.483,1.495,-0.000,0.001,0.001,15.0
392,-2.656,0.483,1.495,-0.000,0.001,0.001,15.0
393,-2.656,0.483,1.495,-0.000,0.001,0.001,15.0
394,-2.656,0.483,1.495,-0.000,0.001,0.001,15.0
395,-2.657,0.484,1.495,-0.000,0.001,0.001,15.0
396,-2.657,0.484,1.495,-0.000,0.001,0.001,15.0
397,-2.657,0.484,1.495,-0.000,0.001,0.001,15.0
398,-2.657,0.484,1.495,-0.000,0.001,0.001,15.0
399,-2.657,0.484,1.495,-0.000,0.001,0.001,15.0
400,-2.657,0.485,1.495,-0.000,0.001,0.001,15.0
401,-2.657,0.485,1.495,-0.000,0.001,0.001,15.0
402,-2.657,0.485,1.495,-0.000,0.001,0.001,15.0
403,-2.658,0.485,1.495,-0.000,0.001,0.001,15.0
404,-2.658,0.485,1.495,-0.000,0.001,0.001,15.0
405,-2.658,0.486,1.495,-0.000,0.001,0.001,15.0
406,-2.658,0.486,1.495,-0.000,0.001,0.001,15.0
407,-2.658,0.486,1.495,-0.000,0.000,0.001,15.0
408,-2.658,0.486,1.495,-0.000,0.000,0.001,15.0
409,-2.658,0.486,1.495,-0.000,0.000,0.001,15.0
410,-2.658,0.487,1.495,-0.000,0.000,0.001,15.0
411,-2.658,0.487,1.495,-0.000,0.000,0.001,15.0
412,-2.659,0.487,1.495,-0.000,0.000,0.001,15.0
413,-2.659,0.487,1.495,-0.000,0.000,0.001,15.0
414,-2.659,0.487,1.495,-0.000,0.000,0.001,15.0
415,-2.659,0.487,1.495,-0.000,0.000,0.001,15.0
416,-2.659,0.488,1.495,-0.000,0.000,0.001,15.0
417,-2.659,0.488,1.495,-0.000,0.000,0.001,15.0
418,-2.659,0.488,1.495,-0.000,0.000,0.001,15.0
419,-2.659,0.488,1.495,-0.000,0.000,0.001,15.0
420,-2.659,0.488,1.495,-0.000,0.000,0.001,15.0
421,-2.659,0.488,1.495,-0.000,0.000,0.001,15.0
422,-2.660,0.489,1.495,-0.000,0.000,0.001,15.0
423,-2.660,0.489,1.495,-0.000,0.000,0.001,15.0
424,-2.660,0.489,1.495,-0.000,0.000,0.001,15.0
425,-2.660,0.489,1.495,-0.000,0.000,0.001,15.0
426,-2.660,0.489,1.495,-0.000,0.000,0.001,15.0
427,-2.660,0.489,1.495,-0.000,0.000,0.001,15.0
428,-2.660,0.489,1.495,-0.000,0.000,0.001,15.0
429,-2.660,0.490,1.495,-0.000,0.000,0.001,15.0
430,-2.660,0.490,1.495,-0.000,0.215,0.068,15.0
431,-2.660,0.490,1.495,-0.000,0.354,0.113,1
432,-2.658,0.489,1.495,-0.000,0.363,0.117,1
433,-2.655,0.488,1.495,-0.000,0.246,0.160,1
434,-2.651,0.487,1.495,-0.000,0.066,0.154,1
435,-2.647,0.485,1.495,-0.000,-0.119,0.099,1
436,-2.643,0.483,1.495,-0.000,-0.333,-0.075,1
437,-2.640,0.481,1.495,-0.000,-0.428,-0.210,15.0
438,-2.639,0.479,1.495,-0.000,-0.383,-0.255,15.0
439,-2.639,0.479,1.495,-0.000,-0.246,-0.217,15.0
440,-2.640,0.479,1.495,-0.000,-0.083,-0.129,15.0
441,-2.641,0.479,1.495,-0.000,0.053,-0.032,15.0
442,-2.642,0.480,1.495,-0.000,0.129,0.045,15.0
443,-2.643,0.481,1.495,-0.000,0.139,0.083,15.0
444,-2.643,0.481,1.495,-0.000,0.100,0.083,15.0
445,-2.643,0.482,1.495,-0.000,0.039,0.056,15.0
446,-2.642,0.481,1.495,-0.000,-0.020,0.018,15.0
447,-2.642,0.481,1.495,-0.000,-0.059,-0.017,15.0
448,-2.642,0.481,1.495,-0.000,-0.070,-0.037,15.0
449,-2.642,0.481,1.495,-0.000,-0.058,-0.041,15.0
450,-2.642,0.481,1.495,-0.000,-0.032,-0.032,15.0
451,-2.643,0.482,1.495,-0.000,-0.004,-0.016,15.0
452,-2.643,0.482,1.495,-0.000,0.017,0.001,15.0
453,-2.644,0.482,1.495,-0.000,0.027,0.012,15.0
454,-2.644,0.483,1.495,-0.000,0.026,0.017,15.0
455,-2.644,0.483,1.495,-0.000,0.017,0.015,15.0
456,-2.645,0.483,1.495,-0.000,0.006,0.009,15.0
457,-2.645,0.483,1.495,-0.000,-0.004,0.002,15.0
458,-2.645,0.484,1.495,-0.000,-0.010,-0.003,15.0
459,-2.645,0.484,1.495,-0.000,-0.011,-0.006,15.0
460,-2.646,0.484,1.495,-0.000,-0.008,-0.006,15.0
461,-2.646,0.484,1.495,-0.000,-0.003,-0.004,15.0
462,-2.646,0.484,1.495,-0.000,0.002,-0.001,15.0
463,-2.646,0.485,1.495,-0.000,0.005,0.002,15.0
464,-2.647,0.485,1.495,-0.000,0.006,0.003,15.0
465,-2.647,0.485,1.495,-0.000,0.005,0.004,15.0
466,-2.647,0.485,1.495,-0.000,0.003,0.003,15.0
467,-2.647,0.485,1.495,-0.000,0.001,0.002,15.0
468,-2.648,0.486,1.495,-0.000,-0.000,0.001,15.0
469,-2.648,0.486,1.495,-0.000,-0.001,-0.000,15.0
470,-2.648,0.486,1.495,-0.000,-0.001,-0.000,15.0
471,-2.648,0.486,1.495,-0.000,-0.000,-0.000,15.0
472,-2.649,0.486,1.495,-0.000,0.001,0.000,15.0
473,-2.649,0.486,1.495,-0.000,0.001,0.001,15.0
474,-2.649,0.487,1.495,-0.000,0.002,0.001,15.0
475,-2.649,0.487,1.495,-0.000,0.002,0.001,15.0
476,-2.650,0.487,1.495,-0.000,0.002,0.001,15.0
477,-2.650,0.487,1.495,-0.000,0.001,0.001,15.0
478,-2.650,0.487,1.495,-0.000,0.001,0.001,15.0
479,-2.650,0.487,1.495,-0.000,0.001,0.001,15.0
480,-2.650,0.488,1.495,-0.000,0.001,0.001,15.0
481,-2.651,0.488,1.495,-0.000,0.001,0.000,15.0
482,-2.651,0.488,1.495,-0.000,0.001,0.001,15.0
483,-2.651,0.488,1.495,-0.000,0.001,0.001,15.0
484,-2.651,0.488,1.495,-0.000,0.001,0.001,15.0
485,-2.651,0.488,1.495,-0.000,0.001,0.001,15.0
486,-2.652,0.489,1.495,-0.000,0.001,0.001,15.0
487,-2.652,0.489,1.495,-0.000,0.001,0.001,15.0
488,-2.652,0.489,1.495,-0.000,0.001,0.001,15.0
489,-2.652,0.489,1.495,-0.000,0.001,0.001,15.0
490,-2.652,0.489,1.495,-0.000,0.001,0.001,15.0
491,-2.653,0.489,1.495,-0.000,0.001,0.001,15.0
492,-2.653,0.489,1.495,-0.000,0.001,0.001,15.0
493,-2.653,0.490,1.495,-0.000,0.001,0.001,15.0
494,-2.653,0.490,1.495,-0.000,0.001,0.001,15.0
495,-2.653,0.490,1.495,-0.000,0.001,0.001,15.0
496,-2.654,0.490,1.495,-0.000,0.001,0.001,15.0
497,-2.654,0.490,1.495,-0.000,0.001,0.001,15.0
498,-2.654,0.490,1.495,-0.000,0.001,0.001,15.0
499,-2.654,0.490,1.495,-0.000,0.001,0.001,15.0
500,-2.654,0.490,1.495,-0.000,0.001,0.001,15.0
501,-2.654,0.491,1.495,-0.000,0.001,0.001,15.0
502,-2.655,0.491,1.495,-0.000,0.001,0.001,15.0
503,-2.655,0.491,1.495,-0.000,0.001,0.001,15.0
504,-2.655,0.491,1.495,-0.000,0.001,0.001,15.0
505,-2.655,0.491,1.495,-0.000,0.001,0.001,15.0
506,-2.655,0.491,1.495,-0.000,0.001,0.001,15.0
507,-2.655,0.491,1.495,-0.000,0.001,0.000,15.0
508,-2.655,0.491,1.495,-0.000,0.001,0.000,15.0
509,-2.656,0.492,1.495,-0.000,0.001,0.000,15.0
510,-2.656,0.492,1.495,-0.000,0.001,0.000,15.0
511,-2.656,0.492,1.495,-0.000,0.001,0.000,15.0
512,-2.656,0.492,1.495,-0.000,0.001,0.000,15.0
513,-2.656,0.492,1.495,-0.000,0.001,0.000,15.0
514,-2.656,0.492,1.495,-0.000,0.001,0.000,15.0
515,-2.656,0.492,1.495,-0.000,0.001,0.000,15.0
516,-2.657,0.492,1.495,-0.000,0.001,0.000,15.0
517,-2.657,0.492,1.495,-0.000,0.001,0.000,15.0
518,-2.657,0.493,1.495,-0.000,0.001,0.000,15.0
519,-2.657,0.493,1.495,-0.000,0.001,0.000,15.0
520,-2.657,0.493,1.495,-0.000,0.001,0.000,15.0
521,-2.657,0.493,1.495,-0.000,0.001,0.000,15.0
522,-2.657,0.493,1.495,-0.000,0.001,0.000,15.0
523,-2.657,0.493,1.495,-0.000,0.001,0.000,15.0
524,-2.658,0.493,1.495,-0.000,0.001,0.000,15.0
525,-2.658,0.493,1.495,-0.000,0.001,0.000,15.0
526,-2.658,0.493,1.495,-0.000,0.001,0.000,15.0
527,-2.658,0.493,1.495,-0.000,0.000,0.000,15.0
528,-2.658,0.493,1.495,-0.000,0.000,0.000,15.0
529,-2.658,0.494,1.495,-0.000,0.000,0.000,15.0
530,-2.658,0.494,1.495,-0.000,0.000,0.000,15.0
531,-2.658,0.494,1.495,-0.000,0.000,0.000,15.0
532,-2.658,0.494,1.495,-0.000,0.000,0.000,15.0
533,-2.659,0.494,1.495,-0.000,0.000,0.000,15.0
534,-2.659,0.494,1.495,-0.000,0.000,0.000,15.0
535,-2.659,0.494,1.495,-0.000,0.000,0.000,15.0
536,-2.659,0.494,1.495,-0.000,0.005,0.004,15.0
537,-2.659,0.494,1.495,-0.000,0.008,0.006,15.0
538,-2.659,0.494,1.495,-0.000,0.009,0.007,15.0
539,-2.659,0.494,1.495,-0.000,0.007,0.005,15.0
540,-2.659,0.494,1.495,-0.000,0.004,0.003,15.0
541,-2.659,0.494,1.495,-0.000,0.000,0.000,15.0
542,-2.659,0.494,1.495,-0.000,-0.002,-0.001,15.0
543,-2.659,0.494,1.495,-0.000,-0.002,-0.002,15.0
544,-2.659,0.494,1.495,-0.000,-0.002,-0.002,15.0
545,-2.659,0.494,1.495,-0.000,-0.001,-0.001,15.0
546,-2.659,0.494,1.495,-0.000,0.000,0.000,15.0
547,-2.659,0.494,1.495,-0.000,0.001,0.001,15.0
548,-2.659,0.494,1.495,-0.000,0.001,0.001,15.0
549,-2.659,0.494,1.495,-0.000,0.001,0.001,15.0
550,-2.659,0.494,1.495,-0.000,0.001,0.001,15.0
551,-2.659,0.494,1.495,-0.000,0.000,0.000,15.0
552,-2.659,0.494,1.495,-0.000,-0.000,-0.000,15.0
553,-2.659,0.494,1.495,-0.000,-0.000,-0.000,15.0
554,-2.659,0.494,1.495,-0.000,-0.000,-0.000,15.0
555,-2.659,0.494,1.495,-0.000,-0.000,-0.000,15.0
556,-2.659,0.494,1.495,-0.000,-0.000,-0.000,15.0
557,-2.659,0.494,1.495,-0.000,0.000,0.000,15.0
558,-2.659,0.494,1.495,-0.000,0.000,0.000,15.0
559,-2.659,0.494,1.495,-0.000,0.000,0.000,15.0
560,-2.659,0.494,1.495,-0.000,0.000,0.000,15.0
561,-2.659,0.494,1.495,-0.000,0.000,0.000,15.0
562,-2.659,0.494,1.495,-0.000,0.000,0.000,15.0
563,-2.659,0.494,1.495,-0.000,-0.000,-0.000,15.0
564,-2.659,0.494,1.495,-0.000,-0.000,-0.000,15.0
565,-2.659,0.494,1.495,-0.000,-0.000,-0.000,15.0
566,-2.659,0.494,1.495,-0.000,-0.000,-0.000,15.0
567,-2.659,0.494,1.495,-0.000,-0.000,-0.000,15.0
568,-2.659,0.494,1.495,-0.000,0.000,0.000,15.0
569,-2.659,0.494,1.495,-0.000,0.000,0.000,15.0
570,-2.659,0.494,1.495,-0.000,0.000,0.000,15.0
571,-2.659,0.494,1.495,-0.000,0.000,0.000,15.0
572,-2.659,0.494,1.495,-0.000,0.000,0.000,15.0
573,-2.659,0.494,1.495,-0.000,-0.000,-0.000,15.0
574,-2.659,0.494,1.495,-0.000,-0.000,-0.000,15.0
575,-2.659,0.494,1.495,-0.000,-0.000,-0.000,15.0
576,-2.659,0.494,1.495,-0.000,-0.000,-0.000,15.0
577,-2.659,0.494,1.495,-0.000,-0.000,-0.000,15.0
578,-2.659,0.494,1.495,-0.000,-0.000,-0.000,15.0
579,-2.659,0.494,1.495,-0.000,0.000,0.000,15.0
580,-2.659,0.494,1.495,-0.000,0.000,0.000,15.0
581,-2.659,0.494,1.495,-0.000,0.000,0.000,15.0
582,-2.659,0.494,1.495,-0.000,0.000,0.000,15.0
583,-2.659,0.494,1.495,-0.000,0.000,0.000,15.0
584,-2.659,0.494,1.495,-0.000,-0.000,-0.000,15.0
585,-2.659,0.494,1.495,-0.000,-0.000,-0.000,15.0
586,-2.659,0.494,1.495,-0.000,-0.000,-0.000,15.0
587,-2.659,0.494,1.495,-0.000,-0.000,-0.000,15.0
588,-2.659,0.494,1.495,-0.000,-0.000,-0.000,15.0
589,-2.659,0.494,1.495,-0.000,0.000,0.000,15.0
590,-2.659,0.494,1.495,-0.000,0.000,0.000,15.0
591,-2.659,0.494,1.495,-0.000,0.000,0.000,15.0
592,-2.659,0.494,1.495,-0.000,0.000,0.000,15.0
593,-2.659,0.494,1.495,-0.000,0.000,0.000,15.0
594,-2.659,0.494,1.495,-0.000,0.000,0.000,15.0
595,-2.659,0.494,1.495,-0.000,-0.000,-0.000,15.0
596,-2.659,0.494,1.495,-0.000,-0.000,-0.000,15.0
597,-2.659,0.494,1.495,-0.000,-0.000,-0.000,15.0
598,-2.659,0.494,1.495,-0.000,-0.000,-0.000,15.0
599,-2.659,0.494,1.495,-0.000,-0.000,-0.000,15.0
600,-2.659,0.494,1.495,-0.000,0.000,0.000,15.0
601,-2.659,0.494,1.495,-0.000,0.000,0.000,15.0
602,-2.659,0.494,1.495,-0.000,0.000,0.000,15.0
603,-2.659,0.494,1.495,-0.000,0.000,0.000,15.0
604,-2.659,0.494,1.495,-0.000,0.000,0.000,15.0
605,-2.659,0.494,1.495,-0.000,-0.000,-0.000,15.0
606,-2.659,0.494,1.495,-0.000,-0.000,-0.000,15.0
607,-2.659,0.494,1.495,-0.000,-0.000,-0.000,15.0
608,-2.659,0.494,1.495,-0.000,-0.000,-0.000,15.0
609,-2.659,0.494,1.495,-0.000,-0.000,-0.000,15.0
610,-2.659,0.494,1.495,-0.000,-0.000,-0.000,15.0
611,-2.659,0.494,1.495,-0.000,0.000,0.000,15.0
612,-2.659,0.494,1.495,-0.000,0.000,0.000,15.0
613,-2.659,0.494,1.495,-0.000,0.000,0.000,15.0
614,-2.659,0.494,1.495,-0.000,0.000,0.000,15.0
615,-2.659,0.494,1.495,-0.000,0.000,0.000,15.0
616,-2.659,0.494,1.495,-0.000,-0.000,-0.000,15.0
617,-2.659,0.494,1.495,-0.000,-0.000,-0.000,15.0
618,-2.659,0.494,1.495,-0.000,-0.000,-0.000,15.0
619,-2.659,0.494,1.495,-0.000,-0.000,-0.000,15.0
620,-2.659,0.494,1.495,-0.000,-0.000,-0.000,15.0
621,-2.659,0.494,1.495,-0.000,0.000,0.000,15.0
622,-2.659,0.494,1.495,-0.000,0.000,0.000,15.0
623,-2.659,0.494,1.495,-0.000,0.000,0.000,15.0
624,-2.659,0.494,1.495,-0.000,0.000,0.000,15.0
625,-2.659,0.494,1.495,-0.000,0.000,0.000,15.0
626,-2.659,0.494,1.495,-0.000,0.000,0.000,15.0
627,-2.659,0.494,1.495,-0.000,-0.000,-0.000,15.0
628,-2.659,0.494,1.495,-0.000,-0.000,-0.000,15.0
629,-2.659,0.494,1.495,-0.000,-0.000,-0.000,15.0
630,-2.659,0.494,1.495,-0.000,-0.000,-0.000,15.0
631,-2.659,0.494,1.495,-0.000,-0.000,-0.000,15.0
632,-2.659,0.494,1.495,-0.000,0.000,0.000,15.0
633,-2.659,0.494,1.495,-0.000,0.000,0.000,15.0
634,-2.659,0.494,1.495,-0.000,0.000,0.000,15.0
635,-2.659,0.494,1.495,-0.000,0.000,0.000,15.0
636,-2.659,0.494,1.495,-0.000,0.000,0.000,15.0
637,-2.659,0.494,1.495,-0.000,-0.000,-0.000,15.0
638,-2.659,0.494,1.495,-0.000,-0.000,-0.000,15.0
639,-2.659,0.494,1.495,-0.000,-0.000,-0.000,15.0
640,-2.659,0.494,1.495,-0.000,-0.000,-0.000,15.0
641,-2.659,0.494,1.495,-0.000,-0.000,-0.000,15.0
642,-2.659,0.494,1.495,-0.000,-0.000,-0.000,15.0
643,-2.659,0.494,1.495,-0.000,0.000,0.000,15.0
644,-2.659,0.494,1.495,-0.000,0.000,0.000,15.0
645,-2.659,0.494,1.495,-0.000,0.000,0.000,15.0
646,-2.659,0.494,1.495,-0.000,0.000,0.000,15.0
647,-2.659,0.494,1.495,-0.000,0.000,0.000,15.0
648,-2.659,0.494,1.495,-0.000,-0.000,-0.000,15.0
649,-2.659,0.494,1.495,-0.000,-0.000,-0.000,15.0
650,-2.659,0.494,1.495,-0.000,-0.000,-0.000,15.0
651,-2.659,0.494,1.495,-0.000,-0.000,-0.000,15.0
652,-2.659,0.494,1.495,-0.000,-0.000,-0.000,15.0
653,-2.659,0.494,1.495,-0.000,0.000,0.000,15.0
654,-2.659,0.494,1.495,-0.000,0.000,0.000,15.0
655,-2.659,0.494,1.495,-0.000,0.000,0.000,15.0
656,-2.659,0.494,1.495,-0.000,0.000,0.000,15.0
657,-2.659,0.494,1.495,-0.000,0.000,0.000,15.0
658,-2.659,0.494,1.495,-0.000,0.000,0.000,15.0
659,-2.659,0.494,1.495,-0.000,-0.000,-0.000,15.0
660,-2.659,0.494,1.495,-0.000,-0.000,-0.000,15.0
661,-2.659,0.494,1.495,-0.000,-0.000,-0.000,15.0
662,-2.659,0.494,1.495,-0.000,-0.000,-0.000,15.0
663,-2.659,0.494,1.495,-0.000,-0.000,-0.000,15.0
664,-2.659,0.494,1.495,-0.000,0.000,0.000,15.0
665,-2.659,0.494,1.495,-0.000,0.000,0.000,15.0
666,-2.659,0.494,1.495,-0.000,0.000,0.000,15.0
667,-2.659,0.494,1.495,-0.000,0.000,0.000,15.0
668,-2.659,0.494,1.495,-0.000,0.000,0.000,15.0
669,-2.659,0.494,1.495,-0.000,-0.000,-0.000,15.0
670,-2.659,0.494,1.495,-0.000,-0.000,-0.000,15.0
671,-2.659,0.494,1.495,-0.000,-0.000,-0.000,15.0
672,-2.659,0.494,1.495,-0.000,-0.000,-0.000,15.0
673,-2.659,0.494,1.495,-0.000,-0.000,-0.000,15.0
674,-2.659,0.494,1.495,-0.000,-0.000,-0.000,15.0
675,-2.659,0.494,1.495,-0.000,0.000,0.000,15.0
676,-2.659,0.494,1.495,-0.000,0.000,0.000,15.0
677,-2.659,0.494,1.495,-0.000,0.000,0.000,15.0
678,-2.659,0.494,1.495,-0.000,0.000,0.000,15.0
679,-2.659,0.494,1.495,-0.000,0.000,0.000,15.0
680,-2.659,0.494,1.495,-0.000,-0.000,-0.000,15.0
681,-2.659,0.494,1.495,-0.000,-0.000,-0.000,15.0
682,-2.659,0.494,1.495,-0.000,-0.000,-0.000,15.0
683,-2.659,0.494,1.495,-0.000,-0.000,-0.000,15.0
684,-2.659,0.494,1.495,-0.000,-0.000,-0.000,15.0
685,-2.659,0.494,1.495,-0.000,0.000,0.000,15.0
686,-2.659,0.494,1.495,-0.000,0.000,0.000,15.0
687,-2.659,0.494,1.495,-0.000,0.000,0.000,15.0
688,-2.659,0.494,1.495,-0.000,0.000,0.000,15.0
689,-2.659,0.494,1.495,-0.000,0.000,0.000,15.0
690,-2.659,0.494,1.495,-0.000,0.000,0.000,15.0
691,-2.659,0.494,1.495,-0.000,-0.000,-0.000,15.0
692,-2.659,0.494,1.495,-0.000,-0.000,-0.000,15.0
693,-2.659,0.494,1.495,-0.000,-0.000,-0.000,15.0
694,-2.659,0.494,1.495,-0.000,-0.000,-0.000,15.0
695,-2.659,0.494,1.495,-0.000,-0.000,-0.000,15.0
696,-2.659,0.494,1.495,-0.000,-0.000,-0.000,15.0
697,-2.659,0.494,1.495,-0.000,0.000,0.000,15.0
698,-2.659,0.494,1.495,-0.000,0.000,0.000,15.0
699,-2.659,0.494,1.495,-0.000,0.000,0.000,15.0
700,-2.659,0.494,1.495,-0.000,0.000,0.000,15.0
701,-2.659,0.494,1.495,-0.000,0.000,0.000,15.0
702,-2.659,0.494,1.495,-0.000,0.000,0.000,15.0
703,-2.659,0.494,1.495,-0.000,0.000,0.000,15.0
704,-2.659,0.494,1.495,-0.000,0.000,0.000,15.0
705,-2.659,0.494,1.495,-0.000,0.000,-0.000,15.0
706,-2.659,0.494,1.495,-0.000,0.000,-0.000,15.0
707,-2.659,0.494,1.495,-0.000,0.000,-0.000,15.0
708,-2.659,0.494,1.495,-0.000,-0.000,-0.000,15.0
709,-2.659,0.494,1.495,-0.000,-0.000,-0.000,15.0
710,-2.659,0.494,1.495,-0.000,-0.000,-0.000,15.0
711,-2.659,0.494,1.495,-0.000,-0.000,-0.000,15.0
712,-2.659,0.494,1.495,-0.000,-0.000,-0.000,15.0
713,-2.659,0.494,1.495,-0.000,-0.000,0.000,15.0
714,-2.659,0.494,1.495,-0.000,-0.000,0.000,15.0
715,-2.659,0.494,1.495,-0.000,-0.000,0.000,15.0
716,-2.659,0.494,1.495,-0.000,-0.000,0.000,15.0
717,-2.659,0.494,1.495,-0.000,-0.000,0.000,15.0
718,-2.659,0.494,1.495,-0.000,-0.000,0.000,15.0
719,-2.659,0.494,1.495,-0.000,-0.000,0.000,15.0
720,-2.659,0.494,1.495,-0.000,-0.000,0.000,15.0
721,-2.659,0.494,1.495,-0.000,-0.000,-0.000,15.0
722,-2.659,0.494,1.495,-0.000,-0.000,-0.000,15.0
723,-2.659,0.494,1.495,-0.000,-0.000,-0.000,15.0
724,-2.659,0.494,1.495,-0.000,-0.000,-0.000,15.0
725,-2.659,0.494,1.495,-0.000,0.000,-0.000,15.0
726,-2.659,0.494,1.495,-0.000,0.000,-0.000,15.0
727,-2.659,0.494,1.495,-0.000,0.000,-0.000,15.0
728,-2.659,0.494,1.495,-0.000,0.000,-0.000,15.0
729,-2.659,0.494,1.495,-0.000,0.000,0.000,15.0
730,-2.659,0.494,1.495,-0.000,0.000,0.000,15.0
731,-2.659,0.494,1.495,-0.000,0.000,0.000,15.0
732,-2.659,0.494,1.495,-0.000,0.000,0.000,15.0
733,-2.659,0.494,1.495,-0.000,0.000,0.000,15.0
734,-2.659,0.494,1.495,-0.000,0.000,0.000,15.0
735,-2.659,0.494,1.495,-0.000,0.000,0.000,15.0
736,-2.659,0.494,1.495,-0.000,0.000,-0.000,15.0
737,-2.659,0.494,1.495,-0.000,0.000,-0.000,15.0
738,-2.659,0.494,1.495,-0.000,0.000,-0.000,15.0
739,-2.659,0.494,1.495,-0.000,0.000,-0.000,15.0
740,-2.659,0.494,1.495,-0.000,0.000,-0.000,15.0
741,-2.659,0.494,1.495,-0.000,0.000,-0.000,15.0
742,-2.659,0.494,1.495,-0.000,-0.000,-0.000,15.0
743,-2.659,0.494,1.495,-0.000,-0.000,0.000,15.0
744,-2.659,0.494,1.495,-0.000,-0.000,0.000,15.0
745,-2.659,0.494,1.495,-0.000,-0.000,0.000,15.0
746,-2.659,0.494,1.495,-0.000,-0.000,0.000,15.0
747,-2.659,0.494,1.495,-0.000,-0.000,0.000,15.0
748,-2.659,0.494,1.495,-0.000,-0.000,0.000,15.0
749,-2.659,0.494,1.495,-0.000,-0.000,0.000,15.0
750,-2.659,0.494,1.495,-0.000,-0.000,-0.000,15.0
751,-2.659,0.494,1.495,-0.000,-0.000,-0.000,15.0
752,-2.659,0.494,1.495,-0.000,-0.000,-0.000,15.0
753,-2.659,0.494,1.495,-0.000,-0.000,-0.000,15.0
754,-2.659,0.494,1.495,-0.000,-0.000,-0.000,15.0
755,-2.659,0.494,1.495,-0.000,-0.000,-0.000,15.0
756,-2.659,0.494,1.495,-0.000,-0.000,-0.000,15.0
757,-2.659,0.494,1.495,-0.000,-0.000,-0.000,15.0
758,-2.659,0.494,1.495,-0.000,-0.000,-0.000,15.0
759,-2.659,0.494,1.495,-0.000,0.000,0.000,15.0
760,-2.659,0.494,1.495,-0.000,0.000,0.000,15.0
761,-2.659,0.494,1.495,-0.000,0.000,0.000,15.0
762,-2.659,0.494,1.495,-0.000,0.000,0.000,15.0
763,-2.659,0.494,1.495,-0.000,0.000,0.000,15.0
764,-2.659,0.494,1.495,-0.000,0.000,0.000,15.0
765,-2.659,0.494,1.495,-0.000,0.000,0.000,15.0
766,-2.659,0.494,1.495,-0.000,0.000,0.000,15.0
767,-2.659,0.494,1.495,-0.000,0.000,0.000,15.0
768,-2.659,0.494,1.495,-0.000,0.000,-0.000,15.0
769,-2.659,0.494,1.495,-0.000,0.000,-0.000,15.0
770,-2.659,0.494,1.495,-0.000,0.000,-0.000,15.0
771,-2.659,0.494,1.495,-0.000,0.000,-0.000,15.0
772,-2.659,0.494,1.495,-0.000,0.000,-0.000,15.0
773,-2.659,0.494,1.495,-0.000,0.000,-0.000,15.0
774,-2.659,0.494,1.495,-0.000,0.000,-0.000,15.0
775,-2.659,0.494,1.495,-0.000,0.000,-0.000,15.0
776,-2.659,0.494,1.495,-0.000,-0.000,0.000,15.0
777,-2.659,0.494,1.495,-0.000,-0.000,0.000,15.0
778,-2.659,0.494,1.495,-0.000,-0.000,0.000,15.0
779,-2.659,0.494,1.495,-0.000,-0.000,0.000,15.0
780,-2.659,0.494,1.495,-0.000,-0.000,0.000,15.0
781,-2.659,0.494,1.495,-0.000,-0.000,0.000,15.0
782,-2.659,0.494,1.495,-0.000,-0.000,0.000,15.0
783,-2.659,0.494,1.495,-0.000,-0.000,-0.000,15.0
784,-2.659,0.494,1.495,-0.000,-0.000,-0.000,15.0
785,-2.659,0.494,1.495,-0.000,-0.000,-0.000,15.0
786,-2.659,0.494,1.495,-0.000,-0.000,-0.000,15.0
787,-2.659,0.494,1.495,-0.000,-0.000,-0.000,15.0
788,-2.659,0.494,1.495,-0.000,-0.000,-0.000,15.0
789,-2.659,0.494,1.495,-0.000,-0.000,-0.000,15.0
790,-2.659,0.494,1.495,-0.000,-0.000,-0.000,15.0
791,-2.659,0.494,1.495,-0.000,-0.000,0.000,15.0
792,-2.659,0.494,1.495,-0.000,-0.000,0.000,15.0
793,-2.659,0.494,1.495,-0.000,0.000,0.000,15.0
794,-2.659,0.494,1.495,-0.000,0.000,0.000,15.0
795,-2.659,0.494,1.495,-0.000,0.000,0.000,15.0
796,-2.659,0.494,1.495,-0.000,0.000,0.000,15.0
797,-2.659,0.494,1.495,-0.000,0.000,0.000,15.0
798,-2.659,0.494,1.495,-0.000,0.000,0.000,15.0
799,-2.659,0.494,1.495,-0.000,0.000,-0.000,15.0
800,-2.659,0.494,1.495,-0.000,0.000,-0.000,15.0
801,-2.659,0.494,1.495,-0.000,0.000,-0.000,15.0
802,-2.659,0.494,1.495,-0.000,0.000,-0.000,15.0
803,-2.659,0.494,1.495,-0.000,0.000,-0.000,15.0
804,-2.659,0.494,1.495,-0.000,0.000,-0.000,15.0
805,-2.659,0.494,1.495,-0.000,0.000,-0.000,15.0
806,-2.659,0.494,1.495,-0.000,0.000,-0.000,15.0
807,-2.659,0.494,1.495,-0.000,0.000,0.000,15.0
808,-2.659,0.494,1.495,-0.000,0.000,0.000,15.0
809,-2.659,0.494,1.495,-0.000,0.000,0.000,15.0
810,-2.659,0.494,1.495,-0.000,-0.000,0.000,15.0
811,-2.659,0.494,1.495,-0.000,-0.000,0.000,15.0
812,-2.659,0.494,1.495,-0.000,-0.000,0.000,15.0
813,-2.659,0.494,1.495,-0.000,-0.000,0.000,15.0
814,-2.659,0.494,1.495,-0.000,-0.000,0.000,15.0
815,-2.659,0.494,1.495,-0.000,-0.000,-0.000,15.0
816,-2.659,0.494,1.495,-0.000,-0.000,-0.000,15.0
817,-2.659,0.494,1.495,-0.000,-0.000,-0.000,15.0
818,-2.659,0.494,1.495,-0.000,-0.000,-0.000,15.0
819,-2.659,0.494,1.495,-0.000,-0.000,-0.000,15.0
820,-2.659,0.494,1.495,-0.000,-0.000,-0.000,15.0
821,-2.659,0.494,1.495,-0.000,-0.000,-0.000,15.0
822,-2.659,0.494,1.495,-0.000,-0.000,-0.000,15.0
823,-2.659,0.494,1.495,-0.000,-0.000,0.000,15.0
824,-2.659,0.494,1.495,-0.000,-0.000,0.000,15.0
825,-2.659,0.494,1.495,-0.000,-0.000,0.000,15.0
826,-2.659,0.494,1.495,-0.000,-0.000,0.000,15.0
827,-2.659,0.494,1.495,-0.000,0.000,0.000,15.0
828,-2.659,0.494,1.495,-0.000,0.000,0.000,15.0
829,-2.659,0.494,1.495,-0.000,0.000,0.000,15.0
830,-2.659,0.494,1.495,-0.000,0.000,-0.000,15.0
831,-2.659,0.494,1.495,-0.000,0.000,-0.000,15.0
832,-2.659,0.494,1.495,-0.000,0.000,-0.000,15.0
833,-2.659,0.494,1.495,-0.000,0.000,-0.000,15.0
834,-2.659,0.494,1.495,-0.000,0.000,-0.000,15.0
835,-2.659,0.494,1.495,-0.000,0.000,-0.000,15.0
836,-2.659,0.494,1.495,-0.000,0.000,-0.000,15.0
837,-2.659,0.494,1.495,-0.000,0.000,-0.000,15.0
838,-2.659,0.494,1.495,-0.000,0.000,0.000,15.0
839,-2.659,0.494,1.495,-0.000,0.000,0.000,15.0
840,-2.659,0.494,1.495,-0.000,0.000,0.000,15.0
841,-2.659,0.494,1.495,-0.000,0.000,0.000,15.0
842,-2.659,0.494,1.495,-0.000,0.000,0.000,15.0
843,-2.659,0.494,1.495,-0.000,0.000,0.000,15.0
844,-2.659,0.494,1.495,-0.000,0.000,0.000,15.0
845,-2.659,0.494,1.495,-0.000,-0.000,-0.000,15.0
846,-2.659,0.494,1.495,-0.000,-0.000,-0.000,15.0
847,-2.659,0.494,1.495,-0.000,-0.000,-0.000,15.0
848,-2.659,0.494,1.495,-0.000,-0.000,-0.000,15.0
849,-2.659,0.494,1.495,-0.000,-0.000,-0.000,15.0
850,-2.659,0.494,1.495,-0.000,-0.000,-0.000,15.0
851,-2.659,0.494,1.495,-0.000,-0.000,-0.000,15.0
852,-2.659,0.494,1.495,-0.000,-0.000,0.000,15.0
853,-2.659,0.494,1.495,-0.000,-0.000,0.000,15.0
854,-2.659,0.494,1.495,-0.000,-0.000,0.000,15.0
855,-2.659,0.494,1.495,-0.000,-0.000,0.000,15.0
856,-2.659,0.494,1.495,-0.000,-0.000,0.000,15.0
857,-2.659,0.494,1.495,-0.000,-0.000,0.000,15.0
858,-2.659,0.494,1.495,-0.000,-0.000,0.000,15.0
859,-2.659,0.494,1.495,-0.000,-0.000,-0.000,15.0
860,-2.659,0.494,1.495,-0.000,-0.000,-0.000,15.0
861,-2.659,0.494,1.495,-0.000,-0.000,-0.000,15.0
862,-2.659,0.494,1.495,-0.000,0.000,-0.000,15.0
863,-2.659,0.494,1.495,-0.000,0.000,-0.000,15.0
864,-2.659,0.494,1.495,-0.000,0.000,-0.000,15.0
865,-2.659,0.494,1.495,-0.000,0.000,-0.000,15.0
866,-2.659,0.494,1.495,-0.000,0.000,-0.000,15.0
867,-2.659,0.494,1.495,-0.000,0.000,0.000,15.0
868,-2.659,0.494,1.495,-0.000,0.000,0.000,15.0
869,-2.659,0.494,1.495,-0.000,0.000,0.000,15.0
870,-2.659,0.494,1.495,-0.000,0.000,0.000,15.0
871,-2.659,0.494,1.495,-0.000,0.000,0.000,15.0
872,-2.659,0.494,1.495,-0.000,0.000,0.000,15.0
873,-2.659,0.494,1.495,-0.000,0.000,0.000,15.0
874,-2.659,0.494,1.495,-0.000,0.000,0.000,15.0
875,-2.659,0.494,1.495,-0.000,0.000,-0.000,15.0
876,-2.659,0.494,1.495,-0.000,0.000,-0.000,15.0
877,-2.659,0.494,1.495,-0.000,0.000,-0.000,15.0
878,-2.659,0.494,1.495,-0.000,0.000,-0.000,15.0
879,-2.659,0.494,1.495,-0.000,-0.000,-0.000,15.0
880,-2.659,0.494,1.495,-0.000,-0.000,-0.000,15.0
881,-2.659,0.494,1.495,-0.000,-0.000,-0.000,15.0
882,-2.659,0.494,1.495,-0.000,-0.000,-0.000,15.0
883,-2.659,0.494,1.495,-0.000,-0.000,-0.000,15.0
884,-2.659,0.494,1.495,-0.000,-0.000,-0.000,15.0
885,-2.659,0.494,1.495,-0.000,-0.000,-0.000,15.0
886,-2.659,0.494,1.495,-0.000,-0.000,-0.000,15.0
887,-2.659,0.494,1.495,-0.000,-0.000,-0.000,15.0
888,-2.659,0.494,1.495,-0.000,-0.000,-0.000,15.0
889,-2.659,0.494,1.495,-0.000,-0.000,-0.000,15.0
890,-2.659,0.494,1.495,-0.000,-0.000,-0.000,15.0
891,-2.659,0.494,1.495,-0.000,-0.000,0.000,15.0
892,-2.659,0.494,1.495,-0.000,-0.000,0.000,15.0
893,-2.659,0.494,1.495,-0.000,-0.000,0.000,15.0
894,-2.659,0.494,1.495,-0.000,-0.000,0.000,15.0
895,-2.659,0.494,1.495,-0.000,-0.000,0.000,15.0
896,-2.659,0.494,1.495,-0.000,0.000,0.000,15.0
897,-2.659,0.494,1.495,-0.000,0.000,0.000,15.0
898,-2.659,0.494,1.495,-0.000,0.000,0.000,15.0
899,-2.659,0.494,1.495,-0.000,0.000,0.000,15.0
900,-2.659,0.494,1.495,-0.000,0.000,0.000,15.0
901,-2.659,0.494,1.495,-0.000,0.000,0.000,15.0
902,-2.659,0.494,1.495,-0.000,0.000,0.000,15.0
903,-2.659,0.494,1.495,-0.000,0.000,0.000,15.0
904,-2.659,0.494,1.495,-0.000,0.000,0.000,15.0
905,-2.659,0.494,1.495,-0.000,0.000,0.000,15.0
906,-2.659,0.494,1.495,-0.000,0.000,-0.000,15.0
907,-2.659,0.494,1.495,-0.000,0.000,-0.000,15.0
908,-2.659,0.494,1.495,-0.000,0.000,-0.000,15.0
909,-2.659,0.494,1.495,-0.000,0.000,-0.000,15.0
910,-2.659,0.494,1.495,-0.000,0.000,-0.000,15.0
911,-2.659,0.494,1.495,-0.000,0.000,-0.000,15.0
912,-2.659,0.494,1.495,-0.000,0.000,-0.000,15.0
913,-2.659,0.494,1.495,-0.000,-0.000,-0.000,15.0
914,-2.659,0.494,1.495,-0.000,-0.000,0.000,15.0
915,-2.659,0.494,1.495,-0.000,-0.000,0.000,15.0
916,-2.659,0.494,1.495,-0.000,-0.000,0.000,15.0
917,-2.659,0.494,1.495,-0.000,-0.000,0.000,15.0
918,-2.659,0.494,1.495,-0.000,-0.000,0.000,15.0
919,-2.659,0.494,1.495,-0.000,-0.000,0.000,15.0
920,-2.659,0.494,1.495,-0.000,-0.000,0.000,15.0
921,-2.659,0.494,1.495,-0.000,-0.000,0.000,15.0
922,-2.659,0.494,1.495,-0.000,-0.000,0.000,15.0
923,-2.659,0.494,1.495,-0.000,-0.000,-0.000,15.0
924,-2.659,0.494,1.495,-0.000,-0.000,-0.000,15.0
925,-2.659,0.494,1.495,-0.000,-0.000,-0.000,15.0
926,-2.659,0.494,1.495,-0.000,-0.000,-0.000,15.0
927,-2.659,0.494,1.495,-0.000,-0.000,-0.000,15.0
928,-2.659,0.494,1.495,-0.000,-0.000,-0.000,15.0
929,-2.659,0.494,1.495,-0.000,-0.000,-0.000,15.0
930,-2.659,0.494,1.495,-0.000,0.000,-0.000,15.0
931,-2.659,0.494,1.495,-0.000,0.000,0.000,15.0
932,-2.659,0.494,1.495,-0.000,0.000,0.000,15.0
933,-2.659,0.494,1.495,-0.000,0.000,0.000,15.0
934,-2.659,0.494,1.495,-0.000,0.000,0.000,15.0
935,-2.659,0.494,1.495,-0.000,0.000,0.000,15.0
936,-2.659,0.494,1.495,-0.000,0.000,0.000,15.0
937,-2.659,0.494,1.495,-0.000,0.000,0.000,15.0
938,-2.659,0.494,1.495,-0.000,0.000,0.000,15.0
939,-2.659,0.494,1.495,-0.000,0.000,-0.000,15.0
940,-2.659,0.494,1.495,-0.000,0.000,-0.000,15.0
941,-2.659,0.494,1.495,-0.000,0.000,-0.000,15.0
942,-2.659,0.494,1.495,-0.000,0.000,-0.000,15.0
943,-2.659,0.494,1.495,-0.000,0.000,-0.000,15.0
944,-2.659,0.494,1.495,-0.000,0.000,-0.000,15.0
945,-2.659,0.494,1.495,-0.000,0.000,-0.000,15.0
946,-2.659,0.494,1.495,-0.000,0.000,0.000,15.0
947,-2.659,0.494,1.495,-0.000,-0.000,0.000,15.0
948,-2.659,0.494,1.495,-0.000,-0.000,0.000,15.0
949,-2.659,0.494,1.495,-0.000,-0.000,0.000,15.0
950,-2.659,0.494,1.495,-0.000,-0.000,0.000,15.0
951,-2.659,0.494,1.495,-0.000,-0.000,0.000,15.0
952,-2.659,0.494,1.495,-0.000,-0.000,0.000,15.0
953,-2.659,0.494,1.495,-0.000,-0.000,0.000,15.0
954,-2.659,0.494,1.495,-0.000,-0.000,-0.000,15.0
955,-2.659,0.494,1.495,-0.000,-0.000,-0.000,15.0
956,-2.659,0.494,1.495,-0.000,-0.000,-0.000,15.0
957,-2.659,0.494,1.495,-0.000,-0.000,-0.000,15.0
958,-2.659,0.494,1.495,-0.000,-0.000,-0.000,15.0
959,-2.659,0.494,1.495,-0.000,-0.000,-0.000,15.0
960,-2.659,0.494,1.495,-0.000,-0.000,-0.000,15.0
961,-2.659,0.494,1.495,-0.000,-0.000,-0.000,15.0
962,-2.659,0.494,1.495,-0.000,-0.000,0.000,15.0
963,-2.659,0.494,1.495,-0.000,-0.000,0.000,15.0
964,-2.659,0.494,1.495,-0.000,0.000,0.000,15.0
965,-2.659,0.494,1.495,-0.000,0.000,0.000,15.0
966,-2.659,0.494,1.495,-0.000,0.000,0.000,15.0
967,-2.659,0.494,1.495,-0.000,0.000,0.000,15.0
968,-2.659,0.494,1.495,-0.000,0.000,0.000,15.0
969,-2.659,0.494,1.495,-0.000,0.000,0.000,15.0
970,-2.659,0.494,1.495,-0.000,0.000,0.000,15.0
971,-2.659,0.494,1.495,-0.000,0.000,-0.000,15.0
972,-2.659,0.494,1.495,-0.000,0.000,-0.000,15.0
973,-2.659,0.494,1.495,-0.000,0.000,-0.000,15.0
974,-2.659,0.494,1.495,-0.000,0.000,-0.000,15.0
975,-2.659,0.494,1.495,-0.000,0.000,-0.000,15.0
976,-2.659,0.494,1.495,-0.000,0.000,-0.000,15.0
977,-2.659,0.494,1.495,-0.000,0.000,-0.000,15.0
978,-2.659,0.494,1.495,-0.000,0.000,-0.000,15.0
979,-2.659,0.494,1.495,-0.000,0.000,0.000,15.0
980,-2.659,0.494,1.495,-0.000,0.000,0.000,15.0
981,-2.659,0.494,1.495,-0.000,-0.000,0.000,15.0
982,-2.659,0.494,1.495,-0.000,-0.000,0.000,15.0
983,-2.659,0.494,1.495,-0.000,-0.000,0.000,15.0
984,-2.659,0.494,1.495,-0.000,-0.000,0.000,15.0
985,-2.659,0.494,1.495,-0.000,-0.000,0.000,15.0
986,-2.659,0.494,1.495,-0.000,-0.000,0.000,15.0
987,-2.659,0.494,1.495,-0.000,-0.000,-0.000,15.0
988,-2.659,0.494,1.495,-0.000,-0.000,-0.000,15.0
989,-2.659,0.494,1.495,-0.000,-0.000,-0.000,15.0
990,-2.659,0.494,1.495,-0.000,-0.000,-0.000,15.0
991,-2.659,0.494,1.495,-0.000,-0.000,-0.000,15.0
992,-2.659,0.494,1.495,-0.000,-0.000,-0.000,15.0
993,-2.659,0.494,1.495,-0.000,-0.000,-0.000,15.0
994,-2.659,0.494,1.495,-0.000,-0.000,-0.000,15.0
995,-2.659,0.494,1.495,-0.000,-0.000,-0.000,15.0
996,-2.659,0.494,1.495,-0.000,-0.000,-0.000,15.0
997,-2.659,0.494,1.495,-0.000,-0.000,-0.000,15.0
998,-2.659,0.494,1.495,-0.000,0.000,-0.000,15.0
999,-2.659,0.494,1.495,-0.000,0.000,-0.000,15.0
1000,-2.659,0.494,1.495,-0.000,0.000,-0.000,15.0
1001,-2.659,0.494,1.495,-0.000,0.000,-0.000,15.0
1002,-2.659,0.494,1.495,-0.000,0.000,-0.000,15.0
1003,-2.659,0.494,1.495,-0.000,0.000,0.000,15.0
1004,-2.659,0.494,1.495,-0.000,0.000,0.000,15.0
1005,-2.659,0.494,1.495,-0.000,0.000,0.000,15.0
1006,-2.659,0.494,1.495,-0.000,0.000,0.000,15.0
1007,-2.659,0.494,1.495,-0.000,0.000,0.000,15.0
1008,-2.659,0.494,1.495,-0.000,0.000,0.000,15.0
1009,-2.659,0.494,1.495,-0.000,0.000,0.000,15.0
1010,-2.659,0.494,1.495,-0.000,0.000,-0.000,15.0
1011,-2.659,0.494,1.495,-0.000,0.000,-0.000,15.0
1012,-2.659,0.494,1.495,-0.000,0.000,-0.000,15.0
1013,-2.659,0.494,1.495,-0.000,0.000,-0.000,15.0
1014,-2.659,0.494,1.495,-0.000,0.000,-0.000,15.0
1015,-2.659,0.494,1.495,-0.000,0.000,-0.000,15.0
1016,-2.659,0.494,1.495,-0.000,-0.000,-0.000,15.0
1017,-2.659,0.494,1.495,-0.000,-0.000,0.000,15.0
1018,-2.659,0.494,1.495,-0.000,-0.000,0.000,15.0
1019,-2.659,0.494,1.495,-0.000,-0.000,0.000,15.0
1020,-2.659,0.494,1.495,-0.000,-0.000,0.000,15.0
1021,-2.659,0.494,1.495,-0.000,-0.000,0.000,15.0
1022,-2.659,0.494,1.495,-0.000,-0.000,0.000,15.0
1023,-2.659,0.494,1.495,-0.000,-0.000,0.000,15.0
1024,-2.659,0.494,1.495,-0.000,-0.000,-0.000,15.0
1025,-2.659,0.494,1.495,-0.000,-0.000,-0.000,15.0
1026,-2.659,0.494,1.495,-0.000,-0.000,-0.000,15.0
1027,-2.659,0.494,1.495,-0.000,-0.000,-0.000,15.0
1028,-2.659,0.494,1.495,-0.000,-0.000,-0.000,15.0
1029,-2.659,0.494,1.495,-0.000,-0.000,-0.000,15.0
1030,-2.659,0.494,1.495,-0.000,-0.000,-0.000,15.0
1031,-2.659,0.494,1.495,-0.000,-0.000,0.000,15.0
1032,-2.659,0.494,1.495,-0.000,-0.000,0.000,15.0
1033,-2.659,0.494,1.495,-0.000,0.000,0.000,15.0
1034,-2.659,0.494,1.495,-0.000,0.000,0.000,15.0
1035,-2.659,0.494,1.495,-0.000,0.000,0.000,15.0
1036,-2.659,0.494,1.495,-0.000,0.000,0.000,15.0
1037,-2.659,0.494,1.495,-0.000,0.000,0.000,15.0
1038,-2.659,0.494,1.495,-0.000,0.000,0.000,15.0
1039,-2.659,0.494,1.495,-0.000,0.000,0.000,15.0
1040,-2.659,0.494,1.495,-0.000,0.000,0.000,15.0
1041,-2.659,0.494,1.495,-0.000,0.000,0.000,15.0
1042,-2.659,0.494,1.495,-0.000,0.000,0.000,15.0
1043,-2.659,0.494,1.495,-0.000,0.000,0.000,15.0
1044,-2.659,0.494,1.495,-0.000,0.000,0.000,15.0
1045,-2.659,0.494,1.495,-0.000,0.000,0.000,15.0
1046,-2.659,0.494,1.495,-0.000,0.000,0.000,15.0
1047,-2.659,0.494,1.495,-0.000,0.000,0.000,15.0
1048,-2.659,0.494,1.495,-0.000,0.000,0.000,15.0
1049,-2.659,0.494,1.495,-0.000,0.000,0.000,15.0
1050,-2.659,0.494,1.495,-0.000,-0.000,0.000,15.0
1051,-2.659,0.494,1.495,-0.000,-0.000,0.000,15.0
1052,-2.659,0.494,1.495,-0.000,-0.000,0.000,15.0
1053,-2.659,0.494,1.495,-0.000,-0.000,-0.000,15.0
1054,-2.659,0.494,1.495,-0.000,-0.000,-0.000,15.0
1055,-2.659,0.494,1.495,-0.000,-0.000,-0.000,15.0
1056,-2.659,0.494,1.495,-0.000,-0.000,-0.000,15.0
1057,-2.659,0.494,1.495,-0.000,-0.000,-0.000,15.0
1058,-2.659,0.494,1.495,-0.000,-0.000,0.000,15.0
1059,-2.659,0.494,1.495,-0.000,-0.000,0.000,15.0
1060,-2.659,0.494,1.495,-0.000,-0.000,0.000,15.0
1061,-2.659,0.494,1.495,-0.000,-0.000,0.000,15.0
1062,-2.659,0.494,1.495,-0.000,-0.000,0.000,15.0
1063,-2.659,0.494,1.495,-0.000,-0.000,0.000,15.0
1064,-2.659,0.494,1.495,-0.000,-0.000,-0.000,15.0
1065,-2.659,0.494,1.495,-0.000,-0.000,-0.000,15.0
1066,-2.659,0.494,1.495,-0.000,-0.000,-0.000,15.0
1067,-2.659,0.494,1.495,-0.000,0.000,-0.000,15.0
1068,-2.659,0.494,1.495,-0.000,0.000,-0.000,15.0
1069,-2.659,0.494,1.495,-0.000,0.000,-0.000,15.0
1070,-2.659,0.494,1.495,-0.000,0.000,0.000,15.0
1071,-2.659,0.494,1.495,-0.000,0.000,0.000,15.0
1072,-2.659,0.494,1.495,-0.000,0.000,0.000,15.0
1073,-2.659,0.494,1.495,-0.000,0.000,0.000,15.0
1074,-2.659,0.494,1.495,-0.000,0.000,0.000,15.0
1075,-2.659,0.494,1.495,-0.000,0.000,0.000,15.0
1076,-2.659,0.494,1.495,-0.000,0.000,-0.000,15.0
1077,-2.659,0.494,1.495,-0.000,0.000,-0.000,15.0
1078,-2.659,0.494,1.495,-0.000,0.000,-0.000,15.0
1079,-2.659,0.494,1.495,-0.000,0.000,-0.000,15.0
1080,-2.659,0.494,1.495,-0.000,0.000,-0.000,15.0
1081,-2.659,0.494,1.495,-0.000,0.000,-0.000,15.0
1082,-2.659,0.494,1.495,-0.000,0.000,-0.000,15.0
1083,-2.659,0.494,1.495,-0.000,0.000,0.000,15.0
1084,-2.659,0.494,1.495,-0.000,-0.000,0.000,15.0
1085,-2.659,0.494,1.495,-0.000,-0.000,0.000,15.0
1086,-2.659,0.494,1.495,-0.000,-0.000,0.000,15.0
1087,-2.659,0.494,1.495,-0.000,-0.000,0.000,15.0
1088,-2.659,0.494,1.495,-0.000,-0.000,0.000,15.0
1089,-2.659,0.494,1.495,-0.000,-0.000,0.000,15.0
1090,-2.659,0.494,1.495,-0.000,-0.000,-0.000,15.0
1091,-2.659,0.494,1.495,-0.000,-0.000,-0.000,15.0
1092,-2.659,0.494,1.495,-0.000,-0.000,-0.000,15.0
1093,-2.659,0.494,1.495,-0.000,-0.000,-0.000,15.0
1094,-2.659,0.494,1.495,-0.000,-0.000,-0.000,15.0
1095,-2.659,0.494,1.495,-0.000,-0.000,-0.000,15.0
1096,-2.659,0.494,1.495,-0.000,-0.000,-0.000,15.0
1097,-2.659,0.494,1.495,-0.000,-0.000,0.000,15.0
1098,-2.659,0.494,1.495,-0.000,-0.000,0.000,15.0
1099,-2.659,0.494,1.495,-0.000,-0.000,0.000,15.0
1100,-2.659,0.494,1.495,-0.000,-0.000,0.000,15.0
1101,-2.659,0.494,1.495,-0.000,0.000,0.000,15.0
1102,-2.659,0.494,1.495,-0.000,0.000,0.000,15.0
1103,-2.659,0.494,1.495,-0.000,0.000,0.000,15.0
1104,-2.659,0.494,1.495,-0.000,0.000,-0.000,15.0
1105,-2.659,0.494,1.495,-0.000,0.000,-0.000,15.0
1106,-2.659,0.494,1.495,-0.000,0.000,-0.000,15.0
1107,-2.659,0.494,1.495,-0.000,0.000,-0.000,15.0
1108,-2.659,0.494,1.495,-0.000,0.000,-0.000,15.0
1109,-2.659,0.494,1.495,-0.000,0.000,-0.000,15.0
1110,-2.659,0.494,1.495,-0.000,0.000,-0.000,15.0
1111,-2.659,0.494,1.495,-0.000,0.000,-0.000,15.0
1112,-2.659,0.494,1.495,-0.000,0.000,-0.000,15.0
1113,-2.659,0.494,1.495,-0.000,0.000,0.000,15.0
1114,-2.659,0.494,1.495,-0.000,0.000,0.000,15.0
1115,-2.659,0.494,1.495,-0.000,0.000,0.000,15.0
1116,-2.659,0.494,1.495,-0.000,0.000,0.000,15.0
1117,-2.659,0.494,1.495,-0.000,0.000,0.000,15.0
1118,-2.659,0.494,1.495,-0.000,-0.000,0.000,15.0
1119,-2.659,0.494,1.495,-0.000,-0.000,0.000,15.0
1120,-2.659,0.494,1.495,-0.000,-0.000,0.000,15.0
1121,-2.659,0.494,1.495,-0.000,-0.000,0.000,15.0
1122,-2.659,0.494,1.495,-0.000,-0.000,-0.000,15.0
1123,-2.659,0.494,1.495,-0.000,-0.000,-0.000,15.0
1124,-2.659,0.494,1.495,-0.000,-0.000,-0.000,15.0
1125,-2.659,0.494,1.495,-0.000,-0.000,-0.000,15.0
1126,-2.659,0.494,1.495,-0.000,-0.000,-0.000,15.0
1127,-2.659,0.494,1.495,-0.000,-0.000,-0.000,15.0
1128,-2.659,0.494,1.495,-0.000,-0.000,-0.000,15.0
1129,-2.659,0.494,1.495,-0.000,-0.000,-0.000,15.0
1130,-2.659,0.494,1.495,-0.000,-0.000,-0.000,15.0
1131,-2.659,0.494,1.495,-0.000,-0.000,0.000,15.0
1132,-2.659,0.494,1.495,-0.000,-0.000,0.000,15.0
1133,-2.659,0.494,1.495,-0.000,-0.000,0.000,15.0
1134,-2.659,0.494,1.495,-0.000,-0.000,0.000,15.0
1135,-2.659,0.494,1.495,-0.000,0.000,0.000,15.0
1136,-2.659,0.494,1.495,-0.000,0.000,0.000,15.0
1137,-2.659,0.494,1.495,-0.000,0.000,0.000,15.0
1138,-2.659,0.494,1.495,-0.000,0.000,0.000,15.0
1139,-2.659,0.494,1.495,-0.000,0.000,-0.000,15.0
1140,-2.659,0.494,1.495,-0.000,0.000,-0.000,15.0
1141,-2.659,0.494,1.495,-0.000,0.000,-0.000,15.0
1142,-2.659,0.494,1.495,-0.000,0.000,-0.000,15.0
1143,-2.659,0.494,1.495,-0.000,0.000,-0.000,15.0
1144,-2.659,0.494,1.495,-0.000,0.000,-0.000,15.0
1145,-2.659,0.494,1.495,-0.000,0.000,-0.000,15.0
1146,-2.659,0.494,1.495,-0.000,0.000,-0.000,15.0
1147,-2.659,0.494,1.495,-0.000,0.000,-0.000,15.0
1148,-2.659,0.494,1.495,-0.000,0.000,0.000,15.0
1149,-2.659,0.494,1.495,-0.000,0.000,0.000,15.0
1150,-2.659,0.494,1.495,-0.000,0.000,0.000,15.0
1151,-2.659,0.494,1.495,-0.000,0.000,0.000,15.0
1152,-2.659,0.494,1.495,-0.000,-0.000,0.000,15.0
1153,-2.659,0.494,1.495,-0.000,-0.000,0.000,15.0
1154,-2.659,0.494,1.495,-0.000,-0.000,0.000,15.0
1155,-2.659,0.494,1.495,-0.000,-0.000,0.000,15.0
1156,-2.659,0.494,1.495,-0.000,-0.000,-0.000,15.0
1157,-2.659,0.494,1.495,-0.000,-0.000,-0.000,15.0
1158,-2.659,0.494,1.495,-0.000,-0.000,-0.000,15.0
1159,-2.659,0.494,1.495,-0.000,-0.000,-0.000,15.0
1160,-2.659,0.494,1.495,-0.000,-0.000,-0.000,15.0
1161,-2.659,0.494,1.495,-0.000,-0.000,-0.000,15.0
1162,-2.659,0.494,1.495,-0.000,-0.000,-0.000,15.0
1163,-2.659,0.494,1.495,-0.000,-0.000,-0.000,15.0
1164,-2.659,0.494,1.495,-0.000,-0.000,0.000,15.0
1165,-2.659,0.494,1.495,-0.000,-0.000,0.000,15.0
1166,-2.659,0.494,1.495,-0.000,-0.000,0.000,15.0
1167,-2.659,0.494,1.495,-0.000,-0.000,0.000,15.0
1168,-2.659,0.494,1.495,-0.000,-0.000,0.000,15.0
1169,-2.659,0.494,1.495,-0.000,0.000,0.000,15.0
1170,-2.659,0.494,1.495,-0.000,0.000,0.000,15.0
1171,-2.659,0.494,1.495,-0.000,0.000,0.000,15.0
1172,-2.659,0.494,1.495,-0.000,0.000,0.000,15.0
1173,-2.659,0.494,1.495,-0.000,0.000,-0.000,15.0
1174,-2.659,0.494,1.495,-0.000,0.000,-0.000,15.0
1175,-2.659,0.494,1.495,-0.000,0.000,-0.000,15.0
1176,-2.659,0.494,1.495,-0.000,0.000,-0.000,15.0
1177,-2.659,0.494,1.495,-0.000,0.000,-0.000,15.0
1178,-2.659,0.494,1.495,-0.000,0.000,-0.000,15.0
1179,-2.659,0.494,1.495,-0.000,0.000,-0.000,15.0
1180,-2.659,0.494,1.495,-0.000,0.000,0.000,15.0
1181,-2.659,0.494,1.495,-0.000,0.000,0.000,15.0
1182,-2.659,0.494,1.495,-0.000,0.000,0.000,15.0
1183,-2.659,0.494,1.495,-0.000,0.000,0.000,15.0
1184,-2.659,0.494,1.495,-0.000,0.000,0.000,15.0
1185,-2.659,0.494,1.495,-0.000,0.000,0.000,15.0
1186,-2.659,0.494,1.495,-0.000,-0.000,0.000,15.0
1187,-2.659,0.494,1.495,-0.000,-0.000,-0.000,15.0
1188,-2.659,0.494,1.495,-0.000,-0.000,-0.000,15.0
1189,-2.659,0.494,1.495,-0.000,-0.000,-0.000,15.0
1190,-2.659,0.494,1.495,-0.000,-0.000,-0.000,15.0
1191,-2.659,0.494,1.495,-0.000,-0.000,-0.000,15.0
1192,-2.659,0.494,1.495,-0.000,-0.000,-0.000,15.0
1193,-2.659,0.494,1.495,-0.000,-0.000,-0.000,15.0
1194,-2.659,0.494,1.495,-0.000,-0.000,0.000,15.0
1195,-2.659,0.494,1.495,-0.000,-0.000,0.000,15.0
1196,-2.659,0.494,1.495,-0.000,-0.000,0.000,15.0
1197,-2.659,0.494,1.495,-0.000,-0.000,0.000,15.0
1198,-2.659,0.494,1.495,-0.000,-0.000,0.000,15.0
1199,-2.659,0.494,1.495,-0.000,-0.000,0.000,15.0
1200,-2.659,0.494,1.495,-0.000,-0.000,-0.000,15.0
