1,0.800,-1.000,0.000,0.000,0.000,0.000,1
2,0.800,-1.000,0.260,0.000,0.000,0.000,1
3,0.800,-1.000,1.065,0.000,0.000,0.000,1
4,0.800,-1.000,2.153,0.000,0.000,0.000,1
5,0.800,-1.000,3.178,0.000,0.000,0.000,1
6,0.800,-1.000,4.032,0.000,0.000,0.000,1
7,0.800,-1.000,4.714,0.000,0.000,0.000,1
8,0.800,-1.000,5.222,0.000,0.000,0.000,1
9,0.800,-1.000,5.557,0.000,0.000,0.000,1
10,0.800,-1.000,5.719,0.000,0.000,0.000,1
11,0.800,-1.000,5.709,0.000,0.000,0.000,1
12,0.800,-1.000,5.575,0.000,0.000,0.000,1
13,0.800,-1.000,5.408,0.000,0.000,0.000,1
14,0.800,-1.000,5.256,0.000,0.000,0.000,1
15,0.800,-1.000,5.141,0.000,0.000,0.000,1
16,0.800,-1.000,5.063,0.000,0.000,0.000,1
17,0.800,-1.000,5.016,0.000,0.000,0.000,1
18,0.800,-1.000,4.992,0.000,0.000,0.000,1
19,0.800,-1.000,4.978,0.000,0.000,0.000,1
20,0.800,-1.000,4.979,0.000,0.000,0.000,1
21,0.800,-1.000,4.984,0.000,0.000,0.000,1
22,0.800,-1.000,4.989,0.000,0.000,0.000,1
23,0.800,-1.000,4.993,0.000,0.000,0.000,1
24,0.800,-1.000,4.992,0.000,0.000,0.000,1
25,0.800,-1.000,4.991,0.000,-0.219,0.000,1
26,0.799,-1.000,4.990,0.000,-0.362,-0.000,1
27,0.797,-1.000,4.990,-0.000,-0.375,-0.030,1
28,0.794,-1.000,4.995,-0.000,-0.289,-0.049,13
29,0.790,-1.000,4.996,0.000,-0.149,-0.071,13
30,0.785,-0.999,4.996,0.000,-0.018,-0.023,13
31,0.780,-0.999,4.997,-0.000,0.071,0.027,13
32,0.776,-0.998,4.998,-0.000,0.116,-0.007,13
33,0.771,-0.997,4.998,-0.000,0.108,-0.043,13
34,0.768,-0.997,4.998,-0.000,0.275,0.002,13
35,0.765,-0.996,4.999,-0.000,0.359,0.045,13
36,0.763,-0.996,4.999,-0.000,0.129,-0.022,13
37,0.761,-0.995,4.999,-0.000,-0.127,0.004,13
38,0.760,-0.994,5.000,-0.000,-0.284,0.034,13
39,0.757,-0.994,5.000,-0.000,-0.272,-0.084,19
40,0.753,-0.993,5.000,-0.000,-0.221,-0.038,19
41,0.749,-0.992,5.000,-0.000,-0.128,0.028,19
42,0.744,-0.992,5.001,-0.000,-0.027,0.068,19
43,0.739,-0.991,5.001,-0.000,0.051,0.079,19
44,0.734,-0.991,5.001,-0.000,0.106,-0.019,19
45,0.730,-0.990,5.001,-0.000,0.097,-0.018,19
46,0.726,-0.990,5.001,-0.000,0.056,0.000,19
47,0.722,-0.989,5.001,-0.000,0.057,-0.115,19
48,0.718,-0.989,5.002,-0.000,0.001,-0.055,19
49,0.714,-0.988,5.002,-0.000,0.191,0.022,19
50,0.711,-0.987,5.002,-0.000,0.326,0.075,19
51,0.709,-0.986,5.002,-0.000,0.328,0.098,19
52,0.708,-0.986,5.002,-0.000,0.244,0.088,19
53,0.708,-0.985,5.002,-0.000,0.340,0.055,19
54,0.709,-0.986,5.002,-0.000,0.369,0.016,19
55,0.712,-0.986,5.002,-0.000,0.044,-0.228,19
56,0.714,-0.985,5.002,-0.000,-0.242,-0.383,25
57,0.716,-0.983,5.002,-0.000,-0.382,-0.398,25
58,0.717,-0.980,5.002,-0.000,-0.372,-0.304,25
59,0.716,-0.976,5.002,-0.000,0.010,0.055,25
60,0.715,-0.972,5.003,-0.000,0.342,0.337,25
61,0.716,-0.969,5.003,-0.000,0.419,0.282,25
62,0.717,-0.967,5.003,-0.000,-0.010,0.295,25
63,0.719,-0.966,5.003,-0.000,0.043,0.245,25
64,0.721,-0.965,5.003,-0.000,0.140,0.145,25
65,0.723,-0.965,5.003,-0.000,-0.080,-0.175,25
66,0.726,-0.965,5.003,-0.000,0.007,-0.183,25
67,0.728,-0.964,5.003,-0.000,0.116,-0.100,25
68,0.730,-0.963,5.003,-0.000,0.093,-0.168,25
69,0.733,-0.961,5.003,-0.000,-0.095,-0.027,25
70,0.736,-0.959,5.003,-0.000,-0.233,0.111,25
71,0.738,-0.958,5.003,-0.000,-0.327,-0.027,25
72,0.738,-0.956,5.003,-0.000,-0.265,0.050,25
73,0.738,-0.955,5.003,-0.000,-0.141,0.123,25
74,0.738,-0.954,5.004,-0.000,0.123,-0.023,27
75,0.737,-0.952,5.004,-0.000,0.018,0.045,27
76,0.737,-0.951,5.004,-0.000,-0.121,0.116,27
77,0.736,-0.951,5.004,-0.000,-0.206,0.144,27
78,0.735,-0.951,5.004,-0.000,-0.220,0.130,27
79,0.733,-0.951,5.004,-0.000,-0.176,0.088,27
80,0.730,-0.952,5.004,-0.000,-0.100,0.036,27
81,0.727,-0.952,5.004,-0.000,-0.020,-0.008,27
82,0.724,-0.953,5.004,-0.000,0.039,-0.034,27
83,0.721,-0.954,5.004,-0.000,0.067,-0.039,27
84,0.718,-0.954,5.004,-0.000,0.065,-0.030,27
85,0.716,-0.955,5.004,-0.000,0.043,-0.012,27
86,0.713,-0.955,5.004,-0.000,0.014,0.005,27
87,0.711,-0.955,5.004,-0.000,-0.010,0.017,27
88,0.708,-0.956,5.004,-0.000,-0.023,0.021,27
89,0.706,-0.956,5.004,-0.000,-0.024,0.017,27
90,0.703,-0.957,5.004,-0.000,-0.015,0.009,27
91,0.701,-0.957,5.004,-0.000,-0.002,0.001,27
92,0.698,-0.958,5.004,-0.000,0.011,-0.006,27
93,0.695,-0.959,5.004,-0.000,0.019,-0.009,27
94,0.693,-0.959,5.004,-0.000,0.022,-0.009,27
95,0.690,-0.960,5.004,-0.000,0.020,-0.007,27
96,0.688,-0.960,5.004,-0.000,0.016,-0.004,27
97,0.685,-0.961,5.004,-0.000,0.010,-0.001,27
98,0.683,-0.961,5.004,-0.000,0.006,0.001,27
99,0.680,-0.962,5.004,-0.000,0.004,0.002,27
100,0.678,-0.962,5.004,-0.000,0.005,0.001,27
101,0.676,-0.963,5.004,-0.000,0.006,-0.001,27
102,0.674,-0.963,5.004,-0.000,0.009,-0.002,27
103,0.671,-0.964,5.004,-0.000,0.010,-0.003,27
104,0.669,-0.964,5.004,-0.000,0.012,-0.003,27
105,0.667,-0.965,5.004,-0.000,0.012,-0.003,27
106,0.665,-0.965,5.004,-0.000,0.011,-0.003,27
107,0.662,-0.965,5.004,-0.000,0.010,-0.002,27
108,0.660,-0.966,5.004,-0.000,0.009,-0.002,27
109,0.658,-0.966,5.004,-0.000,0.008,-0.001,27
110,0.656,-0.967,5.004,-0.000,0.008,-0.001,27
111,0.654,-0.967,5.004,-0.000,0.008,-0.001,27
112,0.652,-0.968,5.004,-0.000,0.008,-0.002,27
113,0.650,-0.968,5.004,-0.000,0.008,-0.002,27
114,0.648,-0.969,5.004,-0.000,0.009,-0.002,27
115,0.646,-0.969,5.004,-0.000,0.009,-0.002,27
116,0.644,-0.969,5.004,-0.000,0.009,-0.002,27
117,0.642,-0.970,5.004,-0.000,0.008,-0.002,27
118,0.641,-0.970,5.004,-0.000,0.008,-0.002,27
119,0.639,-0.971,5.004,-0.000,0.008,-0.002,27
120,0.637,-0.971,5.004,-0.000,0.008,-0.002,27
121,0.635,-0.971,5.004,-0.000,0.008,-0.002,27
122,0.633,-0.972,5.004,-0.000,0.007,-0.002,27
123,0.632,-0.972,5.004,-0.000,0.007,-0.002,27
124,0.630,-0.972,5.004,-0.000,0.007,-0.002,27
125,0.628,-0.973,5.004,-0.000,0.007,-0.002,27
126,0.626,-0.973,5.004,-0.000,0.007,-0.002,27
127,0.625,-0.973,5.004,-0.000,0.007,-0.002,27
128,0.623,-0.974,5.004,-0.000,0.007,-0.002,27
129,0.622,-0.974,5.004,-0.000,0.007,-0.001,27
130,0.620,-0.975,5.004,-0.000,0.007,-0.001,27
131,0.618,-0.975,5.004,-0.000,0.007,-0.001,27
132,0.617,-0.975,5.004,-0.000,0.007,-0.001,27
133,0.615,-0.975,5.004,-0.000,0.007,-0.001,27
134,0.614,-0.976,5.004,-0.000,0.006,-0.001,27
135,0.612,-0.976,5.004,-0.000,0.006,-0.001,27
136,0.611,-0.976,5.004,-0.000,0.006,-0.001,27
137,0.609,-0.977,5.004,-0.000,0.006,-0.001,27
138,0.608,-0.977,5.004,-0.000,0.006,-0.001,27
139,0.607,-0.977,5.004,-0.000,0.006,-0.001,27
140,0.605,-0.978,5.004,-0.000,0.006,-0.001,27
141,0.604,-0.978,5.004,-0.000,0.006,-0.001,27
142,0.602,-0.978,5.004,-0.000,0.006,-0.001,27
143,0.601,-0.979,5.004,-0.000,0.006,-0.001,27
144,0.600,-0.979,5.004,-0.000,0.006,-0.001,27
145,0.598,-0.979,5.004,-0.000,0.006,-0.001,27
146,0.597,-0.979,5.004,-0.000,0.006,-0.001,27
147,0.596,-0.980,5.004,-0.000,0.005,-0.001,27
148,0.595,-0.980,5.004,-0.000,0.005,-0.001,27
149,0.593,-0.980,5.004,-0.000,0.005,-0.001,27
150,0.592,-0.980,5.004,-0.000,0.005,-0.001,27
151,0.591,-0.981,5.004,-0.000,0.005,-0.001,27
152,0.590,-0.981,5.004,-0.000,0.005,-0.001,27
153,0.589,-0.981,5.004,-0.000,0.005,-0.001,27
154,0.587,-0.981,5.004,-0.000,0.005,-0.001,27
155,0.586,-0.982,5.004,-0.000,0.005,-0.001,27
156,0.585,-0.982,5.003,-0.000,0.005,-0.001,27
157,0.584,-0.982,5.003,-0.000,0.005,-0.001,27
158,0.583,-0.982,5.003,-0.000,0.005,-0.001,27
159,0.582,-0.983,5.003,-0.000,0.005,-0.001,27
160,0.581,-0.983,5.003,-0.000,0.005,-0.001,27
161,0.580,-0.983,5.003,-0.000,0.005,-0.001,27
162,0.579,-0.983,5.003,-0.000,0.004,-0.001,27
163,0.578,-0.983,5.003,-0.000,0.004,-0.001,27
164,0.577,-0.984,5.003,-0.000,0.004,-0.001,27
165,0.576,-0.984,5.003,-0.000,0.004,-0.001,27
166,0.575,-0.984,5.003,-0.000,0.004,-0.001,27
167,0.574,-0.984,5.003,-0.000,0.004,-0.001,27
168,0.573,-0.985,5.003,-0.000,0.004,-0.001,27
169,0.572,-0.985,5.003,-0.000,0.004,-0.001,27
170,0.571,-0.985,5.003,-0.000,0.004,-0.001,27
171,0.570,-0.985,5.003,-0.000,0.004,-0.001,27
172,0.569,-0.985,5.003,-0.000,0.004,-0.001,27
173,0.568,-0.986,5.003,-0.000,0.004,-0.001,27
174,0.567,-0.986,5.003,-0.000,0.004,-0.001,27
175,0.566,-0.986,5.003,-0.000,0.004,-0.001,27
176,0.565,-0.986,5.003,-0.000,0.004,-0.001,27
177,0.565,-0.986,5.003,-0.000,0.004,-0.001,27
178,0.564,-0.986,5.003,-0.000,0.004,-0.001,27
179,0.563,-0.987,5.003,-0.000,0.004,-0.001,27
180,0.562,-0.987,5.003,-0.000,0.004,-0.001,27
181,0.561,-0.987,5.003,-0.000,0.004,-0.001,27
182,0.560,-0.987,5.003,-0.000,0.003,-0.001,27
183,0.560,-0.987,5.003,-0.000,0.003,-0.001,27
184,0.559,-0.987,5.003,-0.000,0.003,-0.001,27
185,0.558,-0.988,5.003,-0.000,0.003,-0.001,27
186,0.557,-0.988,5.003,-0.000,0.003,-0.001,27
187,0.557,-0.988,5.003,-0.000,0.003,-0.001,27
188,0.556,-0.988,5.003,-0.000,0.003,-0.001,27
189,0.555,-0.988,5.003,-0.000,0.003,-0.001,27
190,0.554,-0.988,5.003,-0.000,0.003,-0.001,27
191,0.554,-0.989,5.003,-0.000,0.003,-0.001,27
192,0.553,-0.989,5.003,-0.000,0.003,-0.001,27
193,0.552,-0.989,5.003,-0.000,0.003,-0.001,27
194,0.552,-0.989,5.003,-0.000,0.003,-0.001,27
195,0.551,-0.989,5.003,-0.000,0.003,-0.001,27
196,0.550,-0.989,5.003,-0.000,0.003,-0.001,27
197,0.550,-0.989,5.003,-0.000,0.003,-0.001,27
198,0.549,-0.990,5.003,-0.000,0.003,-0.001,27
199,0.548,-0.990,5.003,-0.000,0.003,-0.001,27
200,0.548,-0.990,5.003,-0.000,0.003,-0.001,27
201,0.547,-0.990,5.003,-0.000,0.003,-0.001,27
202,0.546,-0.990,5.003,-0.000,0.003,-0.001,27
203,0.546,-0.990,5.003,-0.000,0.003,-0.001,27
204,0.545,-0.990,5.003,-0.000,0.003,-0.001,27
205,0.545,-0.991,5.003,-0.000,0.003,-0.001,27
206,0.544,-0.991,5.003,-0.000,0.003,-0.001,27
207,0.544,-0.991,5.003,-0.000,0.002,-0.001,27
208,0.543,-0.991,5.003,-0.000,0.002,-0.001,27
209,0.542,-0.991,5.003,-0.000,0.002,-0.001,27
210,0.542,-0.991,5.003,-0.000,0.002,-0.001,21
211,0.541,-0.991,5.003,-0.000,0.020,-0.001,21
212,0.541,-0.991,5.003,-0.000,0.033,-0.000,21
213,0.540,-0.991,5.003,-0.000,0.034,-0.000,21
214,0.540,-0.992,5.003,-0.000,0.027,-0.000,21
215,0.540,-0.992,5.003,-0.000,0.015,-0.000,21
216,0.540,-0.992,5.003,-0.000,0.003,-0.000,21
217,0.540,-0.992,5.003,-0.000,-0.005,-0.000,21
218,0.540,-0.992,5.003,-0.000,-0.008,-0.000,21
219,0.540,-0.992,5.003,-0.000,-0.008,-0.000,21
220,0.539,-0.992,5.003,-0.000,-0.004,-0.000,21
221,0.539,-0.992,5.003,-0.000,0.000,-0.000,21
222,0.539,-0.992,5.003,-0.000,0.004,-0.000,21
223,0.539,-0.993,5.003,-0.000,0.006,-0.000,21
224,0.539,-0.993,5.003,-0.000,0.006,-0.000,21
225,0.539,-0.993,5.003,-0.000,0.004,-0.000,21
226,0.538,-0.993,5.003,-0.000,0.002,-0.000,21
227,0.538,-0.993,5.003,-0.000,0.000,-0.000,21
228,0.538,-0.993,5.003,-0.000,-0.001,-0.000,21
229,0.538,-0.993,5.003,-0.000,-0.001,-0.000,21
230,0.538,-0.993,5.003,-0.000,-0.001,-0.000,21
231,0.538,-0.993,5.003,-0.000,-0.000,-0.000,21
232,0.538,-0.993,5.003,-0.000,0.001,-0.000,25
233,0.538,-0.993,5.003,-0.000,-0.002,-0.223,25
234,0.538,-0.993,5.003,-0.000,0.200,-0.247,25
235,0.538,-0.991,5.003,-0.000,0.333,-0.184,25
236,0.540,-0.989,5.003,-0.000,0.305,-0.147,27
237,0.542,-0.987,5.003,-0.000,0.020,0.070,27
238,0.545,-0.984,5.003,-0.000,-0.226,0.235,27
239,0.547,-0.982,5.003,-0.000,-0.348,0.293,27
240,0.548,-0.982,5.003,-0.000,-0.340,0.254,27
241,0.548,-0.982,5.003,-0.000,-0.238,0.155,27
242,0.547,-0.983,5.004,-0.000,-0.098,0.041,27
243,0.546,-0.983,5.004,-0.000,0.028,-0.050,27
244,0.544,-0.984,5.004,-0.000,0.108,-0.097,27
245,0.543,-0.985,5.004,-0.000,0.129,-0.099,27
246,0.543,-0.985,5.004,-0.000,0.103,-0.068,27
247,0.542,-0.985,5.004,-0.000,0.051,-0.023,27
248,0.542,-0.984,5.004,-0.000,-0.003,0.017,27
249,0.542,-0.984,5.004,-0.000,-0.042,0.042,27
250,0.542,-0.984,5.004,-0.000,-0.058,0.048,27
251,0.542,-0.984,5.004,-0.000,-0.052,0.038,27
252,0.541,-0.985,5.004,-0.000,-0.032,0.020,27
253,0.540,-0.985,5.004,-0.000,-0.007,0.000,27
254,0.540,-0.985,5.004,-0.000,0.013,-0.013,27
255,0.539,-0.985,5.004,-0.000,0.024,-0.019,27
256,0.539,-0.986,5.004,-0.000,0.025,-0.018,27
257,0.538,-0.986,5.004,-0.000,0.018,-0.011,27
258,0.538,-0.986,5.004,-0.000,0.009,-0.003,27
259,0.537,-0.986,5.004,-0.000,-0.001,0.004,27
260,0.537,-0.986,5.004,-0.000,-0.007,0.007,27
261,0.536,-0.986,5.004,-0.000,-0.008,0.007,27
262,0.536,-0.987,5.004,-0.000,-0.007,0.005,27
263,0.535,-0.987,5.004,-0.000,-0.003,0.002,27
264,0.535,-0.987,5.004,-0.000,0.001,-0.001,27
265,0.534,-0.987,5.004,-0.000,0.005,-0.003,27
266,0.534,-0.987,5.004,-0.000,0.006,-0.004,27
267,0.534,-0.987,5.004,-0.000,0.006,-0.003,27
268,0.533,-0.988,5.004,-0.000,0.004,-0.002,27
269,0.533,-0.988,5.004,-0.000,0.003,-0.001,27
270,0.532,-0.988,5.004,-0.000,0.001,0.000,27
271,0.532,-0.988,5.004,-0.000,0.000,0.001,27
272,0.531,-0.988,5.004,-0.000,0.000,0.001,27
273,0.531,-0.988,5.004,-0.000,0.000,0.000,27
274,0.531,-0.989,5.004,-0.000,0.001,-0.000,27
275,0.530,-0.989,5.004,-0.000,0.002,-0.001,27
276,0.530,-0.989,5.004,-0.000,0.002,-0.001,27
277,0.529,-0.989,5.004,-0.000,0.002,-0.001,27
278,0.529,-0.989,5.004,-0.000,0.002,-0.001,27
279,0.529,-0.989,5.004,-0.000,0.002,-0.001,27
280,0.528,-0.989,5.004,-0.000,0.002,-0.001,27
281,0.528,-0.990,5.004,-0.000,0.001,-0.000,27
282,0.528,-0.990,5.004,-0.000,0.001,-0.000,27
283,0.527,-0.990,5.004,-0.000,0.001,-0.000,27
284,0.527,-0.990,5.004,-0.000,0.001,-0.000,27
285,0.526,-0.990,5.004,-0.000,0.001,-0.001,27
286,0.526,-0.990,5.004,-0.000,0.002,-0.001,27
287,0.526,-0.990,5.004,-0.000,0.002,-0.001,27
288,0.525,-0.990,5.004,-0.000,0.002,-0.001,27
289,0.525,-0.991,5.004,-0.000,0.002,-0.001,27
290,0.525,-0.991,5.004,-0.000,0.001,-0.001,27
291,0.524,-0.991,5.004,-0.000,0.001,-0.001,27
292,0.524,-0.991,5.004,-0.000,0.001,-0.000,27
293,0.524,-0.991,5.004,-0.000,0.001,-0.000,27
294,0.524,-0.991,5.004,-0.000,0.001,-0.000,27
295,0.523,-0.991,5.004,-0.000,0.001,-0.000,27
296,0.523,-0.991,5.004,-0.000,0.001,-0.000,27
297,0.523,-0.992,5.004,-0.000,0.001,-0.000,27
298,0.522,-0.992,5.004,-0.000,0.001,-0.000,27
299,0.522,-0.992,5.004,-0.000,0.001,-0.000,27
300,0.522,-0.992,5.004,-0.000,0.001,-0.000,27
301,0.521,-0.992,5.004,-0.000,0.001,-0.000,27
302,0.521,-0.992,5.004,-0.000,0.001,-0.000,27
303,0.521,-0.992,5.004,-0.000,0.001,-0.000,27
304,0.521,-0.992,5.004,-0.000,0.001,-0.000,27
305,0.520,-0.992,5.004,-0.000,0.001,-0.000,27
306,0.520,-0.992,5.004,-0.000,0.001,-0.000,27
307,0.520,-0.993,5.004,-0.000,0.001,-0.000,27
308,0.520,-0.993,5.004,-0.000,0.001,-0.000,27
309,0.519,-0.993,5.004,-0.000,0.001,-0.000,27
310,0.519,-0.993,5.004,-0.000,0.001,-0.000,27
311,0.519,-0.993,5.004,-0.000,0.001,-0.000,27
312,0.519,-0.993,5.004,-0.000,0.001,-0.000,27
313,0.518,-0.993,5.004,-0.000,0.001,-0.000,27
314,0.518,-0.993,5.004,-0.000,0.001,-0.000,27
315,0.518,-0.993,5.004,-0.000,0.001,-0.000,27
316,0.518,-0.993,5.004,-0.000,0.001,-0.000,27
317,0.517,-0.994,5.004,-0.000,0.001,-0.000,27
318,0.517,-0.994,5.004,-0.000,0.001,-0.000,27
319,0.517,-0.994,5.004,-0.000,0.001,-0.000,27
320,0.517,-0.994,5.004,-0.000,0.001,-0.000,27
321,0.516,-0.994,5.004,-0.000,0.001,-0.000,27
322,0.516,-0.994,5.004,-0.000,0.001,-0.000,27
323,0.516,-0.994,5.004,-0.000,0.001,-0.000,27
324,0.516,-0.994,5.004,-0.000,0.001,-0.000,27
325,0.516,-0.994,5.004,-0.000,0.001,-0.000,27
326,0.515,-0.994,5.004,-0.000,0.001,-0.000,27
327,0.515,-0.994,5.004,-0.000,0.001,-0.000,27
328,0.515,-0.994,5.004,-0.000,0.001,-0.000,27
329,0.515,-0.994,5.004,-0.000,0.001,-0.000,27
330,0.515,-0.995,5.004,-0.000,0.001,-0.000,27
331,0.514,-0.995,5.004,-0.000,0.001,-0.000,27
332,0.514,-0.995,5.004,-0.000,0.001,-0.000,27
333,0.514,-0.995,5.004,-0.000,0.001,-0.000,27
334,0.514,-0.995,5.004,-0.000,0.001,-0.000,27
335,0.514,-0.995,5.004,-0.000,0.001,-0.000,27
336,0.514,-0.995,5.004,-0.000,0.001,-0.000,27
337,0.513,-0.995,5.004,-0.000,0.001,-0.000,27
338,0.513,-0.995,5.004,-0.000,0.001,-0.000,27
339,0.513,-0.995,5.004,-0.000,0.001,-0.000,27
340,0.513,-0.995,5.004,-0.000,0.001,-0.000,27
341,0.513,-0.995,5.004,-0.000,0.001,-0.000,27
342,0.512,-0.995,5.004,-0.000,0.001,-0.000,27
343,0.512,-0.995,5.004,-0.000,0.001,-0.000,27
344,0.512,-0.995,5.004,-0.000,0.001,-0.000,27
345,0.512,-0.996,5.004,-0.000,0.001,-0.000,27
346,0.512,-0.996,5.004,-0.000,0.001,-0.000,27
347,0.512,-0.996,5.004,-0.000,0.001,-0.000,27
348,0.512,-0.996,5.004,-0.000,0.001,-0.000,27
349,0.511,-0.996,5.004,-0.000,0.001,-0.000,27
350,0.511,-0.996,5.004,-0.000,0.001,-0.000,27
351,0.511,-0.996,5.004,-0.000,0.001,-0.000,27
352,0.511,-0.996,5.004,-0.000,0.001,-0.000,27
353,0.511,-0.996,5.004,-0.000,0.001,-0.000,27
354,0.511,-0.996,5.004,-0.000,0.001,-0.000,27
355,0.511,-0.996,5.004,-0.000,0.001,-0.000,27
356,0.510,-0.996,5.004,-0.000,0.001,-0.000,27
357,0.510,-0.996,5.004,-0.000,0.001,-0.000,27
358,0.510,-0.996,5.004,-0.000,0.001,-0.000,27
359,0.510,-0.996,5.004,-0.000,0.001,-0.000,27
360,0.510,-0.996,5.004,-0.000,0.001,-0.000,27
361,0.510,-0.996,5.004,-0.000,0.001,-0.000,27
362,0.510,-0.996,5.004,-0.000,0.001,-0.000,27
363,0.509,-0.996,5.004,-0.000,0.001,-0.000,27
364,0.509,-0.997,5.004,-0.000,0.001,-0.000,27
365,0.509,-0.997,5.004,-0.000,0.006,-0.002,27
366,0.509,-0.997,5.004,-0.000,0.010,-0.004,27
367,0.509,-0.997,5.004,-0.000,0.010,-0.004,27
368,0.509,-0.997,5.004,-0.000,0.008,-0.003,27
369,0.509,-0.997,5.004,-0.000,0.004,-0.002,27
370,0.509,-0.997,5.004,-0.000,0.001,-0.000,27
371,0.509,-0.997,5.004,-0.000,-0.002,0.001,27
372,0.509,-0.997,5.004,-0.000,-0.003,0.001,27
373,0.509,-0.997,5.004,-0.000,-0.003,0.001,27
374,0.509,-0.997,5.004,-0.000,-0.001,0.000,27
375,0.509,-0.997,5.004,-0.000,0.000,-0.000,27
376,0.509,-0.997,5.004,-0.000,0.001,-0.000,27
377,0.509,-0.997,5.004,-0.000,0.002,-0.001,27
378,0.509,-0.997,5.004,-0.000,0.002,-0.001,27
379,0.509,-0.997,5.004,-0.000,0.001,-0.000,27
380,0.509,-0.997,5.004,-0.000,0.000,-0.000,27
381,0.509,-0.997,5.004,-0.000,-0.000,0.000,27
382,0.509,-0.997,5.004,-0.000,-0.000,0.000,27
383,0.509,-0.997,5.004,-0.000,-0.001,0.000,27
384,0.509,-0.997,5.004,-0.000,-0.000,0.000,27
385,0.509,-0.997,5.004,-0.000,-0.000,0.000,27
386,0.509,-0.997,5.004,-0.000,0.000,-0.000,27
387,0.509,-0.997,5.004,-0.000,0.000,-0.000,27
388,0.509,-0.997,5.004,-0.000,0.000,-0.000,27
389,0.509,-0.997,5.004,-0.000,0.000,-0.000,27
390,0.509,-0.997,5.004,-0.000,0.000,-0.000,27
391,0.509,-0.997,5.004,-0.000,0.000,-0.000,27
392,0.509,-0.997,5.004,-0.000,-0.000,0.000,27
393,0.509,-0.997,5.004,-0.000,-0.000,0.000,27
394,0.509,-0.997,5.004,-0.000,-0.000,0.000,27
395,0.509,-0.997,5.004,-0.000,-0.000,0.000,27
396,0.509,-0.997,5.004,-0.000,-0.000,0.000,27
397,0.509,-0.997,5.004,-0.000,0.000,-0.000,27
398,0.509,-0.997,5.004,-0.000,0.000,-0.000,27
399,0.509,-0.997,5.004,-0.000,0.000,-0.000,27
400,0.509,-0.997,5.004,-0.000,0.000,-0.000,27
401,0.509,-0.997,5.004,-0.000,0.000,-0.000,27
402,0.509,-0.997,5.004,-0.000,-0.000,0.000,27
403,0.509,-0.997,5.004,-0.000,-0.000,0.000,27
404,0.509,-0.997,5.004,-0.000,-0.000,0.000,27
405,0.509,-0.997,5.004,-0.000,-0.000,0.000,27
406,0.509,-0.997,5.004,-0.000,-0.000,0.000,27
407,0.509,-0.997,5.004,-0.000,-0.000,0.000,27
408,0.509,-0.997,5.004,-0.000,0.000,-0.000,27
409,0.509,-0.997,5.004,-0.000,0.000,-0.000,27
410,0.509,-0.997,5.004,-0.000,0.000,-0.000,27
411,0.509,-0.997,5.004,-0.000,0.000,-0.000,27
412,0.509,-0.997,5.004,-0.000,0.000,-0.000,27
413,0.509,-0.997,5.004,-0.000,-0.000,0.000,27
414,0.509,-0.997,5.004,-0.000,-0.000,0.000,27
415,0.509,-0.997,5.004,-0.000,-0.000,0.000,27
416,0.509,-0.997,5.004,-0.000,-0.000,0.000,27
417,0.509,-0.997,5.004,-0.000,-0.000,0.000,27
418,0.509,-0.997,5.004,-0.000,0.000,-0.000,27
419,0.509,-0.997,5.004,-0.000,0.000,-0.000,27
420,0.509,-0.997,5.004,-0.000,0.000,-0.000,27
421,0.509,-0.997,5.004,-0.000,0.000,-0.000,27
422,0.509,-0.997,5.004,-0.000,0.000,-0.000,27
423,0.509,-0.997,5.004,-0.000,0.000,-0.000,27
424,0.509,-0.997,5.004,-0.000,-0.000,0.000,27
425,0.509,-0.997,5.004,-0.000,-0.000,0.000,27
426,0.509,-0.997,5.004,-0.000,-0.000,0.000,27
427,0.509,-0.997,5.004,-0.000,-0.000,0.000,27
428,0.509,-0.997,5.004,-0.000,-0.000,0.000,27
429,0.509,-0.997,5.004,-0.000,0.000,-0.000,27
430,0.509,-0.997,5.004,-0.000,0.000,-0.000,27
431,0.509,-0.997,5.004,-0.000,0.000,-0.000,27
432,0.509,-0.997,5.004,-0.000,0.000,-0.000,27
433,0.509,-0.997,5.004,-0.000,0.000,-0.000,27
434,0.509,-0.997,5.004,-0.000,-0.000,0.000,27
435,0.509,-0.997,5.004,-0.000,-0.000,0.000,27
436,0.509,-0.997,5.004,-0.000,-0.000,0.000,27
437,0.509,-0.997,5.004,-0.000,-0.000,0.000,27
438,0.509,-0.997,5.004,-0.000,-0.000,0.000,27
439,0.509,-0.997,5.004,-0.000,-0.000,0.000,27
440,0.509,-0.997,5.004,-0.000,0.000,-0.000,27
441,0.509,-0.997,5.004,-0.000,0.000,-0.000,27
442,0.509,-0.997,5.004,-0.000,0.000,-0.000,27
443,0.509,-0.997,5.004,-0.000,0.000,-0.000,27
444,0.509,-0.997,5.004,-0.000,0.000,-0.000,27
445,0.509,-0.997,5.004,-0.000,-0.000,0.000,27
446,0.509,-0.997,5.004,-0.000,-0.000,0.000,27
447,0.509,-0.997,5.004,-0.000,-0.000,0.000,27
448,0.509,-0.997,5.004,-0.000,-0.000,0.000,27
449,0.509,-0.997,5.004,-0.000,-0.000,0.000,27
450,0.509,-0.997,5.004,-0.000,0.000,-0.000,27
451,0.509,-0.997,5.004,-0.000,0.000,-0.000,27
452,0.509,-0.997,5.004,-0.000,0.000,-0.000,27
453,0.509,-0.997,5.004,-0.000,0.000,-0.000,27
454,0.509,-0.997,5.004,-0.000,0.000,-0.000,27
455,0.509,-0.997,5.004,-0.000,0.000,-0.000,27
456,0.509,-0.997,5.004,-0.000,-0.000,0.000,27
457,0.509,-0.997,5.004,-0.000,-0.000,0.000,27
458,0.509,-0.997,5.004,-0.000,-0.000,0.000,27
459,0.509,-0.997,5.004,-0.000,-0.000,0.000,27
460,0.509,-0.997,5.004,-0.000,-0.000,0.000,27
461,0.509,-0.997,5.004,-0.000,0.000,-0.000,27
462,0.509,-0.997,5.004,-0.000,0.000,-0.000,27
463,0.509,-0.997,5.004,-0.000,0.000,-0.000,27
464,0.509,-0.997,5.004,-0.000,0.000,-0.000,27
465,0.509,-0.997,5.004,-0.000,0.000,-0.000,27
466,0.509,-0.997,5.004,-0.000,-0.000,0.000,27
467,0.509,-0.997,5.004,-0.000,-0.000,0.000,27
468,0.509,-0.997,5.004,-0.000,-0.000,0.000,27
469,0.509,-0.997,5.004,-0.000,-0.000,0.000,27
470,0.509,-0.997,5.004,-0.000,-0.000,0.000,27
471,0.509,-0.997,5.004,-0.000,-0.000,0.000,27
472,0.509,-0.997,5.004,-0.000,0.000,-0.000,27
473,0.509,-0.997,5.004,-0.000,0.000,-0.000,27
474,0.509,-0.997,5.004,-0.000,0.000,-0.000,27
475,0.509,-0.997,5.004,-0.000,0.000,-0.000,27
476,0.509,-0.997,5.004,-0.000,0.000,-0.000,27
477,0.509,-0.997,5.004,-0.000,-0.000,0.000,27
478,0.509,-0.997,5.004,-0.000,-0.000,0.000,27
479,0.509,-0.997,5.004,-0.000,-0.000,0.000,27
480,0.509,-0.997,5.004,-0.000,-0.000,0.000,27
481,0.509,-0.997,5.004,-0.000,-0.000,0.000,27
482,0.509,-0.997,5.004,-0.000,0.000,-0.000,27
483,0.509,-0.997,5.004,-0.000,0.000,-0.000,27
484,0.509,-0.997,5.004,-0.000,0.000,-0.000,27
485,0.509,-0.997,5.004,-0.000,0.000,-0.000,27
486,0.509,-0.997,5.004,-0.000,0.000,-0.000,27
487,0.509,-0.997,5.004,-0.000,0.000,-0.000,27
488,0.509,-0.997,5.004,-0.000,-0.000,0.000,27
489,0.509,-0.997,5.004,-0.000,-0.000,0.000,27
490,0.509,-0.997,5.004,-0.000,-0.000,0.000,27
491,0.509,-0.997,5.004,-0.000,-0.000,0.000,27
492,0.509,-0.997,5.004,-0.000,-0.000,0.000,27
493,0.509,-0.997,5.004,-0.000,0.000,-0.000,27
494,0.509,-0.997,5.004,-0.000,0.000,-0.000,27
495,0.509,-0.997,5.004,-0.000,0.000,-0.000,27
496,0.509,-0.997,5.004,-0.000,0.000,-0.000,27
497,0.509,-0.997,5.004,-0.000,0.000,-0.000,27
498,0.509,-0.997,5.004,-0.000,-0.000,0.000,27
499,0.509,-0.997,5.004,-0.000,-0.000,0.000,27
500,0.509,-0.997,5.004,-0.000,-0.000,0.000,27
501,0.509,-0.997,5.004,-0.000,-0.000,0.000,27
502,0.509,-0.997,5.004,-0.000,-0.000,0.000,27
503,0.509,-0.997,5.004,-0.000,-0.000,0.000,27
504,0.509,-0.997,5.004,-0.000,0.000,-0.000,27
505,0.509,-0.997,5.004,-0.000,0.000,-0.000,27
506,0.509,-0.997,5.004,-0.000,0.000,-0.000,27
507,0.509,-0.997,5.004,-0.000,0.000,-0.000,27
508,0.509,-0.997,5.004,-0.000,0.000,-0.000,27
509,0.509,-0.997,5.004,-0.000,-0.000,0.000,27
510,0.509,-0.997,5.004,-0.000,-0.000,0.000,27
511,0.509,-0.997,5.004,-0.000,-0.000,0.000,27
512,0.509,-0.997,5.004,-0.000,-0.000,0.000,27
513,0.509,-0.997,5.004,-0.000,-0.000,0.000,27
514,0.509,-0.997,5.004,-0.000,0.000,-0.000,27
515,0.509,-0.997,5.004,-0.000,0.000,-0.000,27
516,0.509,-0.997,5.004,-0.000,0.000,-0.000,27
517,0.509,-0.997,5.004,-0.000,0.000,-0.000,27
518,0.509,-0.997,5.004,-0.000,0.000,-0.000,27
519,0.509,-0.997,5.004,-0.000,0.000,-0.000,27
520,0.509,-0.997,5.004,-0.000,-0.000,0.000,27
521,0.509,-0.997,5.004,-0.000,-0.000,0.000,27
522,0.509,-0.997,5.004,-0.000,-0.000,0.000,27
523,0.509,-0.997,5.004,-0.000,-0.000,0.000,27
524,0.509,-0.997,5.004,-0.000,-0.000,0.000,27
525,0.509,-0.997,5.004,-0.000,0.000,0.000,27
526,0.509,-0.997,5.004,-0.000,0.000,0.000,27
527,0.509,-0.997,5.004,-0.000,0.000,0.000,27
528,0.509,-0.997,5.004,-0.000,0.000,0.000,27
529,0.509,-0.997,5.004,-0.000,0.000,0.000,27
530,0.509,-0.997,5.004,-0.000,0.000,0.000,27
531,0.509,-0.997,5.004,-0.000,0.000,0.000,27
532,0.509,-0.997,5.004,-0.000,0.000,-0.000,27
533,0.509,-0.997,5.004,-0.000,0.000,-0.000,27
534,0.509,-0.997,5.004,-0.000,0.000,-0.000,27
535,0.509,-0.997,5.004,-0.000,0.000,-0.000,27
536,0.509,-0.997,5.004,-0.000,-0.000,-0.000,27
537,0.509,-0.997,5.004,-0.000,-0.000,-0.000,27
538,0.509,-0.997,5.004,-0.000,-0.000,-0.000,27
539,0.509,-0.997,5.004,-0.000,-0.000,-0.000,27
540,0.509,-0.997,5.004,-0.000,-0.000,-0.000,27
541,0.509,-0.997,5.004,-0.000,-0.000,-0.000,27
542,0.509,-0.997,5.004,-0.000,-0.000,-0.000,27
543,0.509,-0.997,5.004,-0.000,-0.000,-0.000,27
544,0.509,-0.997,5.004,-0.000,-0.000,-0.000,27
545,0.509,-0.997,5.004,-0.000,-0.000,-0.000,27
546,0.509,-0.997,5.004,-0.000,-0.000,-0.000,27
547,0.509,-0.997,5.004,-0.000,-0.000,0.000,27
548,0.509,-0.997,5.004,-0.000,-0.000,0.000,27
549,0.509,-0.997,5.004,-0.000,-0.000,0.000,27
550,0.509,-0.997,5.004,-0.000,0.000,0.000,27
551,0.509,-0.997,5.004,-0.000,0.000,0.000,27
552,0.509,-0.997,5.004,-0.000,0.000,0.000,27
553,0.509,-0.997,5.004,-0.000,0.000,0.000,27
554,0.509,-0.997,5.004,-0.000,0.000,0.000,27
555,0.509,-0.997,5.004,-0.000,0.000,0.000,27
556,0.509,-0.997,5.004,-0.000,0.000,0.000,27
557,0.509,-0.997,5.004,-0.000,0.000,0.000,27
558,0.509,-0.997,5.004,-0.000,0.000,0.000,27
559,0.509,-0.997,5.004,-0.000,0.000,0.000,27
560,0.509,-0.997,5.004,-0.000,0.000,0.000,27
561,0.509,-0.997,5.004,-0.000,0.000,-0.000,27
562,0.509,-0.997,5.004,-0.000,0.000,-0.000,27
563,0.509,-0.997,5.004,-0.000,-0.000,-0.000,27
564,0.509,-0.997,5.004,-0.000,-0.000,-0.000,27
565,0.509,-0.997,5.004,-0.000,-0.000,-0.000,27
566,0.509,-0.997,5.004,-0.000,-0.000,-0.000,27
567,0.509,-0.997,5.004,-0.000,-0.000,-0.000,27
568,0.509,-0.997,5.004,-0.000,-0.000,-0.000,27
569,0.509,-0.997,5.004,-0.000,-0.000,-0.000,27
570,0.509,-0.997,5.004,-0.000,-0.000,-0.000,27
571,0.509,-0.997,5.004,-0.000,-0.000,-0.000,27
572,0.509,-0.997,5.004,-0.000,-0.000,-0.000,27
573,0.509,-0.997,5.004,-0.000,-0.000,-0.000,27
574,0.509,-0.997,5.004,-0.000,-0.000,-0.000,27
575,0.509,-0.997,5.004,-0.000,-0.000,-0.000,27
576,0.509,-0.997,5.004,-0.000,-0.000,0.000,27
577,0.509,-0.997,5.004,-0.000,0.000,0.000,27
578,0.509,-0.997,5.004,-0.000,0.000,0.000,27
579,0.509,-0.997,5.004,-0.000,0.000,0.000,27
580,0.509,-0.997,5.004,-0.000,0.000,0.000,27
581,0.509,-0.997,5.004,-0.000,0.000,0.000,27
582,0.509,-0.997,5.004,-0.000,0.000,0.000,27
583,0.509,-0.997,5.004,-0.000,0.000,0.000,27
584,0.509,-0.997,5.004,-0.000,0.000,0.000,27
585,0.509,-0.997,5.004,-0.000,0.000,0.000,27
586,0.509,-0.997,5.004,-0.000,0.000,0.000,27
587,0.509,-0.997,5.004,-0.000,0.000,0.000,27
588,0.509,-0.997,5.004,-0.000,0.000,0.000,27
589,0.509,-0.997,5.004,-0.000,0.000,0.000,27
590,0.509,-0.997,5.004,-0.000,0.000,-0.000,27
591,0.509,-0.997,5.004,-0.000,-0.000,-0.000,27
592,0.509,-0.997,5.004,-0.000,-0.000,-0.000,27
593,0.509,-0.997,5.004,-0.000,-0.000,-0.000,27
594,0.509,-0.997,5.004,-0.000,-0.000,-0.000,27
595,0.509,-0.997,5.004,-0.000,-0.000,-0.000,27
596,0.509,-0.997,5.004,-0.000,-0.000,-0.000,27
597,0.509,-0.997,5.004,-0.000,-0.000,-0.000,27
598,0.509,-0.997,5.004,-0.000,-0.000,-0.000,27
599,0.509,-0.997,5.004,-0.000,-0.000,-0.000,27
600,0.509,-0.997,5.004,-0.000,-0.000,-0.000,27
601,0.509,-0.997,5.004,-0.000,-0.000,-0.000,27
602,0.509,-0.997,5.004,-0.000,-0.000,-0.000,27
603,0.509,-0.997,5.004,-0.000,-0.000,-0.000,27
604,0.509,-0.997,5.004,-0.000,-0.000,-0.000,27
605,0.509,-0.997,5.004,-0.000,0.000,0.000,27
606,0.509,-0.997,5.004,-0.000,0.000,0.000,27
607,0.509,-0.997,5.004,-0.000,0.000,0.000,27
608,0.509,-0.997,5.004,-0.000,0.000,0.000,27
609,0.509,-0.997,5.004,-0.000,0.000,0.000,27
610,0.509,-0.997,5.004,-0.000,0.000,0.000,27
611,0.509,-0.997,5.004,-0.000,0.000,0.000,27
612,0.509,-0.997,5.004,-0.000,0.000,0.000,27
613,0.509,-0.997,5.004,-0.000,0.000,0.000,27
614,0.509,-0.997,5.004,-0.000,0.000,0.000,27
615,0.509,-0.997,5.004,-0.000,0.000,0.000,27
616,0.509,-0.997,5.004,-0.000,0.000,0.000,27
617,0.509,-0.997,5.004,-0.000,0.000,0.000,27
618,0.509,-0.997,5.004,-0.000,0.000,0.000,27
619,0.509,-0.997,5.004,-0.000,-0.000,-0.000,27
620,0.509,-0.997,5.004,-0.000,-0.000,-0.000,27
621,0.509,-0.997,5.004,-0.000,-0.000,-0.000,27
622,0.509,-0.997,5.004,-0.000,-0.000,-0.000,27
623,0.509,-0.997,5.004,-0.000,-0.000,-0.000,27
624,0.509,-0.997,5.004,-0.000,-0.000,-0.000,27
625,0.509,-0.997,5.004,-0.000,-0.000,-0.000,27
626,0.509,-0.997,5.004,-0.000,-0.000,-0.000,27
627,0.509,-0.997,5.004,-0.000,-0.000,-0.000,27
628,0.509,-0.997,5.004,-0.000,-0.000,-0.000,27
629,0.509,-0.997,5.004,-0.000,-0.000,-0.000,27
630,0.509,-0.997,5.004,-0.000,-0.000,-0.000,27
631,0.509,-0.997,5.004,-0.000,-0.000,-0.000,27
632,0.509,-0.997,5.004,-0.000,0.000,-0.000,27
633,0.509,-0.997,5.004,-0.000,0.000,-0.000,27
634,0.509,-0.997,5.004,-0.000,0.000,0.000,27
635,0.509,-0.997,5.004,-0.000,0.000,0.000,27
636,0.509,-0.997,5.004,-0.000,0.000,0.000,27
637,0.509,-0.997,5.004,-0.000,0.000,0.000,27
638,0.509,-0.997,5.004,-0.000,0.000,0.000,27
639,0.509,-0.997,5.004,-0.000,0.000,0.000,27
640,0.509,-0.997,5.004,-0.000,0.000,0.000,27
641,0.509,-0.997,5.004,-0.000,0.000,0.000,27
642,0.509,-0.997,5.004,-0.000,0.000,0.000,27
643,0.509,-0.997,5.004,-0.000,0.000,0.000,27
644,0.509,-0.997,5.004,-0.000,0.000,0.000,27
645,0.509,-0.997,5.004,-0.000,0.000,0.000,27
646,0.509,-0.997,5.004,-0.000,-0.000,0.000,27
647,0.509,-0.997,5.004,-0.000,-0.000,0.000,27
648,0.509,-0.997,5.004,-0.000,-0.000,-0.000,27
649,0.509,-0.997,5.004,-0.000,-0.000,-0.000,27
650,0.509,-0.997,5.004,-0.000,-0.000,-0.000,27
651,0.509,-0.997,5.004,-0.000,-0.000,-0.000,27
652,0.509,-0.997,5.004,-0.000,-0.000,-0.000,27
653,0.509,-0.997,5.004,-0.000,-0.000,-0.000,27
654,0.509,-0.997,5.004,-0.000,-0.000,-0.000,27
655,0.509,-0.997,5.004,-0.000,-0.000,-0.000,27
656,0.509,-0.997,5.004,-0.000,-0.000,-0.000,27
657,0.509,-0.997,5.004,-0.000,-0.000,-0.000,27
658,0.509,-0.997,5.004,-0.000,-0.000,-0.000,27
659,0.509,-0.997,5.004,-0.000,-0.000,-0.000,27
660,0.509,-0.997,5.004,-0.000,0.000,-0.000,27
661,0.509,-0.997,5.004,-0.000,0.000,-0.000,27
662,0.509,-0.997,5.004,-0.000,0.000,-0.000,27
663,0.509,-0.997,5.004,-0.000,0.000,0.000,27
664,0.509,-0.997,5.004,-0.000,0.000,0.000,27
665,0.509,-0.997,5.004,-0.000,0.000,0.000,27
666,0.509,-0.997,5.004,-0.000,0.000,0.000,27
667,0.509,-0.997,5.004,-0.000,0.000,0.000,27
668,0.509,-0.997,5.004,-0.000,0.000,0.000,27
669,0.509,-0.997,5.004,-0.000,0.000,0.000,27
670,0.509,-0.997,5.004,-0.000,0.000,0.000,27
671,0.509,-0.997,5.004,-0.000,0.000,0.000,27
672,0.509,-0.997,5.004,-0.000,0.000,0.000,27
673,0.509,-0.997,5.004,-0.000,0.000,0.000,27
674,0.509,-0.997,5.004,-0.000,-0.000,0.000,27
675,0.509,-0.997,5.004,-0.000,-0.000,0.000,27
676,0.509,-0.997,5.004,-0.000,-0.000,0.000,27
677,0.509,-0.997,5.004,-0.000,-0.000,-0.000,27
678,0.509,-0.997,5.004,-0.000,-0.000,-0.000,27
679,0.509,-0.997,5.004,-0.000,-0.000,-0.000,27
680,0.509,-0.997,5.004,-0.000,-0.000,-0.000,27
681,0.509,-0.997,5.004,-0.000,-0.000,-0.000,27
682,0.509,-0.997,5.004,-0.000,-0.000,-0.000,27
683,0.509,-0.997,5.004,-0.000,-0.000,-0.000,27
684,0.509,-0.997,5.004,-0.000,-0.000,-0.000,27
685,0.509,-0.997,5.004,-0.000,-0.000,-0.000,27
686,0.509,-0.997,5.004,-0.000,-0.000,-0.000,27
687,0.509,-0.997,5.004,-0.000,0.000,-0.000,27
688,0.509,-0.997,5.004,-0.000,0.000,-0.000,27
689,0.509,-0.997,5.004,-0.000,0.000,-0.000,27
690,0.509,-0.997,5.004,-0.000,0.000,-0.000,27
691,0.509,-0.997,5.004,-0.000,0.000,-0.000,27
692,0.509,-0.997,5.004,-0.000,0.000,0.000,27
693,0.509,-0.997,5.004,-0.000,0.000,0.000,27
694,0.509,-0.997,5.004,-0.000,0.000,0.000,27
695,0.509,-0.997,5.004,-0.000,0.000,0.000,27
696,0.509,-0.997,5.004,-0.000,0.000,0.000,27
697,0.509,-0.997,5.004,-0.000,0.000,0.000,27
698,0.509,-0.997,5.004,-0.000,0.000,0.000,27
699,0.509,-0.997,5.004,-0.000,0.000,0.000,27
700,0.509,-0.997,5.004,-0.000,0.000,0.000,27
701,0.509,-0.997,5.004,-0.000,-0.000,0.000,27
702,0.509,-0.997,5.004,-0.000,-0.000,0.000,27
703,0.509,-0.997,5.004,-0.000,-0.000,0.000,27
704,0.509,-0.997,5.004,-0.000,-0.000,0.000,27
705,0.509,-0.997,5.004,-0.000,-0.000,0.000,27
706,0.509,-0.997,5.004,-0.000,-0.000,-0.000,27
707,0.509,-0.997,5.004,-0.000,-0.000,-0.000,27
708,0.509,-0.997,5.004,-0.000,-0.000,-0.000,27
709,0.509,-0.997,5.004,-0.000,-0.000,-0.000,27
710,0.509,-0.997,5.004,-0.000,-0.000,-0.000,27
711,0.509,-0.997,5.004,-0.000,-0.000,-0.000,27
712,0.509,-0.997,5.004,-0.000,-0.000,-0.000,27
713,0.509,-0.997,5.004,-0.000,-0.000,-0.000,27
714,0.509,-0.997,5.004,-0.000,-0.000,-0.000,27
715,0.509,-0.997,5.004,-0.000,0.000,-0.000,27
716,0.509,-0.997,5.004,-0.000,0.000,-0.000,27
717,0.509,-0.997,5.004,-0.000,0.000,-0.000,27
718,0.509,-0.997,5.004,-0.000,0.000,-0.000,27
719,0.509,-0.997,5.004,-0.000,0.000,-0.000,27
720,0.509,-0.997,5.004,-0.000,0.000,-0.000,27
721,0.509,-0.997,5.004,-0.000,0.000,0.000,27
722,0.509,-0.997,5.004,-0.000,0.000,0.000,27
723,0.509,-0.997,5.004,-0.000,0.000,0.000,27
724,0.509,-0.997,5.004,-0.000,0.000,0.000,27
725,0.509,-0.997,5.004,-0.000,0.000,0.000,27
726,0.509,-0.997,5.004,-0.000,0.000,0.000,27
727,0.509,-0.997,5.004,-0.000,0.000,0.000,27
728,0.509,-0.997,5.004,-0.000,0.000,0.000,27
729,0.509,-0.997,5.004,-0.000,-0.000,0.000,27
730,0.509,-0.997,5.004,-0.000,-0.000,0.000,27
731,0.509,-0.997,5.004,-0.000,-0.000,0.000,27
732,0.509,-0.997,5.004,-0.000,-0.000,0.000,27
733,0.509,-0.997,5.004,-0.000,-0.000,0.000,27
734,0.509,-0.997,5.004,-0.000,-0.000,0.000,27
735,0.509,-0.997,5.004,-0.000,-0.000,-0.000,27
736,0.509,-0.997,5.004,-0.000,-0.000,-0.000,27
737,0.509,-0.997,5.004,-0.000,-0.000,-0.000,27
738,0.509,-0.997,5.004,-0.000,-0.000,-0.000,27
739,0.509,-0.997,5.004,-0.000,-0.000,-0.000,27
740,0.509,-0.997,5.004,-0.000,-0.000,-0.000,27
741,0.509,-0.997,5.004,-0.000,-0.000,-0.000,27
742,0.509,-0.997,5.004,-0.000,-0.000,-0.000,27
743,0.509,-0.997,5.004,-0.000,0.000,-0.000,27
744,0.509,-0.997,5.004,-0.000,0.000,-0.000,27
745,0.509,-0.997,5.004,-0.000,0.000,-0.000,27
746,0.509,-0.997,5.004,-0.000,0.000,-0.000,27
747,0.509,-0.997,5.004,-0.000,0.000,-0.000,27
748,0.509,-0.997,5.004,-0.000,0.000,-0.000,27
749,0.509,-0.997,5.004,-0.000,0.000,-0.000,27
750,0.509,-0.997,5.004,-0.000,0.000,0.000,27
751,0.509,-0.997,5.004,-0.000,0.000,0.000,27
752,0.509,-0.997,5.004,-0.000,0.000,0.000,27
753,0.509,-0.997,5.004,-0.000,0.000,0.000,27
754,0.509,-0.997,5.004,-0.000,0.000,0.000,27
755,0.509,-0.997,5.004,-0.000,0.000,0.000,27
756,0.509,-0.997,5.004,-0.000,-0.000,0.000,27
757,0.509,-0.997,5.004,-0.000,-0.000,0.000,27
758,0.509,-0.997,5.004,-0.000,-0.000,0.000,27
759,0.509,-0.997,5.004,-0.000,-0.000,0.000,27
760,0.509,-0.997,5.004,-0.000,-0.000,0.000,27
761,0.509,-0.997,5.004,-0.000,-0.000,0.000,27
762,0.509,-0.997,5.004,-0.000,-0.000,0.000,27
763,0.509,-0.997,5.004,-0.000,-0.000,0.000,27
764,0.509,-0.997,5.004,-0.000,-0.000,-0.000,27
765,0.509,-0.997,5.004,-0.000,-0.000,-0.000,27
766,0.509,-0.997,5.004,-0.000,-0.000,-0.000,27
767,0.509,-0.997,5.004,-0.000,-0.000,-0.000,27
768,0.509,-0.997,5.004,-0.000,-0.000,-0.000,27
769,0.509,-0.997,5.004,-0.000,-0.000,-0.000,27
770,0.509,-0.997,5.004,-0.000,0.000,-0.000,27
771,0.509,-0.997,5.004,-0.000,0.000,-0.000,27
772,0.509,-0.997,5.004,-0.000,0.000,-0.000,27
773,0.509,-0.997,5.004,-0.000,0.000,-0.000,27
774,0.509,-0.997,5.004,-0.000,0.000,-0.000,27
775,0.509,-0.997,5.004,-0.000,0.000,-0.000,27
776,0.509,-0.997,5.004,-0.000,0.000,-0.000,27
777,0.509,-0.997,5.004,-0.000,0.000,-0.000,27
778,0.509,-0.997,5.004,-0.000,0.000,-0.000,27
779,0.509,-0.997,5.004,-0.000,0.000,0.000,27
780,0.509,-0.997,5.004,-0.000,0.000,0.000,27
781,0.509,-0.997,5.004,-0.000,0.000,0.000,27
782,0.509,-0.997,5.004,-0.000,0.000,0.000,27
783,0.509,-0.997,5.004,-0.000,0.000,0.000,27
784,0.509,-0.997,5.004,-0.000,-0.000,0.000,27
785,0.509,-0.997,5.004,-0.000,-0.000,0.000,27
786,0.509,-0.997,5.004,-0.000,-0.000,0.000,27
787,0.509,-0.997,5.004,-0.000,-0.000,0.000,27
788,0.509,-0.997,5.004,-0.000,-0.000,0.000,27
789,0.509,-0.997,5.004,-0.000,-0.000,0.000,27
790,0.509,-0.997,5.004,-0.000,-0.000,0.000,27
791,0.509,-0.997,5.004,-0.000,-0.000,0.000,27
792,0.509,-0.997,5.004,-0.000,-0.000,0.000,27
793,0.509,-0.997,5.004,-0.000,-0.000,-0.000,27
794,0.509,-0.997,5.004,-0.000,-0.000,-0.000,27
795,0.509,-0.997,5.004,-0.000,-0.000,-0.000,27
796,0.509,-0.997,5.004,-0.000,-0.000,-0.000,27
797,0.509,-0.997,5.004,-0.000,-0.000,-0.000,27
798,0.509,-0.997,5.004,-0.000,0.000,-0.000,27
799,0.509,-0.997,5.004,-0.000,0.000,-0.000,27
800,0.509,-0.997,5.004,-0.000,0.000,-0.000,27
801,0.509,-0.997,5.004,-0.000,0.000,-0.000,27
802,0.509,-0.997,5.004,-0.000,0.000,-0.000,27
803,0.509,-0.997,5.004,-0.000,0.000,-0.000,27
804,0.509,-0.997,5.004,-0.000,0.000,-0.000,27
805,0.509,-0.997,5.004,-0.000,0.000,-0.000,27
806,0.509,-0.997,5.004,-0.000,0.000,-0.000,27
807,0.509,-0.997,5.004,-0.000,0.000,-0.000,27
808,0.509,-0.997,5.004,-0.000,0.000,-0.000,27
809,0.509,-0.997,5.004,-0.000,0.000,-0.000,27
810,0.509,-0.997,5.004,-0.000,0.000,0.000,27
811,0.509,-0.997,5.004,-0.000,0.000,0.000,27
812,0.509,-0.997,5.004,-0.000,-0.000,0.000,27
813,0.509,-0.997,5.004,-0.000,-0.000,0.000,27
814,0.509,-0.997,5.004,-0.000,-0.000,0.000,27
815,0.509,-0.997,5.004,-0.000,-0.000,0.000,27
816,0.509,-0.997,5.004,-0.000,-0.000,0.000,27
817,0.509,-0.997,5.004,-0.000,-0.000,0.000,27
818,0.509,-0.997,5.004,-0.000,-0.000,0.000,27
819,0.509,-0.997,5.004,-0.000,-0.000,0.000,27
820,0.509,-0.997,5.004,-0.000,-0.000,0.000,27
821,0.509,-0.997,5.004,-0.000,-0.000,0.000,27
822,0.509,-0.997,5.004,-0.000,-0.000,0.000,27
823,0.509,-0.997,5.004,-0.000,-0.000,0.000,27
824,0.509,-0.997,5.004,-0.000,-0.000,0.000,27
825,0.509,-0.997,5.004,-0.000,0.000,0.000,27
826,0.509,-0.997,5.004,-0.000,0.000,0.000,27
827,0.509,-0.997,5.004,-0.000,0.000,-0.000,27
828,0.509,-0.997,5.004,-0.000,0.000,-0.000,27
829,0.509,-0.997,5.004,-0.000,0.000,-0.000,27
830,0.509,-0.997,5.004,-0.000,0.000,-0.000,27
831,0.509,-0.997,5.004,-0.000,0.000,-0.000,27
832,0.509,-0.997,5.004,-0.000,0.000,-0.000,27
833,0.509,-0.997,5.004,-0.000,0.000,-0.000,27
834,0.509,-0.997,5.004,-0.000,0.000,-0.000,27
835,0.509,-0.997,5.004,-0.000,0.000,-0.000,27
836,0.509,-0.997,5.004,-0.000,0.000,-0.000,27
837,0.509,-0.997,5.004,-0.000,0.000,-0.000,27
838,0.509,-0.997,5.004,-0.000,0.000,-0.000,27
839,0.509,-0.997,5.004,-0.000,-0.000,-0.000,27
840,0.509,-0.997,5.004,-0.000,-0.000,-0.000,27
841,0.509,-0.997,5.004,-0.000,-0.000,-0.000,27
842,0.509,-0.997,5.004,-0.000,-0.000,0.000,27
843,0.509,-0.997,5.004,-0.000,-0.000,0.000,27
844,0.509,-0.997,5.004,-0.000,-0.000,0.000,27
845,0.509,-0.997,5.004,-0.000,-0.000,0.000,27
846,0.509,-0.997,5.004,-0.000,-0.000,0.000,27
847,0.509,-0.997,5.004,-0.000,-0.000,0.000,27
848,0.509,-0.997,5.004,-0.000,-0.000,0.000,27
849,0.509,-0.997,5.004,-0.000,-0.000,0.000,27
850,0.509,-0.997,5.004,-0.000,-0.000,0.000,27
851,0.509,-0.997,5.004,-0.000,-0.000,0.000,27
852,0.509,-0.997,5.004,-0.000,-0.000,0.000,27
853,0.509,-0.997,5.004,-0.000,0.000,0.000,27
854,0.509,-0.997,5.004,-0.000,0.000,0.000,27
855,0.509,-0.997,5.004,-0.000,0.000,0.000,27
856,0.509,-0.997,5.004,-0.000,0.000,-0.000,27
857,0.509,-0.997,5.004,-0.000,0.000,-0.000,27
858,0.509,-0.997,5.004,-0.000,0.000,-0.000,27
859,0.509,-0.997,5.004,-0.000,0.000,-0.000,27
860,0.509,-0.997,5.004,-0.000,0.000,-0.000,27
861,0.509,-0.997,5.004,-0.000,0.000,-0.000,27
862,0.509,-0.997,5.004,-0.000,0.000,-0.000,27
863,0.509,-0.997,5.004,-0.000,0.000,-0.000,27
864,0.509,-0.997,5.004,-0.000,0.000,-0.000,27
865,0.509,-0.997,5.004,-0.000,0.000,-0.000,27
866,0.509,-0.997,5.004,-0.000,0.000,-0.000,27
867,0.509,-0.997,5.004,-0.000,-0.000,-0.000,27
868,0.509,-0.997,5.004,-0.000,-0.000,-0.000,27
869,0.509,-0.997,5.004,-0.000,-0.000,-0.000,27
870,0.509,-0.997,5.004,-0.000,-0.000,-0.000,27
871,0.509,-0.997,5.004,-0.000,-0.000,0.000,27
872,0.509,-0.997,5.004,-0.000,-0.000,0.000,27
873,0.509,-0.997,5.004,-0.000,-0.000,0.000,27
874,0.509,-0.997,5.004,-0.000,-0.000,0.000,27
875,0.509,-0.997,5.004,-0.000,-0.000,0.000,27
876,0.509,-0.997,5.004,-0.000,-0.000,0.000,27
877,0.509,-0.997,5.004,-0.000,-0.000,0.000,27
878,0.509,-0.997,5.004,-0.000,-0.000,0.000,27
879,0.509,-0.997,5.004,-0.000,-0.000,0.000,27
880,0.509,-0.997,5.004,-0.000,0.000,0.000,27
881,0.509,-0.997,5.004,-0.000,0.000,0.000,27
882,0.509,-0.997,5.004,-0.000,0.000,0.000,27
883,0.509,-0.997,5.004,-0.000,0.000,0.000,27
884,0.509,-0.997,5.004,-0.000,0.000,0.000,27
885,0.509,-0.997,5.004,-0.000,0.000,-0.000,27
886,0.509,-0.997,5.004,-0.000,0.000,-0.000,27
887,0.509,-0.997,5.004,-0.000,0.000,-0.000,27
888,0.509,-0.997,5.004,-0.000,0.000,-0.000,27
889,0.509,-0.997,5.004,-0.000,0.000,-0.000,27
890,0.509,-0.997,5.004,-0.000,0.000,-0.000,27
891,0.509,-0.997,5.004,-0.000,0.000,-0.000,27
892,0.509,-0.997,5.004,-0.000,0.000,-0.000,27
893,0.509,-0.997,5.004,-0.000,0.000,-0.000,27
894,0.509,-0.997,5.004,-0.000,-0.000,-0.000,27
895,0.509,-0.997,5.004,-0.000,-0.000,-0.000,27
896,0.509,-0.997,5.004,-0.000,-0.000,-0.000,27
897,0.509,-0.997,5.004,-0.000,-0.000,-0.000,27
898,0.509,-0.997,5.004,-0.000,-0.000,-0.000,27
899,0.509,-0.997,5.004,-0.000,-0.000,-0.000,27
900,0.509,-0.997,5.004,-0.000,-0.000,0.000,27
901,0.509,-0.997,5.004,-0.000,-0.000,0.000,27
902,0.509,-0.997,5.004,-0.000,-0.000,0.000,27
903,0.509,-0.997,5.004,-0.000,-0.000,0.000,27
904,0.509,-0.997,5.004,-0.000,-0.000,0.000,27
905,0.509,-0.997,5.004,-0.000,-0.000,0.000,27
906,0.509,-0.997,5.004,-0.000,-0.000,0.000,27
907,0.509,-0.997,5.004,-0.000,-0.000,0.000,27
908,0.509,-0.997,5.004,-0.000,0.000,0.000,27
909,0.509,-0.997,5.004,-0.000,0.000,0.000,27
910,0.509,-0.997,5.004,-0.000,0.000,0.000,27
911,0.509,-0.997,5.004,-0.000,0.000,0.000,27
912,0.509,-0.997,5.004,-0.000,0.000,0.000,27
913,0.509,-0.997,5.004,-0.000,0.000,0.000,27
914,0.509,-0.997,5.004,-0.000,0.000,-0.000,27
915,0.509,-0.997,5.004,-0.000,0.000,-0.000,27
916,0.509,-0.997,5.004,-0.000,0.000,-0.000,27
917,0.509,-0.997,5.004,-0.000,0.000,-0.000,27
918,0.509,-0.997,5.004,-0.000,0.000,-0.000,27
919,0.509,-0.997,5.004,-0.000,0.000,-0.000,27
920,0.509,-0.997,5.004,-0.000,0.000,-0.000,27
921,0.509,-0.997,5.004,-0.000,0.000,-0.000,27
922,0.509,-0.997,5.004,-0.000,-0.000,-0.000,27
923,0.509,-0.997,5.004,-0.000,-0.000,-0.000,27
924,0.509,-0.997,5.004,-0.000,-0.000,-0.000,27
925,0.509,-0.997,5.004,-0.000,-0.000,-0.000,27
926,0.509,-0.997,5.004,-0.000,-0.000,-0.000,27
927,0.509,-0.997,5.004,-0.000,-0.000,-0.000,27
928,0.509,-0.997,5.004,-0.000,-0.000,-0.000,27
929,0.509,-0.997,5.004,-0.000,-0.000,0.000,27
930,0.509,-0.997,5.004,-0.000,-0.000,0.000,27
931,0.509,-0.997,5.004,-0.000,-0.000,0.000,27
932,0.509,-0.997,5.004,-0.000,-0.000,0.000,27
933,0.509,-0.997,5.004,-0.000,-0.000,0.000,27
934,0.509,-0.997,5.004,-0.000,-0.000,0.000,27
935,0.509,-0.997,5.004,-0.000,0.000,0.000,27
936,0.509,-0.997,5.004,-0.000,0.000,0.000,27
937,0.509,-0.997,5.004,-0.000,0.000,0.000,27
938,0.509,-0.997,5.004,-0.000,0.000,0.000,27
939,0.509,-0.997,5.004,-0.000,0.000,0.000,27
940,0.509,-0.997,5.004,-0.000,0.000,0.000,27
941,0.509,-0.997,5.004,-0.000,0.000,0.000,27
942,0.509,-0.997,5.004,-0.000,0.000,0.000,27
943,0.509,-0.997,5.004,-0.000,0.000,-0.000,27
944,0.509,-0.997,5.004,-0.000,0.000,-0.000,27
945,0.509,-0.997,5.004,-0.000,0.000,-0.000,27
946,0.509,-0.997,5.004,-0.000,0.000,-0.000,27
947,0.509,-0.997,5.004,-0.000,0.000,-0.000,27
948,0.509,-0.997,5.004,-0.000,0.000,-0.000,27
949,0.509,-0.997,5.004,-0.000,-0.000,-0.000,27
950,0.509,-0.997,5.004,-0.000,-0.000,-0.000,27
951,0.509,-0.997,5.004,-0.000,-0.000,-0.000,27
952,0.509,-0.997,5.004,-0.000,-0.000,-0.000,27
953,0.509,-0.997,5.004,-0.000,-0.000,-0.000,27
954,0.509,-0.997,5.004,-0.000,-0.000,-0.000,27
955,0.509,-0.997,5.004,-0.000,-0.000,-0.000,27
956,0.509,-0.997,5.004,-0.000,-0.000,-0.000,27
957,0.509,-0.997,5.004,-0.000,-0.000,-0.000,27
958,0.509,-0.997,5.004,-0.000,-0.000,0.000,27
959,0.509,-0.997,5.004,-0.000,-0.000,0.000,27
960,0.509,-0.997,5.004,-0.000,-0.000,0.000,27
961,0.509,-0.997,5.004,-0.000,-0.000,0.000,27
962,0.509,-0.997,5.004,-0.000,-0.000,0.000,27
963,0.509,-0.997,5.004,-0.000,0.000,0.000,27
964,0.509,-0.997,5.004,-0.000,0.000,0.000,27
965,0.509,-0.997,5.004,-0.000,0.000,0.000,27
966,0.509,-0.997,5.004,-0.000,0.000,0.000,27
967,0.509,-0.997,5.004,-0.000,0.000,0.000,27
968,0.509,-0.997,5.004,-0.000,0.000,0.000,27
969,0.509,-0.997,5.004,-0.000,0.000,0.000,27
970,0.509,-0.997,5.004,-0.000,0.000,0.000,27
971,0.509,-0.997,5.004,-0.000,0.000,0.000,27
972,0.509,-0.997,5.004,-0.000,0.000,-0.000,27
973,0.509,-0.997,5.004,-0.000,0.000,-0.000,27
974,0.509,-0.997,5.004,-0.000,0.000,-0.000,27
975,0.509,-0.997,5.004,-0.000,0.000,-0.000,27
976,0.509,-0.997,5.004,-0.000,0.000,-0.000,27
977,0.509,-0.997,5.004,-0.000,-0.000,-0.000,27
978,0.509,-0.997,5.004,-0.000,-0.000,-0.000,27
979,0.509,-0.997,5.004,-0.000,-0.000,-0.000,27
980,0.509,-0.997,5.004,-0.000,-0.000,-0.000,27
981,0.509,-0.997,5.004,-0.000,-0.000,-0.000,27
982,0.509,-0.997,5.004,-0.000,-0.000,-0.000,27
983,0.509,-0.997,5.004,-0.000,-0.000,-0.000,27
984,0.509,-0.997,5.004,-0.000,-0.000,-0.000,27
985,0.509,-0.997,5.004,-0.000,-0.000,-0.000,27
986,0.509,-0.997,5.004,-0.000,-0.000,-0.000,27
987,0.509,-0.997,5.004,-0.000,-0.000,0.000,27
988,0.509,-0.997,5.004,-0.000,-0.000,0.000,27
989,0.509,-0.997,5.004,-0.000,-0.000,0.000,27
990,0.509,-0.997,5.004,-0.000,0.000,0.000,27
991,0.509,-0.997,5.004,-0.000,0.000,0.000,27
992,0.509,-0.997,5.004,-0.000,0.000,0.000,27
993,0.509,-0.997,5.004,-0.000,0.000,0.000,27
994,0.509,-0.997,5.004,-0.000,0.000,0.000,27
995,0.509,-0.997,5.004,-0.000,0.000,0.000,27
996,0.509,-0.997,5.004,-0.000,0.000,0.000,27
997,0.509,-0.997,5.004,-0.000,0.000,0.000,27
998,0.509,-0.997,5.004,-0.000,0.000,0.000,27
999,0.509,-0.997,5.004,-0.000,0.000,0.000,27
1000,0.509,-0.997,5.004,-0.000,0.000,0.000,27
