1,-4.100,1.000,0.000,0.000,0.000,0.000,1
2,-4.100,1.000,0.153,0.000,0.000,0.000,1
3,-4.100,1.000,0.473,0.000,0.000,0.000,1
4,-4.100,1.000,0.808,0.000,0.000,0.000,1
5,-4.100,1.000,1.088,0.000,0.000,0.000,1
6,-4.100,1.000,1.290,0.000,0.000,0.000,1
7,-4.100,1.000,1.420,0.000,0.000,0.000,1
8,-4.100,1.000,1.493,0.000,0.000,0.000,1
9,-4.100,1.000,1.522,0.000,0.000,0.000,1
10,-4.100,1.000,1.534,0.000,0.000,0.000,1
11,-4.100,1.000,1.533,0.000,0.000,0.000,1
12,-4.100,1.000,1.527,0.000,0.000,0.000,1
13,-4.100,1.000,1.519,0.000,0.000,0.000,1
14,-4.100,1.000,1.512,0.000,0.000,0.000,1
15,-4.100,1.000,1.506,0.000,0.000,0.000,1
16,-4.100,1.000,1.506,0.000,0.000,0.000,1
17,-4.100,1.000,1.507,0.000,0.000,0.000,1
18,-4.100,1.000,1.507,0.000,0.000,0.000,1
19,-4.100,1.000,1.508,0.000,0.000,0.000,1
20,-4.100,1.000,1.508,0.000,0.000,0.000,1
21,-4.100,1.000,1.509,0.000,0.000,0.000,1
22,-4.100,1.000,1.509,0.000,0.000,0.000,1
23,-4.100,1.000,1.509,0.000,0.000,0.000,1
24,-4.100,1.000,1.509,0.000,0.000,0.000,1
25,-4.100,1.000,1.510,0.000,0.000,0.000,1
26,-4.100,1.000,1.510,0.000,0.000,0.000,1
27,-4.100,1.000,1.510,0.000,0.000,0.000,1
28,-4.100,1.000,1.510,0.000,0.000,0.000,1
29,-4.100,1.000,1.504,0.000,0.000,0.000,1
30,-4.100,1.000,1.503,0.000,0.000,0.000,1
31,-4.100,1.000,1.502,0.000,0.000,0.000,1
32,-4.100,1.000,1.501,0.000,0.000,0.000,1
33,-4.100,1.000,1.500,0.000,0.000,0.000,1
34,-4.100,1.000,1.499,0.000,0.000,0.000,1
35,-4.100,1.000,1.499,0.000,0.000,0.000,1
36,-4.100,1.000,1.498,0.000,0.000,0.000,1
37,-4.100,1.000,1.498,0.000,0.000,0.000,1
38,-4.100,1.000,1.498,0.000,0.000,0.000,1
39,-4.100,1.000,1.498,-0.000,0.019,0.019,31.0
40,-4.100,1.000,1.497,-0.000,0.029,0.032,31.0
41,-4.100,1.000,1.497,-0.000,0.029,0.035,31.0
42,-4.100,0.999,1.497,-0.000,0.022,0.028,31.0
43,-4.099,0.999,1.497,-0.000,0.013,0.018,31.0
44,-4.099,0.999,1.496,-0.000,0.005,0.008,31.0
45,-4.098,0.998,1.496,-0.000,0.001,0.002,31.0
46,-4.098,0.998,1.496,-0.000,-0.000,0.001,31.0
47,-4.098,0.997,1.496,-0.000,-0.000,0.001,31.0
48,-4.097,0.997,1.496,-0.000,-0.001,0.001,31.0
49,-4.097,0.996,1.496,-0.000,-0.002,0.002,31.0
50,-4.096,0.996,1.496,-0.000,-0.000,0.003,31.0
51,-4.096,0.995,1.496,-0.000,0.003,0.005,31.0
52,-4.096,0.995,1.496,-0.000,0.007,0.007,31.0
53,-4.095,0.994,1.496,-0.000,0.010,0.009,31.0
54,-4.095,0.993,1.496,-0.000,0.011,0.011,31.0
55,-4.094,0.993,1.496,-0.000,0.009,0.009,31.0
56,-4.094,0.992,1.496,-0.000,0.004,0.006,31.0
57,-4.093,0.991,1.496,-0.000,-0.001,0.002,31.0
58,-4.092,0.991,1.496,-0.000,-0.004,-0.001,31.0
59,-4.092,0.990,1.496,-0.000,-0.002,-0.001,31.0
60,-4.091,0.989,1.497,-0.000,0.002,0.001,31.0
61,-4.091,0.989,1.497,-0.000,0.007,0.005,31.0
62,-4.090,0.988,1.497,-0.000,0.010,0.009,31.0
63,-4.090,0.987,1.497,-0.000,0.010,0.010,31.0
64,-4.089,0.986,1.497,-0.000,0.006,0.007,31.0
65,-4.088,0.986,1.497,-0.000,0.001,0.003,31.0
66,-4.088,0.985,1.498,-0.000,-0.002,0.000,31.0
67,-4.087,0.984,1.498,-0.000,-0.002,-0.000,31.0
68,-4.086,0.983,1.498,-0.000,0.002,0.001,31.0
69,-4.086,0.982,1.498,-0.000,0.006,0.004,31.0
70,-4.085,0.981,1.498,-0.000,0.010,0.007,31.0
71,-4.084,0.980,1.499,-0.000,0.010,0.008,31.0
72,-4.084,0.980,1.499,-0.000,0.005,0.006,31.0
73,-4.083,0.979,1.499,-0.000,0.000,0.003,31.0
74,-4.082,0.978,1.499,-0.000,-0.003,0.000,31.0
75,-4.081,0.977,1.500,-0.000,-0.002,0.000,31.0
76,-4.080,0.976,1.500,-0.000,0.002,0.001,31.0
77,-4.080,0.975,1.500,-0.000,0.007,0.004,31.0
78,-4.079,0.974,1.500,-0.000,0.010,0.007,31.0
79,-4.078,0.973,1.501,-0.000,0.010,0.008,31.0
80,-4.077,0.972,1.501,-0.000,0.005,0.006,31.0
81,-4.076,0.971,1.501,-0.000,-0.001,0.002,31.0
82,-4.075,0.970,1.502,-0.000,-0.004,0.000,31.0
83,-4.075,0.969,1.502,-0.000,-0.003,-0.000,31.0
84,-4.074,0.968,1.502,-0.000,0.001,0.001,31.0
85,-4.073,0.967,1.503,-0.000,0.006,0.003,31.0
86,-4.072,0.966,1.503,-0.000,0.010,0.007,31.0
87,-4.071,0.964,1.503,-0.000,0.010,0.007,31.0
88,-4.070,0.963,1.503,-0.000,0.005,0.005,31.0
89,-4.069,0.962,1.504,-0.000,-0.001,0.002,31.0
90,-4.068,0.961,1.504,-0.000,-0.004,0.000,31.0
91,-4.067,0.960,1.504,-0.000,-0.004,-0.000,31.0
92,-4.066,0.959,1.505,-0.000,0.001,0.001,31.0
93,-4.065,0.957,1.505,-0.000,0.006,0.003,31.0
94,-4.064,0.956,1.505,-0.000,0.010,0.006,31.0
95,-4.063,0.955,1.506,-0.000,0.118,0.090,31.0
96,-4.062,0.954,1.506,-0.000,0.186,0.143,31.0
97,-4.060,0.952,1.507,-0.000,0.177,0.133,31.0
98,-4.057,0.949,1.507,-0.000,0.103,0.071,31.0
99,-4.054,0.946,1.507,-0.000,-0.098,0.108,31.0
100,-4.051,0.943,1.507,-0.000,-0.265,0.103,31.0
101,-4.049,0.940,1.507,-0.000,-0.346,0.046,31.0
102,-4.049,0.936,1.507,-0.000,-0.276,-0.175,31.0
103,-4.049,0.933,1.507,-0.000,-0.321,-0.357,36.0
104,-4.050,0.931,1.507,-0.000,-0.303,-0.405,36.0
105,-4.053,0.931,1.507,-0.000,-0.219,-0.335,36.0
106,-4.056,0.932,1.507,-0.000,-0.108,-0.195,36.0
107,-4.059,0.933,1.507,-0.000,0.166,-0.003,36.0
108,-4.062,0.934,1.507,-0.000,0.172,0.096,36.0
109,-4.065,0.935,1.507,-0.000,0.094,0.126,36.0
110,-4.067,0.936,1.507,-0.000,-0.000,0.103,36.0
111,-4.069,0.936,1.507,-0.000,-0.074,0.050,36.0
112,-4.072,0.937,1.507,-0.000,-0.109,-0.007,36.0
113,-4.075,0.937,1.507,-0.000,-0.103,-0.049,36.0
114,-4.078,0.937,1.507,-0.000,-0.069,-0.066,36.0
115,-4.081,0.938,1.507,-0.000,-0.023,-0.060,36.0
116,-4.085,0.938,1.507,-0.000,0.018,-0.038,36.0
117,-4.088,0.939,1.507,-0.000,0.044,-0.011,36.0
118,-4.091,0.940,1.507,-0.000,0.051,0.012,36.0
119,-4.094,0.941,1.507,-0.000,0.043,0.025,36.0
120,-4.097,0.942,1.507,-0.000,0.027,0.027,36.0
121,-4.100,0.943,1.507,-0.000,0.010,0.020,36.0
122,-4.103,0.943,1.507,-0.000,-0.003,0.010,36.0
123,-4.106,0.944,1.507,-0.000,-0.007,-0.000,36.0
124,-4.109,0.945,1.507,-0.000,-0.005,-0.007,36.0
125,-4.112,0.945,1.507,-0.000,0.001,-0.009,36.0
126,-4.115,0.946,1.507,-0.000,0.009,-0.007,36.0
127,-4.118,0.947,1.507,-0.000,0.015,-0.003,36.0
128,-4.121,0.947,1.507,-0.000,0.019,0.002,36.0
129,-4.123,0.948,1.507,-0.000,0.019,0.006,36.0
130,-4.126,0.949,1.507,-0.000,0.017,0.007,36.0
131,-4.129,0.950,1.507,-0.000,0.013,0.007,36.0
132,-4.131,0.950,1.507,-0.000,0.010,0.006,36.0
133,-4.134,0.951,1.507,-0.000,0.008,0.004,36.0
134,-4.137,0.951,1.507,-0.000,0.008,0.002,36.0
135,-4.139,0.952,1.507,-0.000,0.008,0.001,36.0
136,-4.142,0.953,1.507,-0.000,0.009,0.001,36.0
137,-4.144,0.953,1.507,-0.000,0.011,0.001,36.0
138,-4.147,0.954,1.507,-0.000,0.011,0.002,36.0
139,-4.149,0.955,1.507,-0.000,0.012,0.003,36.0
140,-4.152,0.955,1.507,-0.000,0.012,0.003,36.0
141,-4.154,0.956,1.507,-0.000,0.011,0.003,36.0
142,-4.156,0.956,1.507,-0.000,0.010,0.003,36.0
143,-4.159,0.957,1.507,-0.000,0.010,0.003,36.0
144,-4.161,0.957,1.507,-0.000,0.009,0.002,36.0
145,-4.163,0.958,1.507,-0.000,0.009,0.002,36.0
146,-4.165,0.959,1.507,-0.000,0.009,0.002,36.0
147,-4.168,0.959,1.507,-0.000,0.009,0.002,36.0
148,-4.170,0.960,1.507,-0.000,0.009,0.002,36.0
149,-4.172,0.960,1.507,-0.000,0.009,0.002,36.0
150,-4.174,0.961,1.507,-0.000,0.009,0.002,36.0
151,-4.176,0.961,1.507,-0.000,0.009,0.002,36.0
152,-4.178,0.962,1.507,-0.000,0.009,0.002,36.0
153,-4.180,0.962,1.507,-0.000,0.009,0.002,36.0
154,-4.182,0.963,1.507,-0.000,0.009,0.002,36.0
155,-4.184,0.963,1.507,-0.000,0.008,0.002,36.0
156,-4.186,0.964,1.507,-0.000,0.008,0.002,36.0
157,-4.188,0.964,1.507,-0.000,0.008,0.002,36.0
158,-4.190,0.965,1.507,-0.000,0.008,0.002,36.0
159,-4.192,0.965,1.507,-0.000,0.008,0.002,36.0
160,-4.194,0.966,1.507,-0.000,0.008,0.002,36.0
161,-4.196,0.966,1.507,-0.000,0.008,0.002,36.0
162,-4.197,0.966,1.507,-0.000,0.008,0.002,36.0
163,-4.199,0.967,1.507,-0.000,0.008,0.002,36.0
164,-4.201,0.967,1.507,-0.000,0.008,0.002,36.0
165,-4.203,0.968,1.507,-0.000,0.007,0.002,36.0
166,-4.204,0.968,1.507,-0.000,0.007,0.002,36.0
167,-4.206,0.969,1.507,-0.000,0.007,0.002,36.0
168,-4.208,0.969,1.507,-0.000,0.007,0.002,36.0
169,-4.209,0.969,1.507,-0.000,0.007,0.002,36.0
170,-4.211,0.970,1.507,-0.000,0.007,0.002,36.0
171,-4.213,0.970,1.507,-0.000,0.007,0.002,36.0
172,-4.214,0.971,1.507,-0.000,0.007,0.002,36.0
173,-4.216,0.971,1.507,-0.000,0.007,0.002,36.0
174,-4.217,0.971,1.507,-0.000,0.007,0.002,36.0
175,-4.219,0.972,1.507,-0.000,0.007,0.002,36.0
176,-4.220,0.972,1.507,-0.000,0.006,0.002,36.0
177,-4.222,0.972,1.507,-0.000,0.006,0.002,36.0
178,-4.223,0.973,1.507,-0.000,0.006,0.002,36.0
179,-4.225,0.973,1.507,-0.000,0.006,0.002,36.0
180,-4.226,0.974,1.507,-0.000,0.006,0.002,36.0
181,-4.227,0.974,1.507,-0.000,0.006,0.001,36.0
182,-4.229,0.974,1.507,-0.000,0.006,0.001,36.0
183,-4.230,0.975,1.507,-0.000,0.006,0.001,36.0
184,-4.232,0.975,1.507,-0.000,0.006,0.001,36.0
185,-4.233,0.975,1.507,-0.000,0.006,0.001,36.0
186,-4.234,0.976,1.507,-0.000,0.006,0.001,36.0
187,-4.235,0.976,1.507,-0.000,0.006,0.001,36.0
188,-4.237,0.976,1.507,-0.000,0.006,0.001,36.0
189,-4.238,0.976,1.507,-0.000,0.005,0.001,36.0
190,-4.239,0.977,1.507,-0.000,0.005,0.001,36.0
191,-4.241,0.977,1.507,-0.000,0.005,0.001,36.0
192,-4.242,0.977,1.507,-0.000,0.005,0.001,36.0
193,-4.243,0.978,1.507,-0.000,0.005,0.001,36.0
194,-4.244,0.978,1.507,-0.000,0.005,0.001,36.0
195,-4.245,0.978,1.507,-0.000,0.005,0.001,36.0
196,-4.246,0.979,1.507,-0.000,0.005,0.001,36.0
197,-4.248,0.979,1.507,-0.000,0.005,0.001,36.0
198,-4.249,0.979,1.507,-0.000,0.005,0.001,36.0
199,-4.250,0.979,1.507,-0.000,0.005,0.001,36.0
200,-4.251,0.980,1.507,-0.000,0.005,0.001,36.0
201,-4.252,0.980,1.507,-0.000,0.005,0.001,36.0
202,-4.253,0.980,1.507,-0.000,0.005,0.001,36.0
203,-4.254,0.980,1.507,-0.000,0.005,0.001,36.0
204,-4.255,0.981,1.507,-0.000,0.004,0.001,36.0
205,-4.256,0.981,1.507,-0.000,0.004,0.001,36.0
206,-4.257,0.981,1.507,-0.000,0.004,0.001,36.0
207,-4.258,0.981,1.507,-0.000,0.004,0.001,36.0
208,-4.259,0.982,1.507,-0.000,0.004,0.001,36.0
209,-4.260,0.982,1.507,-0.000,0.004,0.001,36.0
210,-4.261,0.982,1.507,-0.000,0.004,0.001,36.0
211,-4.262,0.982,1.507,-0.000,0.004,0.001,36.0
212,-4.263,0.983,1.507,-0.000,0.004,0.001,36.0
213,-4.264,0.983,1.507,-0.000,0.004,0.001,36.0
214,-4.265,0.983,1.507,-0.000,0.004,0.001,36.0
215,-4.266,0.983,1.507,-0.000,0.004,0.001,36.0
216,-4.267,0.984,1.507,-0.000,0.004,0.001,36.0
217,-4.267,0.984,1.507,-0.000,0.004,0.001,36.0
218,-4.268,0.984,1.507,-0.000,0.004,0.001,36.0
219,-4.269,0.984,1.507,-0.000,0.004,0.001,36.0
220,-4.270,0.984,1.507,-0.000,0.004,0.001,36.0
221,-4.271,0.985,1.507,-0.000,0.004,0.001,36.0
222,-4.272,0.985,1.507,-0.000,0.004,0.001,36.0
223,-4.272,0.985,1.507,-0.000,0.003,0.001,36.0
224,-4.273,0.985,1.507,-0.000,0.003,0.001,36.0
225,-4.274,0.985,1.507,-0.000,0.003,0.001,36.0
226,-4.275,0.986,1.507,-0.000,0.003,0.001,36.0
227,-4.276,0.986,1.507,-0.000,0.003,0.001,36.0
228,-4.276,0.986,1.507,-0.000,0.003,0.001,36.0
229,-4.277,0.986,1.507,-0.000,0.003,0.001,36.0
230,-4.278,0.986,1.507,-0.000,0.003,0.001,36.0
231,-4.279,0.986,1.507,-0.000,0.003,0.001,36.0
232,-4.279,0.987,1.507,-0.000,0.003,0.001,36.0
233,-4.280,0.987,1.507,-0.000,0.003,0.001,36.0
234,-4.281,0.987,1.507,-0.000,0.003,0.001,36.0
235,-4.281,0.987,1.507,-0.000,0.003,0.001,36.0
236,-4.282,0.987,1.507,-0.000,0.003,0.001,36.0
237,-4.283,0.988,1.507,-0.000,0.003,0.001,36.0
238,-4.283,0.988,1.507,-0.000,0.003,0.001,36.0
239,-4.284,0.988,1.507,-0.000,0.003,0.001,36.0
240,-4.285,0.988,1.507,-0.000,0.003,0.001,36.0
241,-4.285,0.988,1.507,-0.000,0.003,0.001,36.0
242,-4.286,0.988,1.507,-0.000,0.003,0.001,36.0
243,-4.287,0.988,1.507,-0.000,0.003,0.001,36.0
244,-4.287,0.989,1.507,-0.000,0.003,0.001,36.0
245,-4.288,0.989,1.507,-0.000,0.003,0.001,36.0
246,-4.288,0.989,1.507,-0.000,0.003,0.001,36.0
247,-4.289,0.989,1.507,-0.000,0.003,0.001,36.0
248,-4.290,0.989,1.507,-0.000,0.003,0.001,36.0
249,-4.290,0.989,1.507,-0.000,0.002,0.001,36.0
250,-4.291,0.989,1.507,-0.000,0.002,0.001,36.0
251,-4.291,0.990,1.507,-0.000,0.002,0.001,36.0
252,-4.292,0.990,1.507,-0.000,0.002,0.001,36.0
253,-4.292,0.990,1.507,-0.000,0.002,0.001,36.0
254,-4.293,0.990,1.507,-0.000,0.002,0.001,36.0
255,-4.293,0.990,1.507,-0.000,0.002,0.001,36.0
256,-4.294,0.990,1.507,-0.000,0.002,0.001,36.0
257,-4.294,0.990,1.507,-0.000,0.002,0.001,36.0
258,-4.295,0.991,1.507,-0.000,0.002,0.001,36.0
259,-4.295,0.991,1.507,-0.000,0.002,0.001,36.0
260,-4.296,0.991,1.507,-0.000,0.002,0.001,36.0
261,-4.296,0.991,1.507,-0.000,0.002,0.001,36.0
262,-4.297,0.991,1.507,-0.000,0.002,0.001,36.0
263,-4.297,0.991,1.507,-0.000,0.002,0.001,36.0
264,-4.298,0.991,1.507,-0.000,0.002,0.001,36.0
265,-4.298,0.991,1.507,-0.000,0.002,0.000,36.0
266,-4.299,0.991,1.507,-0.000,0.002,0.000,36.0
267,-4.299,0.992,1.507,-0.000,0.002,0.000,36.0
268,-4.300,0.992,1.507,-0.000,0.002,0.000,36.0
269,-4.300,0.992,1.507,-0.000,0.002,0.000,36.0
270,-4.301,0.992,1.507,-0.000,0.002,0.000,36.0
271,-4.301,0.992,1.507,-0.000,0.002,0.000,36.0
272,-4.301,0.992,1.507,-0.000,0.002,0.000,36.0
273,-4.302,0.992,1.507,-0.000,0.002,0.000,36.0
274,-4.302,0.992,1.507,-0.000,0.002,0.000,36.0
275,-4.303,0.992,1.507,-0.000,0.002,0.000,36.0
276,-4.303,0.993,1.507,-0.000,0.002,0.000,36.0
277,-4.303,0.993,1.507,-0.000,0.002,0.000,36.0
278,-4.304,0.993,1.507,-0.000,0.002,0.000,36.0
279,-4.304,0.993,1.507,-0.000,0.002,0.000,36.0
280,-4.305,0.993,1.507,-0.000,0.002,0.000,36.0
281,-4.305,0.993,1.507,-0.000,0.002,0.000,36.0
282,-4.305,0.993,1.507,-0.000,0.002,0.000,36.0
283,-4.306,0.993,1.507,-0.000,0.002,0.000,36.0
284,-4.306,0.993,1.507,-0.000,0.002,0.000,36.0
285,-4.306,0.993,1.507,-0.000,0.002,0.000,36.0
286,-4.307,0.993,1.507,-0.000,0.002,0.000,36.0
287,-4.307,0.994,1.507,-0.000,0.001,0.000,36.0
288,-4.307,0.994,1.507,-0.000,0.001,0.000,36.0
289,-4.308,0.994,1.507,-0.000,0.001,0.000,36.0
290,-4.308,0.994,1.507,-0.000,0.001,0.000,36.0
291,-4.308,0.994,1.507,-0.000,0.001,0.000,36.0
292,-4.309,0.994,1.507,-0.000,0.001,0.000,36.0
293,-4.309,0.994,1.507,-0.000,0.001,0.000,36.0
294,-4.309,0.994,1.507,-0.000,0.001,0.000,36.0
295,-4.310,0.994,1.507,-0.000,0.001,0.000,36.0
296,-4.310,0.994,1.507,-0.000,0.001,0.000,36.0
297,-4.310,0.994,1.507,-0.000,0.001,0.000,36.0
298,-4.311,0.994,1.507,-0.000,0.001,0.000,36.0
299,-4.311,0.994,1.507,-0.000,0.001,0.000,36.0
300,-4.311,0.995,1.507,-0.000,0.001,0.000,36.0
301,-4.312,0.995,1.507,-0.000,0.001,0.000,36.0
302,-4.312,0.995,1.507,-0.000,0.001,0.000,36.0
303,-4.312,0.995,1.507,-0.000,0.001,0.000,36.0
304,-4.312,0.995,1.507,-0.000,0.001,0.000,36.0
305,-4.313,0.995,1.507,-0.000,0.001,0.000,36.0
306,-4.313,0.995,1.507,-0.000,0.001,0.000,36.0
307,-4.313,0.995,1.507,-0.000,0.001,0.000,36.0
308,-4.313,0.995,1.507,-0.000,0.001,0.000,36.0
309,-4.314,0.995,1.507,-0.000,0.001,0.000,36.0
310,-4.314,0.995,1.507,-0.000,0.001,0.000,36.0
311,-4.314,0.995,1.507,-0.000,0.001,0.000,36.0
312,-4.314,0.995,1.507,-0.000,0.001,0.000,36.0
313,-4.315,0.995,1.507,-0.000,0.001,0.000,36.0
314,-4.315,0.995,1.507,-0.000,0.001,0.000,36.0
315,-4.315,0.996,1.507,-0.000,0.001,0.000,36.0
316,-4.315,0.996,1.507,-0.000,0.001,0.000,36.0
317,-4.316,0.996,1.507,-0.000,0.001,0.000,36.0
318,-4.316,0.996,1.507,-0.000,0.001,0.000,36.0
319,-4.316,0.996,1.507,-0.000,0.001,0.000,36.0
320,-4.316,0.996,1.507,-0.000,0.001,0.000,36.0
321,-4.317,0.996,1.507,-0.000,0.001,0.000,36.0
322,-4.317,0.996,1.507,-0.000,0.001,0.000,36.0
323,-4.317,0.996,1.507,-0.000,0.001,0.000,36.0
324,-4.317,0.996,1.507,-0.000,0.001,0.000,36.0
325,-4.317,0.996,1.507,-0.000,0.001,0.000,36.0
326,-4.318,0.996,1.507,-0.000,0.001,0.000,36.0
327,-4.318,0.996,1.507,-0.000,0.001,0.000,36.0
328,-4.318,0.996,1.507,-0.000,0.001,0.000,36.0
329,-4.318,0.996,1.507,-0.000,0.001,0.000,36.0
330,-4.318,0.996,1.507,-0.000,0.001,0.000,36.0
331,-4.319,0.996,1.507,-0.000,0.001,0.000,36.0
332,-4.319,0.996,1.507,-0.000,0.001,0.000,36.0
333,-4.319,0.996,1.507,-0.000,0.001,0.000,36.0
334,-4.319,0.997,1.507,-0.000,0.001,0.000,36.0
335,-4.319,0.997,1.507,-0.000,0.001,0.000,36.0
336,-4.320,0.997,1.507,-0.000,0.001,0.000,36.0
337,-4.320,0.997,1.507,-0.000,0.001,0.000,36.0
338,-4.320,0.997,1.507,-0.000,0.001,0.000,36.0
339,-4.320,0.997,1.507,-0.000,0.001,0.000,36.0
340,-4.320,0.997,1.507,-0.000,0.001,0.000,36.0
341,-4.320,0.997,1.507,-0.000,0.001,0.000,36.0
342,-4.321,0.997,1.507,-0.000,0.001,0.000,36.0
343,-4.321,0.997,1.507,-0.000,0.001,0.000,36.0
344,-4.321,0.997,1.507,-0.000,0.001,0.000,36.0
345,-4.321,0.997,1.507,-0.000,0.001,0.000,30.0
346,-4.321,0.997,1.507,-0.000,0.001,0.000,30.0
347,-4.321,0.997,1.507,-0.000,0.001,0.000,30.0
348,-4.322,0.997,1.507,-0.000,0.001,0.000,30.0
349,-4.322,0.997,1.507,-0.000,0.001,0.000,30.0
350,-4.322,0.997,1.507,-0.000,0.001,0.000,30.0
351,-4.322,0.997,1.507,-0.000,0.001,0.000,30.0
352,-4.322,0.997,1.507,-0.000,0.001,0.000,30.0
353,-4.322,0.997,1.507,-0.000,0.001,0.000,30.0
354,-4.322,0.997,1.507,-0.000,0.001,0.000,30.0
355,-4.323,0.997,1.507,-0.000,0.001,0.000,30.0
356,-4.323,0.997,1.507,-0.000,0.001,0.000,30.0
357,-4.323,0.997,1.507,-0.000,0.007,0.002,30.0
358,-4.323,0.997,1.507,-0.000,0.011,0.003,30.0
359,-4.323,0.997,1.507,-0.000,0.012,0.003,30.0
360,-4.323,0.997,1.507,-0.000,0.002,0.001,30.0
361,-4.323,0.997,1.507,-0.000,-0.006,-0.001,30.0
362,-4.323,0.998,1.507,-0.000,-0.010,-0.003,30.0
363,-4.323,0.998,1.507,-0.000,-0.011,-0.003,30.0
364,-4.323,0.998,1.507,-0.000,-0.008,-0.002,30.0
365,-4.324,0.998,1.507,-0.000,-0.003,-0.001,30.0
366,-4.324,0.998,1.507,-0.000,0.001,0.000,30.0
367,-4.324,0.998,1.507,-0.000,0.010,0.002,30.0
368,-4.324,0.998,1.507,-0.000,0.014,0.004,30.0
369,-4.324,0.998,1.507,-0.000,0.014,0.003,30.0
370,-4.324,0.998,1.507,-0.000,0.010,0.002,30.0
371,-4.324,0.998,1.507,-0.000,0.004,0.001,30.0
372,-4.324,0.998,1.507,-0.000,-0.001,-0.000,30.0
373,-4.324,0.998,1.507,-0.000,-0.004,-0.001,30.0
374,-4.324,0.998,1.507,-0.000,-0.005,-0.001,30.0
375,-4.324,0.998,1.507,-0.000,-0.004,-0.001,30.0
376,-4.324,0.998,1.507,-0.000,-0.002,-0.000,30.0
377,-4.324,0.998,1.507,-0.000,0.000,0.000,30.0
378,-4.324,0.998,1.507,-0.000,0.002,0.000,30.0
379,-4.324,0.998,1.507,-0.000,0.002,0.001,30.0
380,-4.324,0.998,1.507,-0.000,0.002,0.001,30.0
381,-4.324,0.998,1.507,-0.000,0.001,0.000,30.0
382,-4.324,0.998,1.507,-0.000,0.000,0.000,30.0
383,-4.324,0.998,1.507,-0.000,-0.000,-0.000,30.0
384,-4.324,0.998,1.507,-0.000,-0.001,-0.000,30.0
385,-4.324,0.998,1.507,-0.000,-0.001,-0.000,30.0
386,-4.324,0.998,1.507,-0.000,-0.005,-0.007,36.0
387,-4.324,0.998,1.507,-0.000,-0.006,-0.014,36.0
388,-4.324,0.998,1.507,-0.000,-0.004,-0.018,36.0
389,-4.324,0.998,1.507,-0.000,-0.001,-0.020,36.0
390,-4.324,0.998,1.507,-0.000,0.003,-0.019,36.0
391,-4.324,0.998,1.507,-0.000,0.005,0.003,36.0
392,-4.324,0.999,1.507,-0.000,0.006,0.021,36.0
393,-4.324,0.999,1.507,-0.000,0.004,0.028,36.0
394,-4.324,0.999,1.507,-0.000,0.002,0.026,36.0
395,-4.324,0.999,1.507,-0.000,-0.004,0.011,36.0
396,-4.324,0.999,1.507,-0.000,-0.007,-0.007,36.0
397,-4.324,0.999,1.507,-0.000,-0.006,-0.021,36.0
398,-4.324,0.999,1.507,-0.000,-0.003,-0.028,36.0
399,-4.324,0.999,1.507,-0.000,0.001,-0.029,36.0
400,-4.324,0.999,1.507,-0.000,0.005,-0.024,36.0
401,-4.324,1.000,1.507,-0.000,0.008,-0.017,36.0
402,-4.325,1.000,1.507,-0.000,0.008,-0.011,36.0
403,-4.324,1.001,1.507,-0.000,0.008,-0.007,36.0
404,-4.324,1.001,1.507,-0.000,0.006,-0.006,36.0
405,-4.324,1.002,1.507,-0.000,0.005,-0.007,36.0
406,-4.324,1.002,1.507,-0.000,0.003,-0.010,36.0
407,-4.324,1.003,1.507,-0.000,0.003,-0.013,36.0
408,-4.324,1.003,1.507,-0.000,0.002,-0.012,36.0
409,-4.324,1.004,1.507,-0.000,0.002,-0.010,36.0
410,-4.324,1.005,1.507,-0.000,0.001,-0.006,36.0
411,-4.324,1.005,1.507,-0.000,0.001,-0.002,36.0
412,-4.324,1.006,1.507,-0.000,0.003,-0.001,36.0
413,-4.323,1.007,1.507,-0.000,0.004,-0.001,36.0
414,-4.323,1.007,1.507,-0.000,0.005,-0.002,36.0
415,-4.323,1.008,1.507,-0.000,-0.011,0.039,36.0
416,-4.323,1.009,1.507,-0.000,-0.024,0.068,36.0
417,-4.323,1.009,1.507,-0.000,-0.027,0.072,36.0
418,-4.323,1.009,1.507,-0.000,-0.023,0.057,36.0
419,-4.323,1.009,1.507,-0.000,-0.013,0.032,36.0
420,-4.323,1.009,1.507,-0.000,-0.003,0.006,36.0
421,-4.323,1.009,1.507,-0.000,0.004,-0.012,36.0
422,-4.324,1.009,1.507,-0.000,0.008,-0.021,36.0
423,-4.324,1.008,1.507,-0.000,0.009,-0.019,36.0
424,-4.324,1.008,1.507,-0.000,0.006,-0.012,36.0
425,-4.324,1.008,1.507,-0.000,0.002,-0.002,36.0
426,-4.324,1.008,1.507,-0.000,-0.002,0.006,36.0
427,-4.324,1.008,1.507,-0.000,-0.004,0.011,36.0
428,-4.324,1.008,1.507,-0.000,-0.005,0.011,36.0
429,-4.324,1.008,1.507,-0.000,-0.003,0.008,36.0
430,-4.324,1.008,1.507,-0.000,-0.001,0.003,36.0
431,-4.324,1.008,1.507,-0.000,0.000,-0.001,36.0
432,-4.325,1.008,1.507,-0.000,0.002,-0.004,36.0
433,-4.325,1.008,1.507,-0.000,0.002,-0.004,36.0
434,-4.325,1.008,1.507,-0.000,0.002,-0.004,36.0
435,-4.325,1.008,1.507,-0.000,0.001,-0.002,36.0
436,-4.325,1.007,1.507,-0.000,0.001,-0.000,36.0
437,-4.325,1.007,1.507,-0.000,-0.000,0.001,36.0
438,-4.325,1.007,1.507,-0.000,-0.000,0.002,36.0
439,-4.325,1.007,1.507,-0.000,-0.000,0.001,36.0
440,-4.325,1.007,1.507,-0.000,-0.000,0.001,36.0
441,-4.326,1.007,1.507,-0.000,0.000,0.000,36.0
442,-4.326,1.007,1.507,-0.000,0.001,-0.001,36.0
443,-4.326,1.007,1.507,-0.000,0.001,-0.001,36.0
444,-4.326,1.007,1.507,-0.000,0.001,-0.001,36.0
445,-4.326,1.007,1.507,-0.000,0.001,-0.001,36.0
446,-4.326,1.007,1.507,-0.000,0.005,-0.005,36.0
447,-4.326,1.006,1.507,-0.000,0.008,-0.007,36.0
448,-4.326,1.006,1.507,-0.000,0.008,-0.007,36.0
449,-4.326,1.006,1.507,-0.000,0.006,-0.005,36.0
450,-4.326,1.006,1.507,-0.000,0.003,-0.003,36.0
451,-4.326,1.006,1.507,-0.000,0.000,-0.000,36.0
452,-4.326,1.006,1.507,-0.000,-0.002,0.001,36.0
453,-4.326,1.006,1.507,-0.000,-0.002,0.002,36.0
454,-4.326,1.006,1.507,-0.000,-0.002,0.002,36.0
455,-4.326,1.006,1.507,-0.000,-0.001,0.001,36.0
456,-4.326,1.006,1.507,-0.000,0.000,-0.000,36.0
457,-4.326,1.006,1.507,-0.000,0.001,-0.001,36.0
458,-4.326,1.006,1.507,-0.000,0.001,-0.001,36.0
459,-4.326,1.006,1.507,-0.000,0.001,-0.001,36.0
460,-4.326,1.006,1.507,-0.000,0.001,-0.001,36.0
461,-4.326,1.006,1.507,-0.000,0.000,-0.000,36.0
462,-4.326,1.006,1.507,-0.000,-0.000,0.000,36.0
463,-4.326,1.006,1.507,-0.000,-0.000,0.000,36.0
464,-4.326,1.006,1.507,-0.000,-0.000,0.000,36.0
465,-4.326,1.006,1.507,-0.000,-0.000,0.000,36.0
466,-4.326,1.006,1.507,-0.000,-0.000,0.000,36.0
467,-4.326,1.006,1.507,-0.000,0.000,-0.000,36.0
468,-4.326,1.006,1.507,-0.000,0.000,-0.000,36.0
469,-4.326,1.006,1.507,-0.000,0.000,-0.000,36.0
470,-4.326,1.006,1.507,-0.000,0.000,-0.000,36.0
471,-4.326,1.006,1.507,-0.000,0.000,-0.000,36.0
472,-4.326,1.006,1.507,-0.000,0.000,-0.000,36.0
473,-4.326,1.006,1.507,-0.000,-0.000,0.000,36.0
474,-4.326,1.006,1.507,-0.000,-0.000,0.000,36.0
475,-4.326,1.006,1.507,-0.000,-0.000,0.000,36.0
476,-4.326,1.006,1.507,-0.000,-0.000,0.000,36.0
477,-4.326,1.006,1.507,-0.000,-0.000,0.000,36.0
478,-4.326,1.006,1.507,-0.000,0.000,-0.000,36.0
479,-4.326,1.006,1.507,-0.000,0.000,-0.000,36.0
480,-4.326,1.006,1.507,-0.000,0.000,-0.000,36.0
481,-4.326,1.006,1.507,-0.000,0.000,-0.000,36.0
482,-4.326,1.006,1.507,-0.000,0.000,-0.000,36.0
483,-4.326,1.006,1.507,-0.000,-0.000,0.000,36.0
484,-4.326,1.006,1.507,-0.000,-0.000,0.000,36.0
485,-4.326,1.006,1.507,-0.000,-0.000,0.000,36.0
486,-4.326,1.006,1.507,-0.000,-0.000,0.000,36.0
487,-4.326,1.006,1.507,-0.000,-0.000,0.000,36.0
488,-4.326,1.006,1.507,-0.000,-0.000,0.000,36.0
489,-4.326,1.006,1.507,-0.000,0.000,-0.000,36.0
490,-4.326,1.006,1.507,-0.000,0.000,-0.000,36.0
491,-4.326,1.006,1.507,-0.000,0.000,-0.000,36.0
492,-4.326,1.006,1.507,-0.000,0.000,-0.000,36.0
493,-4.326,1.006,1.507,-0.000,0.000,-0.000,36.0
494,-4.326,1.006,1.507,-0.000,-0.000,0.000,36.0
495,-4.326,1.006,1.507,-0.000,-0.000,0.000,36.0
496,-4.326,1.006,1.507,-0.000,-0.000,0.000,36.0
497,-4.326,1.006,1.507,-0.000,-0.000,0.000,36.0
498,-4.326,1.006,1.507,-0.000,-0.000,0.000,36.0
499,-4.326,1.006,1.507,-0.000,0.000,-0.000,36.0
500,-4.326,1.006,1.507,-0.000,0.000,-0.000,36.0
501,-4.326,1.006,1.507,-0.000,0.000,-0.000,36.0
502,-4.326,1.006,1.507,-0.000,0.000,-0.000,36.0
503,-4.326,1.006,1.507,-0.000,0.000,-0.000,36.0
504,-4.326,1.006,1.507,-0.000,0.000,-0.000,36.0
505,-4.326,1.006,1.507,-0.000,-0.000,0.000,36.0
506,-4.326,1.006,1.507,-0.000,-0.000,0.000,36.0
507,-4.326,1.006,1.507,-0.000,-0.000,0.000,36.0
508,-4.326,1.006,1.507,-0.000,-0.000,0.000,36.0
509,-4.326,1.006,1.507,-0.000,-0.000,0.000,36.0
510,-4.326,1.006,1.507,-0.000,0.000,-0.000,36.0
511,-4.326,1.006,1.507,-0.000,0.000,-0.000,36.0
512,-4.326,1.006,1.507,-0.000,0.000,-0.000,36.0
513,-4.326,1.006,1.507,-0.000,0.000,-0.000,36.0
514,-4.326,1.006,1.507,-0.000,0.000,-0.000,36.0
515,-4.326,1.006,1.507,-0.000,-0.000,0.000,36.0
516,-4.326,1.006,1.507,-0.000,-0.000,0.000,36.0
517,-4.326,1.006,1.507,-0.000,-0.000,0.000,36.0
518,-4.326,1.006,1.507,-0.000,-0.000,0.000,36.0
519,-4.326,1.006,1.507,-0.000,-0.000,0.000,36.0
520,-4.326,1.006,1.507,-0.000,-0.000,0.000,36.0
521,-4.326,1.006,1.507,-0.000,0.000,-0.000,36.0
522,-4.326,1.006,1.507,-0.000,0.000,-0.000,36.0
523,-4.326,1.006,1.507,-0.000,0.000,-0.000,36.0
524,-4.326,1.006,1.507,-0.000,0.000,-0.000,36.0
525,-4.326,1.006,1.507,-0.000,0.000,-0.000,36.0
526,-4.326,1.006,1.507,-0.000,-0.000,0.000,36.0
527,-4.326,1.006,1.507,-0.000,-0.000,0.000,36.0
528,-4.326,1.006,1.507,-0.000,-0.000,0.000,36.0
529,-4.326,1.006,1.507,-0.000,-0.000,0.000,36.0
530,-4.326,1.006,1.507,-0.000,-0.000,0.000,36.0
531,-4.326,1.006,1.507,-0.000,0.000,-0.000,36.0
532,-4.326,1.006,1.507,-0.000,0.000,-0.000,36.0
533,-4.326,1.006,1.507,-0.000,0.000,-0.000,36.0
534,-4.326,1.006,1.507,-0.000,0.000,-0.000,36.0
535,-4.326,1.006,1.507,-0.000,0.000,-0.000,36.0
536,-4.326,1.006,1.507,-0.000,0.000,-0.000,36.0
537,-4.326,1.006,1.507,-0.000,-0.000,0.000,36.0
538,-4.326,1.006,1.507,-0.000,-0.000,0.000,36.0
539,-4.326,1.006,1.507,-0.000,-0.000,0.000,36.0
540,-4.326,1.006,1.507,-0.000,-0.000,0.000,36.0
541,-4.326,1.006,1.507,-0.000,-0.000,0.000,36.0
542,-4.326,1.006,1.507,-0.000,0.000,-0.000,36.0
543,-4.326,1.006,1.507,-0.000,0.000,-0.000,36.0
544,-4.326,1.006,1.507,-0.000,0.000,-0.000,36.0
545,-4.326,1.006,1.507,-0.000,0.000,-0.000,36.0
546,-4.326,1.006,1.507,-0.000,0.000,-0.000,36.0
547,-4.326,1.006,1.507,-0.000,-0.000,0.000,36.0
548,-4.326,1.006,1.507,-0.000,-0.000,0.000,36.0
549,-4.326,1.006,1.507,-0.000,-0.000,0.000,36.0
550,-4.326,1.006,1.507,-0.000,-0.000,0.000,36.0
551,-4.326,1.006,1.507,-0.000,-0.000,0.000,36.0
552,-4.326,1.006,1.507,-0.000,-0.000,0.000,36.0
553,-4.326,1.006,1.507,-0.000,0.000,-0.000,36.0
554,-4.326,1.006,1.507,-0.000,0.000,-0.000,36.0
555,-4.326,1.006,1.507,-0.000,0.000,-0.000,36.0
556,-4.326,1.006,1.507,-0.000,0.000,-0.000,36.0
557,-4.326,1.006,1.507,-0.000,0.000,-0.000,36.0
558,-4.326,1.006,1.507,-0.000,-0.000,0.000,36.0
559,-4.326,1.006,1.507,-0.000,-0.000,0.000,36.0
560,-4.326,1.006,1.507,-0.000,-0.000,0.000,36.0
561,-4.326,1.006,1.507,-0.000,-0.000,0.000,36.0
562,-4.326,1.006,1.507,-0.000,-0.000,0.000,36.0
563,-4.326,1.006,1.507,-0.000,0.000,-0.000,36.0
564,-4.326,1.006,1.507,-0.000,0.000,-0.000,36.0
565,-4.326,1.006,1.507,-0.000,0.000,-0.000,36.0
566,-4.326,1.006,1.507,-0.000,0.000,-0.000,36.0
567,-4.326,1.006,1.507,-0.000,0.000,-0.000,36.0
568,-4.326,1.006,1.507,-0.000,0.000,-0.000,36.0
569,-4.326,1.006,1.507,-0.000,-0.000,0.000,36.0
570,-4.326,1.006,1.507,-0.000,-0.000,0.000,36.0
571,-4.326,1.006,1.507,-0.000,-0.000,0.000,36.0
572,-4.326,1.006,1.507,-0.000,-0.000,0.000,36.0
573,-4.326,1.006,1.507,-0.000,-0.000,0.000,36.0
574,-4.326,1.006,1.507,-0.000,0.000,-0.000,36.0
575,-4.326,1.006,1.507,-0.000,0.000,-0.000,36.0
576,-4.326,1.006,1.507,-0.000,0.000,-0.000,36.0
577,-4.326,1.006,1.507,-0.000,0.000,-0.000,36.0
578,-4.326,1.006,1.507,-0.000,0.000,-0.000,36.0
579,-4.326,1.006,1.507,-0.000,-0.000,0.000,36.0
580,-4.326,1.006,1.507,-0.000,-0.000,0.000,36.0
581,-4.326,1.006,1.507,-0.000,-0.000,0.000,36.0
582,-4.326,1.006,1.507,-0.000,-0.000,0.000,36.0
583,-4.326,1.006,1.507,-0.000,-0.000,0.000,36.0
584,-4.326,1.006,1.507,-0.000,-0.000,0.000,36.0
585,-4.326,1.006,1.507,-0.000,0.000,-0.000,36.0
586,-4.326,1.006,1.507,-0.000,0.000,-0.000,36.0
587,-4.326,1.006,1.507,-0.000,0.000,-0.000,36.0
588,-4.326,1.006,1.507,-0.000,0.000,-0.000,36.0
589,-4.326,1.006,1.507,-0.000,0.000,-0.000,36.0
590,-4.326,1.006,1.507,-0.000,-0.000,0.000,36.0
591,-4.326,1.006,1.507,-0.000,-0.000,0.000,36.0
592,-4.326,1.006,1.507,-0.000,-0.000,0.000,36.0
593,-4.326,1.006,1.507,-0.000,-0.000,0.000,36.0
594,-4.326,1.006,1.507,-0.000,-0.000,0.000,36.0
595,-4.326,1.006,1.507,-0.000,0.000,-0.000,36.0
596,-4.326,1.006,1.507,-0.000,0.000,-0.000,36.0
597,-4.326,1.006,1.507,-0.000,0.000,-0.000,36.0
598,-4.326,1.006,1.507,-0.000,0.000,-0.000,36.0
599,-4.326,1.006,1.507,-0.000,0.000,-0.000,36.0
600,-4.326,1.006,1.507,-0.000,0.000,-0.000,36.0
601,-4.326,1.006,1.507,-0.000,-0.000,0.000,36.0
602,-4.326,1.006,1.507,-0.000,-0.000,0.000,36.0
603,-4.326,1.006,1.507,-0.000,-0.000,0.000,36.0
604,-4.326,1.006,1.507,-0.000,-0.000,0.000,36.0
605,-4.326,1.006,1.507,-0.000,-0.000,0.000,36.0
606,-4.326,1.006,1.507,-0.000,-0.000,0.000,36.0
607,-4.326,1.006,1.507,-0.000,-0.000,0.000,36.0
608,-4.326,1.006,1.507,-0.000,-0.000,-0.000,36.0
609,-4.326,1.006,1.507,-0.000,0.000,-0.000,36.0
610,-4.326,1.006,1.507,-0.000,0.000,-0.000,36.0
611,-4.326,1.006,1.507,-0.000,0.000,-0.000,36.0
612,-4.326,1.006,1.507,-0.000,0.000,-0.000,36.0
613,-4.326,1.006,1.507,-0.000,0.000,-0.000,36.0
614,-4.326,1.006,1.507,-0.000,0.000,-0.000,36.0
615,-4.326,1.006,1.507,-0.000,0.000,-0.000,36.0
616,-4.326,1.006,1.507,-0.000,0.000,-0.000,36.0
617,-4.326,1.006,1.507,-0.000,0.000,-0.000,36.0
618,-4.326,1.006,1.507,-0.000,0.000,-0.000,36.0
619,-4.326,1.006,1.507,-0.000,-0.000,-0.000,36.0
620,-4.326,1.006,1.507,-0.000,-0.000,-0.000,36.0
621,-4.326,1.006,1.507,-0.000,-0.000,0.000,36.0
622,-4.326,1.006,1.507,-0.000,-0.000,0.000,36.0
623,-4.326,1.006,1.507,-0.000,-0.000,0.000,36.0
624,-4.326,1.006,1.507,-0.000,-0.000,0.000,36.0
625,-4.326,1.006,1.507,-0.000,-0.000,0.000,36.0
626,-4.326,1.006,1.507,-0.000,-0.000,0.000,36.0
627,-4.326,1.006,1.507,-0.000,-0.000,0.000,36.0
628,-4.326,1.006,1.507,-0.000,-0.000,0.000,36.0
629,-4.326,1.006,1.507,-0.000,-0.000,0.000,36.0
630,-4.326,1.006,1.507,-0.000,-0.000,0.000,36.0
631,-4.326,1.006,1.507,-0.000,-0.000,0.000,36.0
632,-4.326,1.006,1.507,-0.000,-0.000,0.000,36.0
633,-4.326,1.006,1.507,-0.000,0.000,0.000,36.0
634,-4.326,1.006,1.507,-0.000,0.000,0.000,36.0
635,-4.326,1.006,1.507,-0.000,0.000,0.000,36.0
636,-4.326,1.006,1.507,-0.000,0.000,0.000,36.0
637,-4.326,1.006,1.507,-0.000,0.000,0.000,36.0
638,-4.326,1.006,1.507,-0.000,0.000,-0.000,36.0
639,-4.326,1.006,1.507,-0.000,0.000,-0.000,36.0
640,-4.326,1.006,1.507,-0.000,0.000,-0.000,36.0
641,-4.326,1.006,1.507,-0.000,0.000,-0.000,36.0
642,-4.326,1.006,1.507,-0.000,0.000,-0.000,36.0
643,-4.326,1.006,1.507,-0.000,0.000,-0.000,36.0
644,-4.326,1.006,1.507,-0.000,0.000,-0.000,36.0
645,-4.326,1.006,1.507,-0.000,0.000,-0.000,36.0
646,-4.326,1.006,1.507,-0.000,0.000,-0.000,36.0
647,-4.326,1.006,1.507,-0.000,-0.000,-0.000,36.0
648,-4.326,1.006,1.507,-0.000,-0.000,-0.000,36.0
649,-4.326,1.006,1.507,-0.000,-0.000,-0.000,36.0
650,-4.326,1.006,1.507,-0.000,-0.000,-0.000,36.0
651,-4.326,1.006,1.507,-0.000,-0.000,-0.000,36.0
652,-4.326,1.006,1.507,-0.000,-0.000,0.000,36.0
653,-4.326,1.006,1.507,-0.000,-0.000,0.000,36.0
654,-4.326,1.006,1.507,-0.000,-0.000,0.000,36.0
655,-4.326,1.006,1.507,-0.000,-0.000,0.000,36.0
656,-4.326,1.006,1.507,-0.000,-0.000,0.000,36.0
657,-4.326,1.006,1.507,-0.000,-0.000,0.000,36.0
658,-4.326,1.006,1.507,-0.000,-0.000,0.000,36.0
659,-4.326,1.006,1.507,-0.000,-0.000,0.000,36.0
660,-4.326,1.006,1.507,-0.000,-0.000,0.000,36.0
661,-4.326,1.006,1.507,-0.000,0.000,0.000,36.0
662,-4.326,1.006,1.507,-0.000,0.000,0.000,36.0
663,-4.326,1.006,1.507,-0.000,0.000,0.000,36.0
664,-4.326,1.006,1.507,-0.000,0.000,0.000,36.0
665,-4.326,1.006,1.507,-0.000,0.000,0.000,36.0
666,-4.326,1.006,1.507,-0.000,0.000,-0.000,36.0
667,-4.326,1.006,1.507,-0.000,0.000,-0.000,36.0
668,-4.326,1.006,1.507,-0.000,0.000,-0.000,36.0
669,-4.326,1.006,1.507,-0.000,0.000,-0.000,36.0
670,-4.326,1.006,1.507,-0.000,0.000,-0.000,36.0
671,-4.326,1.006,1.507,-0.000,0.000,-0.000,36.0
672,-4.326,1.006,1.507,-0.000,0.000,-0.000,36.0
673,-4.326,1.006,1.507,-0.000,0.000,-0.000,36.0
674,-4.326,1.006,1.507,-0.000,0.000,-0.000,36.0
675,-4.326,1.006,1.507,-0.000,-0.000,-0.000,36.0
676,-4.326,1.006,1.507,-0.000,-0.000,-0.000,36.0
677,-4.326,1.006,1.507,-0.000,-0.000,-0.000,36.0
678,-4.326,1.006,1.507,-0.000,-0.000,-0.000,36.0
679,-4.326,1.006,1.507,-0.000,-0.000,-0.000,36.0
680,-4.326,1.006,1.507,-0.000,-0.000,-0.000,36.0
681,-4.326,1.006,1.507,-0.000,-0.000,0.000,36.0
682,-4.326,1.006,1.507,-0.000,-0.000,0.000,36.0
683,-4.326,1.006,1.507,-0.000,-0.000,0.000,36.0
684,-4.326,1.006,1.507,-0.000,-0.000,0.000,36.0
685,-4.326,1.006,1.507,-0.000,-0.000,0.000,36.0
686,-4.326,1.006,1.507,-0.000,-0.000,0.000,36.0
687,-4.326,1.006,1.507,-0.000,-0.000,0.000,36.0
688,-4.326,1.006,1.507,-0.000,-0.000,0.000,36.0
689,-4.326,1.006,1.507,-0.000,0.000,0.000,36.0
690,-4.326,1.006,1.507,-0.000,0.000,0.000,36.0
691,-4.326,1.006,1.507,-0.000,0.000,0.000,36.0
692,-4.326,1.006,1.507,-0.000,0.000,0.000,36.0
693,-4.326,1.006,1.507,-0.000,0.000,0.000,36.0
694,-4.326,1.006,1.507,-0.000,0.000,0.000,36.0
695,-4.326,1.006,1.507,-0.000,0.000,-0.000,36.0
696,-4.326,1.006,1.507,-0.000,0.000,-0.000,36.0
697,-4.326,1.006,1.507,-0.000,0.000,-0.000,36.0
698,-4.326,1.006,1.507,-0.000,0.000,-0.000,36.0
699,-4.326,1.006,1.507,-0.000,0.000,-0.000,36.0
700,-4.326,1.006,1.507,-0.000,0.000,-0.000,36.0
701,-4.326,1.006,1.507,-0.000,0.000,-0.000,36.0
702,-4.326,1.006,1.507,-0.000,0.000,-0.000,36.0
703,-4.326,1.006,1.507,-0.000,-0.000,-0.000,36.0
704,-4.326,1.006,1.507,-0.000,-0.000,-0.000,36.0
705,-4.326,1.006,1.507,-0.000,-0.000,-0.000,36.0
706,-4.326,1.006,1.507,-0.000,-0.000,-0.000,36.0
707,-4.326,1.006,1.507,-0.000,-0.000,-0.000,36.0
708,-4.326,1.006,1.507,-0.000,-0.000,-0.000,36.0
709,-4.326,1.006,1.507,-0.000,-0.000,0.000,36.0
710,-4.326,1.006,1.507,-0.000,-0.000,0.000,36.0
711,-4.326,1.006,1.507,-0.000,-0.000,0.000,36.0
712,-4.326,1.006,1.507,-0.000,-0.000,0.000,36.0
713,-4.326,1.006,1.507,-0.000,-0.000,0.000,36.0
714,-4.326,1.006,1.507,-0.000,-0.000,0.000,36.0
715,-4.326,1.006,1.507,-0.000,-0.000,0.000,36.0
716,-4.326,1.006,1.507,-0.000,-0.000,0.000,36.0
717,-4.326,1.006,1.507,-0.000,0.000,0.000,36.0
718,-4.326,1.006,1.507,-0.000,0.000,0.000,36.0
719,-4.326,1.006,1.507,-0.000,0.000,0.000,36.0
720,-4.326,1.006,1.507,-0.000,0.000,0.000,36.0
721,-4.326,1.006,1.507,-0.000,0.000,0.000,36.0
722,-4.326,1.006,1.507,-0.000,0.000,0.000,36.0
723,-4.326,1.006,1.507,-0.000,0.000,-0.000,36.0
724,-4.326,1.006,1.507,-0.000,0.000,-0.000,36.0
725,-4.326,1.006,1.507,-0.000,0.000,-0.000,36.0
726,-4.326,1.006,1.507,-0.000,0.000,-0.000,36.0
727,-4.326,1.006,1.507,-0.000,0.000,-0.000,36.0
728,-4.326,1.006,1.507,-0.000,0.000,-0.000,36.0
729,-4.326,1.006,1.507,-0.000,0.000,-0.000,36.0
730,-4.326,1.006,1.507,-0.000,0.000,-0.000,36.0
731,-4.326,1.006,1.507,-0.000,0.000,-0.000,36.0
732,-4.326,1.006,1.507,-0.000,-0.000,-0.000,36.0
733,-4.326,1.006,1.507,-0.000,-0.000,-0.000,36.0
734,-4.326,1.006,1.507,-0.000,-0.000,-0.000,36.0
735,-4.326,1.006,1.507,-0.000,-0.000,-0.000,36.0
736,-4.326,1.006,1.507,-0.000,-0.000,-0.000,36.0
737,-4.326,1.006,1.507,-0.000,-0.000,0.000,36.0
738,-4.326,1.006,1.507,-0.000,-0.000,0.000,36.0
739,-4.326,1.006,1.507,-0.000,-0.000,0.000,36.0
740,-4.326,1.006,1.507,-0.000,-0.000,0.000,36.0
741,-4.326,1.006,1.507,-0.000,-0.000,0.000,36.0
742,-4.326,1.006,1.507,-0.000,-0.000,0.000,36.0
743,-4.326,1.006,1.507,-0.000,-0.000,0.000,36.0
744,-4.326,1.006,1.507,-0.000,-0.000,0.000,36.0
745,-4.326,1.006,1.507,-0.000,0.000,0.000,36.0
746,-4.326,1.006,1.507,-0.000,0.000,0.000,36.0
747,-4.326,1.006,1.507,-0.000,0.000,0.000,36.0
748,-4.326,1.006,1.507,-0.000,0.000,0.000,36.0
749,-4.326,1.006,1.507,-0.000,0.000,0.000,36.0
750,-4.326,1.006,1.507,-0.000,0.000,0.000,36.0
751,-4.326,1.006,1.507,-0.000,0.000,-0.000,36.0
752,-4.326,1.006,1.507,-0.000,0.000,-0.000,36.0
753,-4.326,1.006,1.507,-0.000,0.000,-0.000,36.0
754,-4.326,1.006,1.507,-0.000,0.000,-0.000,36.0
755,-4.326,1.006,1.507,-0.000,0.000,-0.000,36.0
756,-4.326,1.006,1.507,-0.000,0.000,-0.000,36.0
757,-4.326,1.006,1.507,-0.000,0.000,-0.000,36.0
758,-4.326,1.006,1.507,-0.000,0.000,-0.000,36.0
759,-4.326,1.006,1.507,-0.000,0.000,-0.000,36.0
760,-4.326,1.006,1.507,-0.000,-0.000,-0.000,36.0
761,-4.326,1.006,1.507,-0.000,-0.000,-0.000,36.0
762,-4.326,1.006,1.507,-0.000,-0.000,-0.000,36.0
763,-4.326,1.006,1.507,-0.000,-0.000,-0.000,36.0
764,-4.326,1.006,1.507,-0.000,-0.000,-0.000,36.0
765,-4.326,1.006,1.507,-0.000,-0.000,-0.000,36.0
766,-4.326,1.006,1.507,-0.000,-0.000,0.000,36.0
767,-4.326,1.006,1.507,-0.000,-0.000,0.000,36.0
768,-4.326,1.006,1.507,-0.000,-0.000,0.000,36.0
769,-4.326,1.006,1.507,-0.000,-0.000,0.000,36.0
770,-4.326,1.006,1.507,-0.000,-0.000,0.000,36.0
771,-4.326,1.006,1.507,-0.000,-0.000,0.000,36.0
772,-4.326,1.006,1.507,-0.000,-0.000,0.000,36.0
773,-4.326,1.006,1.507,-0.000,-0.000,0.000,36.0
774,-4.326,1.006,1.507,-0.000,0.000,0.000,36.0
775,-4.326,1.006,1.507,-0.000,0.000,0.000,36.0
776,-4.326,1.006,1.507,-0.000,0.000,0.000,36.0
777,-4.326,1.006,1.507,-0.000,0.000,0.000,36.0
778,-4.326,1.006,1.507,-0.000,0.000,0.000,36.0
779,-4.326,1.006,1.507,-0.000,0.000,0.000,36.0
780,-4.326,1.006,1.507,-0.000,0.000,-0.000,36.0
781,-4.326,1.006,1.507,-0.000,0.000,-0.000,36.0
782,-4.326,1.006,1.507,-0.000,0.000,-0.000,36.0
783,-4.326,1.006,1.507,-0.000,0.000,-0.000,36.0
784,-4.326,1.006,1.507,-0.000,0.000,-0.000,36.0
785,-4.326,1.006,1.507,-0.000,0.000,-0.000,36.0
786,-4.326,1.006,1.507,-0.000,0.000,-0.000,36.0
787,-4.326,1.006,1.507,-0.000,0.000,-0.000,36.0
788,-4.326,1.006,1.507,-0.000,-0.000,-0.000,36.0
789,-4.326,1.006,1.507,-0.000,-0.000,-0.000,36.0
790,-4.326,1.006,1.507,-0.000,-0.000,-0.000,36.0
791,-4.326,1.006,1.507,-0.000,-0.000,-0.000,36.0
792,-4.326,1.006,1.507,-0.000,-0.000,-0.000,36.0
793,-4.326,1.006,1.507,-0.000,-0.000,-0.000,36.0
794,-4.326,1.006,1.507,-0.000,-0.000,0.000,36.0
795,-4.326,1.006,1.507,-0.000,-0.000,0.000,36.0
796,-4.326,1.006,1.507,-0.000,-0.000,0.000,36.0
797,-4.326,1.006,1.507,-0.000,-0.000,0.000,36.0
798,-4.326,1.006,1.507,-0.000,-0.000,0.000,36.0
799,-4.326,1.006,1.507,-0.000,-0.000,0.000,36.0
800,-4.326,1.006,1.507,-0.000,-0.000,0.000,36.0
801,-4.326,1.006,1.507,-0.000,-0.000,0.000,36.0
802,-4.326,1.006,1.507,-0.000,0.000,0.000,36.0
803,-4.326,1.006,1.507,-0.000,0.000,0.000,36.0
804,-4.326,1.006,1.507,-0.000,0.000,0.000,36.0
805,-4.326,1.006,1.507,-0.000,0.000,0.000,36.0
806,-4.326,1.006,1.507,-0.000,0.000,0.000,36.0
807,-4.326,1.006,1.507,-0.000,0.000,0.000,36.0
808,-4.326,1.006,1.507,-0.000,0.000,-0.000,36.0
809,-4.326,1.006,1.507,-0.000,0.000,-0.000,36.0
810,-4.326,1.006,1.507,-0.000,0.000,-0.000,36.0
811,-4.326,1.006,1.507,-0.000,0.000,-0.000,36.0
812,-4.326,1.006,1.507,-0.000,0.000,-0.000,36.0
813,-4.326,1.006,1.507,-0.000,0.000,-0.000,36.0
814,-4.326,1.006,1.507,-0.000,0.000,-0.000,36.0
815,-4.326,1.006,1.507,-0.000,0.000,-0.000,36.0
816,-4.326,1.006,1.507,-0.000,-0.000,-0.000,36.0
817,-4.326,1.006,1.507,-0.000,-0.000,-0.000,36.0
818,-4.326,1.006,1.507,-0.000,-0.000,-0.000,36.0
819,-4.326,1.006,1.507,-0.000,-0.000,-0.000,36.0
820,-4.326,1.006,1.507,-0.000,-0.000,-0.000,36.0
821,-4.326,1.006,1.507,-0.000,-0.000,-0.000,36.0
822,-4.326,1.006,1.507,-0.000,-0.000,0.000,36.0
823,-4.326,1.006,1.507,-0.000,-0.000,0.000,36.0
824,-4.326,1.006,1.507,-0.000,-0.000,0.000,36.0
825,-4.326,1.006,1.507,-0.000,-0.000,0.000,36.0
826,-4.326,1.006,1.507,-0.000,-0.000,0.000,36.0
827,-4.326,1.006,1.507,-0.000,-0.000,0.000,36.0
828,-4.326,1.006,1.507,-0.000,-0.000,0.000,36.0
829,-4.326,1.006,1.507,-0.000,-0.000,0.000,36.0
830,-4.326,1.006,1.507,-0.000,0.000,0.000,36.0
831,-4.326,1.006,1.507,-0.000,0.000,0.000,36.0
832,-4.326,1.006,1.507,-0.000,0.000,0.000,36.0
833,-4.326,1.006,1.507,-0.000,0.000,0.000,36.0
834,-4.326,1.006,1.507,-0.000,0.000,0.000,36.0
835,-4.326,1.006,1.507,-0.000,0.000,0.000,36.0
836,-4.326,1.006,1.507,-0.000,0.000,-0.000,36.0
837,-4.326,1.006,1.507,-0.000,0.000,-0.000,36.0
838,-4.326,1.006,1.507,-0.000,0.000,-0.000,36.0
839,-4.326,1.006,1.507,-0.000,0.000,-0.000,36.0
840,-4.326,1.006,1.507,-0.000,0.000,-0.000,36.0
841,-4.326,1.006,1.507,-0.000,0.000,-0.000,36.0
842,-4.326,1.006,1.507,-0.000,0.000,-0.000,36.0
843,-4.326,1.006,1.507,-0.000,0.000,-0.000,36.0
844,-4.326,1.006,1.507,-0.000,-0.000,-0.000,36.0
845,-4.326,1.006,1.507,-0.000,-0.000,-0.000,36.0
846,-4.326,1.006,1.507,-0.000,-0.000,-0.000,36.0
847,-4.326,1.006,1.507,-0.000,-0.000,-0.000,36.0
848,-4.326,1.006,1.507,-0.000,-0.000,-0.000,36.0
849,-4.326,1.006,1.507,-0.000,-0.000,-0.000,36.0
850,-4.326,1.006,1.507,-0.000,-0.000,0.000,36.0
851,-4.326,1.006,1.507,-0.000,-0.000,0.000,36.0
852,-4.326,1.006,1.507,-0.000,-0.000,0.000,36.0
853,-4.326,1.006,1.507,-0.000,-0.000,0.000,36.0
854,-4.326,1.006,1.507,-0.000,-0.000,0.000,36.0
855,-4.326,1.006,1.507,-0.000,-0.000,0.000,36.0
856,-4.326,1.006,1.507,-0.000,-0.000,0.000,36.0
857,-4.326,1.006,1.507,-0.000,-0.000,0.000,36.0
858,-4.326,1.006,1.507,-0.000,0.000,0.000,36.0
859,-4.326,1.006,1.507,-0.000,0.000,0.000,36.0
860,-4.326,1.006,1.507,-0.000,0.000,0.000,36.0
861,-4.326,1.006,1.507,-0.000,0.000,0.000,36.0
862,-4.326,1.006,1.507,-0.000,0.000,0.000,36.0
863,-4.326,1.006,1.507,-0.000,0.000,0.000,36.0
864,-4.326,1.006,1.507,-0.000,0.000,0.000,36.0
865,-4.326,1.006,1.507,-0.000,0.000,-0.000,36.0
866,-4.326,1.006,1.507,-0.000,0.000,-0.000,36.0
867,-4.326,1.006,1.507,-0.000,0.000,-0.000,36.0
868,-4.326,1.006,1.507,-0.000,0.000,-0.000,36.0
869,-4.326,1.006,1.507,-0.000,0.000,-0.000,36.0
870,-4.326,1.006,1.507,-0.000,0.000,-0.000,36.0
871,-4.326,1.006,1.507,-0.000,0.000,-0.000,36.0
872,-4.326,1.006,1.507,-0.000,-0.000,-0.000,36.0
873,-4.326,1.006,1.507,-0.000,-0.000,-0.000,36.0
874,-4.326,1.006,1.507,-0.000,-0.000,-0.000,36.0
875,-4.326,1.006,1.507,-0.000,-0.000,-0.000,36.0
876,-4.326,1.006,1.507,-0.000,-0.000,-0.000,36.0
877,-4.326,1.006,1.507,-0.000,-0.000,-0.000,36.0
878,-4.326,1.006,1.507,-0.000,-0.000,-0.000,36.0
879,-4.326,1.006,1.507,-0.000,-0.000,0.000,36.0
880,-4.326,1.006,1.507,-0.000,-0.000,0.000,36.0
881,-4.326,1.006,1.507,-0.000,-0.000,0.000,36.0
882,-4.326,1.006,1.507,-0.000,-0.000,0.000,36.0
883,-4.326,1.006,1.507,-0.000,-0.000,0.000,36.0
884,-4.326,1.006,1.507,-0.000,-0.000,0.000,36.0
885,-4.326,1.006,1.507,-0.000,-0.000,0.000,36.0
886,-4.326,1.006,1.507,-0.000,0.000,0.000,36.0
887,-4.326,1.006,1.507,-0.000,0.000,0.000,36.0
888,-4.326,1.006,1.507,-0.000,0.000,0.000,36.0
889,-4.326,1.006,1.507,-0.000,0.000,0.000,36.0
890,-4.326,1.006,1.507,-0.000,0.000,0.000,36.0
891,-4.326,1.006,1.507,-0.000,0.000,0.000,36.0
892,-4.326,1.006,1.507,-0.000,0.000,0.000,36.0
893,-4.326,1.006,1.507,-0.000,0.000,-0.000,36.0
894,-4.326,1.006,1.507,-0.000,0.000,-0.000,36.0
895,-4.326,1.006,1.507,-0.000,0.000,-0.000,36.0
896,-4.326,1.006,1.507,-0.000,0.000,-0.000,36.0
897,-4.326,1.006,1.507,-0.000,0.000,-0.000,36.0
898,-4.326,1.006,1.507,-0.000,0.000,-0.000,36.0
899,-4.326,1.006,1.507,-0.000,0.000,-0.000,36.0
900,-4.326,1.006,1.507,-0.000,-0.000,-0.000,36.0
901,-4.326,1.006,1.507,-0.000,-0.000,-0.000,36.0
902,-4.326,1.006,1.507,-0.000,-0.000,-0.000,36.0
903,-4.326,1.006,1.507,-0.000,-0.000,-0.000,36.0
904,-4.326,1.006,1.507,-0.000,-0.000,-0.000,36.0
905,-4.326,1.006,1.507,-0.000,-0.000,-0.000,36.0
906,-4.326,1.006,1.507,-0.000,-0.000,-0.000,36.0
907,-4.326,1.006,1.507,-0.000,-0.000,0.000,36.0
908,-4.326,1.006,1.507,-0.000,-0.000,0.000,36.0
909,-4.326,1.006,1.507,-0.000,-0.000,0.000,36.0
910,-4.326,1.006,1.507,-0.000,-0.000,0.000,36.0
911,-4.326,1.006,1.507,-0.000,-0.000,0.000,36.0
912,-4.326,1.006,1.507,-0.000,-0.000,0.000,36.0
913,-4.326,1.006,1.507,-0.000,-0.000,0.000,36.0
914,-4.326,1.006,1.507,-0.000,0.000,0.000,36.0
915,-4.326,1.006,1.507,-0.000,0.000,0.000,36.0
916,-4.326,1.006,1.507,-0.000,0.000,0.000,36.0
917,-4.326,1.006,1.507,-0.000,0.000,0.000,36.0
918,-4.326,1.006,1.507,-0.000,0.000,0.000,36.0
919,-4.326,1.006,1.507,-0.000,0.000,0.000,36.0
920,-4.326,1.006,1.507,-0.000,0.000,0.000,36.0
921,-4.326,1.006,1.507,-0.000,0.000,-0.000,36.0
922,-4.326,1.006,1.507,-0.000,0.000,-0.000,36.0
923,-4.326,1.006,1.507,-0.000,0.000,-0.000,36.0
924,-4.326,1.006,1.507,-0.000,0.000,-0.000,36.0
925,-4.326,1.006,1.507,-0.000,0.000,-0.000,36.0
926,-4.326,1.006,1.507,-0.000,0.000,-0.000,36.0
927,-4.326,1.006,1.507,-0.000,0.000,-0.000,36.0
928,-4.326,1.006,1.507,-0.000,-0.000,-0.000,36.0
929,-4.326,1.006,1.507,-0.000,-0.000,-0.000,36.0
930,-4.326,1.006,1.507,-0.000,-0.000,-0.000,36.0
931,-4.326,1.006,1.507,-0.000,-0.000,-0.000,36.0
932,-4.326,1.006,1.507,-0.000,-0.000,-0.000,36.0
933,-4.326,1.006,1.507,-0.000,-0.000,-0.000,36.0
934,-4.326,1.006,1.507,-0.000,-0.000,-0.000,36.0
935,-4.326,1.006,1.507,-0.000,-0.000,-0.000,36.0
936,-4.326,1.006,1.507,-0.000,-0.000,0.000,36.0
937,-4.326,1.006,1.507,-0.000,-0.000,0.000,36.0
938,-4.326,1.006,1.507,-0.000,-0.000,0.000,36.0
939,-4.326,1.006,1.507,-0.000,-0.000,0.000,36.0
940,-4.326,1.006,1.507,-0.000,-0.000,0.000,36.0
941,-4.326,1.006,1.507,-0.000,-0.000,0.000,36.0
942,-4.326,1.006,1.507,-0.000,0.000,0.000,36.0
943,-4.326,1.006,1.507,-0.000,0.000,0.000,36.0
944,-4.326,1.006,1.507,-0.000,0.000,0.000,36.0
945,-4.326,1.006,1.507,-0.000,0.000,0.000,36.0
946,-4.326,1.006,1.507,-0.000,0.000,0.000,36.0
947,-4.326,1.006,1.507,-0.000,0.000,0.000,36.0
948,-4.326,1.006,1.507,-0.000,0.000,0.000,36.0
949,-4.326,1.006,1.507,-0.000,0.000,0.000,36.0
950,-4.326,1.006,1.507,-0.000,0.000,-0.000,36.0
951,-4.326,1.006,1.507,-0.000,0.000,-0.000,36.0
952,-4.326,1.006,1.507,-0.000,0.000,-0.000,36.0
953,-4.326,1.006,1.507,-0.000,0.000,-0.000,36.0
954,-4.326,1.006,1.507,-0.000,0.000,-0.000,36.0
955,-4.326,1.006,1.507,-0.000,0.000,-0.000,36.0
956,-4.326,1.006,1.507,-0.000,-0.000,-0.000,36.0
957,-4.326,1.006,1.507,-0.000,-0.000,-0.000,36.0
958,-4.326,1.006,1.507,-0.000,-0.000,-0.000,36.0
959,-4.326,1.006,1.507,-0.000,-0.000,-0.000,36.0
960,-4.326,1.006,1.507,-0.000,-0.000,-0.000,36.0
961,-4.326,1.006,1.507,-0.000,-0.000,-0.000,36.0
962,-4.326,1.006,1.507,-0.000,-0.000,-0.000,36.0
963,-4.326,1.006,1.507,-0.000,-0.000,-0.000,36.0
964,-4.326,1.006,1.507,-0.000,-0.000,0.000,36.0
965,-4.326,1.006,1.507,-0.000,-0.000,0.000,36.0
966,-4.326,1.006,1.507,-0.000,-0.000,0.000,36.0
967,-4.326,1.006,1.507,-0.000,-0.000,0.000,36.0
968,-4.326,1.006,1.507,-0.000,-0.000,0.000,36.0
969,-4.326,1.006,1.507,-0.000,-0.000,0.000,36.0
970,-4.326,1.006,1.507,-0.000,0.000,0.000,36.0
971,-4.326,1.006,1.507,-0.000,0.000,0.000,36.0
972,-4.326,1.006,1.507,-0.000,0.000,0.000,36.0
973,-4.326,1.006,1.507,-0.000,0.000,0.000,36.0
974,-4.326,1.006,1.507,-0.000,0.000,0.000,36.0
975,-4.326,1.006,1.507,-0.000,0.000,0.000,36.0
976,-4.326,1.006,1.507,-0.000,0.000,0.000,36.0
977,-4.326,1.006,1.507,-0.000,0.000,0.000,36.0
978,-4.326,1.006,1.507,-0.000,0.000,-0.000,36.0
979,-4.326,1.006,1.507,-0.000,0.000,-0.000,36.0
980,-4.326,1.006,1.507,-0.000,0.000,-0.000,36.0
981,-4.326,1.006,1.507,-0.000,0.000,-0.000,36.0
982,-4.326,1.006,1.507,-0.000,0.000,-0.000,36.0
983,-4.326,1.006,1.507,-0.000,0.000,-0.000,36.0
984,-4.326,1.006,1.507,-0.000,-0.000,-0.000,36.0
985,-4.326,1.006,1.507,-0.000,-0.000,-0.000,36.0
986,-4.326,1.006,1.507,-0.000,-0.000,-0.000,36.0
987,-4.326,1.006,1.507,-0.000,-0.000,-0.000,36.0
988,-4.326,1.006,1.507,-0.000,-0.000,-0.000,36.0
989,-4.326,1.006,1.507,-0.000,-0.000,-0.000,36.0
990,-4.326,1.006,1.507,-0.000,-0.000,-0.000,36.0
991,-4.326,1.006,1.507,-0.000,-0.000,-0.000,36.0
992,-4.326,1.006,1.507,-0.000,-0.000,0.000,36.0
993,-4.326,1.006,1.507,-0.000,-0.000,0.000,36.0
994,-4.326,1.006,1.507,-0.000,-0.000,0.000,36.0
995,-4.326,1.006,1.507,-0.000,-0.000,0.000,36.0
996,-4.326,1.006,1.507,-0.000,-0.000,0.000,36.0
997,-4.326,1.006,1.507,-0.000,-0.000,0.000,36.0
998,-4.326,1.006,1.507,-0.000,0.000,0.000,36.0
999,-4.326,1.006,1.507,-0.000,0.000,0.000,36.0
1000,-4.326,1.006,1.507,-0.000,0.000,0.000,36.0
