1,-6.100,1.000,0.000,0.000,0.000,0.000,1
2,-6.100,1.000,0.153,0.000,0.000,0.000,1
3,-6.100,1.000,0.473,0.000,0.000,0.000,1
4,-6.100,1.000,0.808,0.000,0.000,0.000,1
5,-6.100,1.000,1.088,0.000,0.000,0.000,1
6,-6.100,1.000,1.290,0.000,0.000,0.000,1
7,-6.100,1.000,1.420,0.000,0.000,0.000,1
8,-6.100,1.000,1.493,0.000,0.000,0.000,1
9,-6.100,1.000,1.522,0.000,0.000,0.000,1
10,-6.100,1.000,1.534,0.000,0.000,0.000,1
11,-6.100,1.000,1.533,0.000,0.000,0.000,1
12,-6.100,1.000,1.527,0.000,0.000,0.000,1
13,-6.100,1.000,1.519,0.000,0.000,0.000,1
14,-6.100,1.000,1.512,0.000,0.000,0.000,1
15,-6.100,1.000,1.506,0.000,0.000,0.000,1
16,-6.100,1.000,1.506,0.000,0.000,0.000,1
17,-6.100,1.000,1.507,0.000,0.000,0.000,1
18,-6.100,1.000,1.507,0.000,0.000,0.000,1
19,-6.100,1.000,1.508,0.000,0.000,0.000,1
20,-6.100,1.000,1.508,0.000,0.000,0.000,1
21,-6.100,1.000,1.509,0.000,0.000,0.000,1
22,-6.100,1.000,1.509,0.000,0.000,0.000,1
23,-6.100,1.000,1.509,0.000,0.000,0.000,1
24,-6.100,1.000,1.509,0.000,0.000,0.000,1
25,-6.100,1.000,1.510,0.000,0.000,0.000,1
26,-6.100,1.000,1.510,0.000,0.000,0.000,1
27,-6.100,1.000,1.510,0.000,0.000,0.000,1
28,-6.100,1.000,1.510,0.000,0.000,0.000,1
29,-6.100,1.000,1.504,0.000,0.000,0.000,1
30,-6.100,1.000,1.503,0.000,0.000,0.000,1
31,-6.100,1.000,1.502,0.000,0.000,0.000,1
32,-6.100,1.000,1.501,0.000,0.000,0.000,1
33,-6.100,1.000,1.500,0.000,0.000,0.000,1
34,-6.100,1.000,1.499,0.000,0.000,0.000,1
35,-6.100,1.000,1.499,0.000,0.000,0.000,1
36,-6.100,1.000,1.498,0.000,0.000,0.000,1
37,-6.100,1.000,1.497,0.000,0.000,0.000,1
38,-6.100,1.000,1.497,0.000,0.000,0.000,1
39,-6.100,1.000,1.496,0.000,0.000,0.000,1
40,-6.100,1.000,1.496,0.000,0.000,0.000,1
41,-6.100,1.000,1.495,0.000,0.000,0.000,1
42,-6.100,1.000,1.495,0.000,0.000,0.000,1
43,-6.100,1.000,1.495,0.000,0.000,0.000,1
44,-6.100,1.000,1.495,0.000,0.000,0.000,1
45,-6.100,1.000,1.495,-0.000,0.021,0.023,37.0
46,-6.100,1.000,1.495,-0.000,0.037,0.039,37.0
47,-6.100,1.000,1.495,-0.000,0.042,0.045,37.0
48,-6.099,0.999,1.494,-0.000,0.035,0.040,37.0
49,-6.099,0.999,1.494,-0.000,0.021,0.027,37.0
50,-6.098,0.998,1.494,-0.000,0.003,0.010,37.0
51,-6.098,0.998,1.494,-0.000,-0.011,-0.004,37.0
52,-6.097,0.997,1.494,-0.000,-0.017,-0.011,37.0
53,-6.097,0.996,1.494,-0.000,-0.014,-0.010,37.0
54,-6.096,0.996,1.494,-0.000,-0.005,-0.004,37.0
55,-6.096,0.995,1.494,-0.000,0.006,0.004,37.0
56,-6.096,0.995,1.494,-0.000,0.014,0.012,37.0
57,-6.095,0.994,1.494,-0.000,0.016,0.016,37.0
58,-6.095,0.994,1.494,-0.000,0.011,0.013,37.0
59,-6.094,0.993,1.495,-0.000,0.004,0.008,37.0
60,-6.094,0.992,1.495,-0.000,-0.001,0.003,37.0
61,-6.093,0.991,1.495,-0.000,-0.003,-0.000,37.0
62,-6.092,0.991,1.495,-0.000,-0.000,-0.001,37.0
63,-6.092,0.990,1.495,-0.000,0.004,0.002,37.0
64,-6.091,0.989,1.495,-0.000,0.008,0.006,37.0
65,-6.091,0.988,1.495,-0.000,0.009,0.008,37.0
66,-6.090,0.988,1.496,-0.000,0.005,0.006,37.0
67,-6.089,0.987,1.496,-0.000,0.001,0.004,37.0
68,-6.089,0.986,1.496,-0.000,-0.001,0.002,37.0
69,-6.088,0.985,1.496,-0.000,-0.000,0.001,37.0
70,-6.087,0.984,1.496,-0.000,0.003,0.002,37.0
71,-6.087,0.983,1.497,-0.000,0.007,0.004,37.0
72,-6.086,0.982,1.497,-0.000,0.010,0.007,37.0
73,-6.085,0.982,1.497,-0.000,0.009,0.008,37.0
74,-6.085,0.981,1.497,-0.000,0.005,0.006,37.0
75,-6.084,0.980,1.498,-0.000,-0.001,0.002,37.0
76,-6.083,0.979,1.498,-0.000,-0.003,-0.000,37.0
77,-6.082,0.978,1.498,-0.000,-0.002,-0.000,37.0
78,-6.081,0.977,1.498,-0.000,0.002,0.001,37.0
79,-6.081,0.976,1.499,-0.000,0.007,0.004,37.0
80,-6.080,0.975,1.499,-0.000,0.010,0.007,37.0
81,-6.079,0.974,1.499,-0.000,0.010,0.008,37.0
82,-6.078,0.973,1.500,-0.000,0.005,0.006,37.0
83,-6.077,0.972,1.500,-0.000,-0.001,0.002,37.0
84,-6.076,0.971,1.500,-0.000,-0.004,-0.000,37.0
85,-6.076,0.970,1.500,-0.000,-0.003,-0.000,37.0
86,-6.075,0.969,1.501,-0.000,0.001,0.001,37.0
87,-6.074,0.968,1.501,-0.000,0.007,0.003,37.0
88,-6.073,0.966,1.501,-0.000,0.010,0.007,37.0
89,-6.072,0.965,1.502,-0.000,0.010,0.007,37.0
90,-6.071,0.964,1.502,-0.000,0.005,0.005,37.0
91,-6.070,0.963,1.502,-0.000,-0.001,0.002,37.0
92,-6.069,0.962,1.503,-0.000,-0.004,-0.000,37.0
93,-6.068,0.961,1.503,-0.000,-0.004,-0.000,37.0
94,-6.067,0.959,1.503,-0.000,0.001,0.001,37.0
95,-6.066,0.958,1.504,-0.000,0.006,0.003,37.0
96,-6.065,0.957,1.504,-0.000,0.010,0.006,37.0
97,-6.064,0.956,1.504,-0.000,0.010,0.007,37.0
98,-6.063,0.955,1.505,-0.000,0.005,0.005,37.0
99,-6.062,0.953,1.505,-0.000,-0.001,0.002,37.0
100,-6.061,0.952,1.505,-0.000,-0.005,-0.000,37.0
101,-6.060,0.951,1.506,-0.000,-0.004,-0.000,37.0
102,-6.059,0.950,1.506,-0.000,0.000,0.001,37.0
103,-6.058,0.948,1.506,-0.000,0.006,0.003,37.0
104,-6.056,0.947,1.507,-0.000,0.010,0.006,37.0
105,-6.055,0.946,1.507,-0.000,0.010,0.006,37.0
106,-6.054,0.944,1.507,-0.000,0.005,0.005,37.0
107,-6.053,0.943,1.508,-0.000,-0.002,0.002,37.0
108,-6.052,0.942,1.508,-0.000,-0.006,-0.000,37.0
109,-6.051,0.940,1.508,-0.000,-0.005,-0.000,37.0
110,-6.050,0.939,1.509,-0.000,-0.000,0.001,37.0
111,-6.048,0.937,1.509,-0.000,0.006,0.002,37.0
112,-6.047,0.936,1.509,-0.000,0.010,0.005,37.0
113,-6.046,0.935,1.510,-0.000,0.110,0.079,37.0
114,-6.044,0.933,1.504,-0.000,0.172,0.126,37.0
115,-6.042,0.931,1.500,-0.000,0.160,0.113,37.0
116,-6.040,0.928,1.499,-0.000,0.088,0.053,37.0
117,-6.037,0.926,1.497,-0.000,-0.110,0.100,37.0
118,-6.034,0.923,1.497,-0.000,-0.272,0.104,37.0
119,-6.032,0.919,1.497,-0.000,-0.348,0.054,37.0
120,-6.031,0.916,1.496,-0.000,-0.271,-0.165,37.0
121,-6.032,0.913,1.496,-0.000,-0.323,-0.362,42.0
122,-6.033,0.911,1.495,-0.000,-0.311,-0.424,42.0
123,-6.036,0.910,1.495,-0.000,-0.231,-0.358,42.0
124,-6.039,0.911,1.494,-0.000,-0.120,-0.216,42.0
125,-6.043,0.913,1.494,-0.000,0.168,-0.003,42.0
126,-6.046,0.914,1.493,-0.000,0.174,0.100,42.0
127,-6.049,0.916,1.493,-0.000,0.094,0.129,42.0
128,-6.051,0.917,1.493,-0.000,-0.002,0.104,42.0
129,-6.053,0.917,1.492,-0.000,-0.077,0.049,42.0
130,-6.056,0.918,1.492,-0.000,-0.112,-0.009,42.0
131,-6.059,0.918,1.492,-0.000,-0.106,-0.052,42.0
132,-6.062,0.919,1.491,-0.000,-0.070,-0.069,42.0
133,-6.066,0.919,1.491,-0.000,-0.023,-0.061,42.0
134,-6.069,0.920,1.491,-0.000,0.019,-0.038,42.0
135,-6.073,0.921,1.491,-0.000,0.045,-0.010,42.0
136,-6.077,0.923,1.491,-0.000,0.052,0.013,42.0
137,-6.080,0.924,1.491,-0.000,0.044,0.026,42.0
138,-6.083,0.925,1.491,-0.000,0.027,0.028,42.0
139,-6.086,0.926,1.490,-0.000,0.010,0.021,42.0
140,-6.089,0.927,1.490,-0.000,-0.002,0.011,42.0
141,-6.092,0.927,1.490,-0.000,-0.007,0.000,42.0
142,-6.095,0.928,1.490,-0.000,-0.005,-0.006,42.0
143,-6.098,0.929,1.490,-0.000,0.002,-0.008,42.0
144,-6.102,0.930,1.490,-0.000,0.010,-0.006,42.0
145,-6.105,0.931,1.496,-0.000,0.016,-0.002,42.0
146,-6.108,0.932,1.497,-0.000,0.020,0.003,42.0
147,-6.111,0.933,1.498,-0.000,0.020,0.006,42.0
148,-6.114,0.934,1.499,-0.000,0.017,0.008,42.0
149,-6.116,0.935,1.500,-0.000,0.014,0.008,42.0
150,-6.119,0.936,1.501,-0.000,0.011,0.006,42.0
151,-6.122,0.936,1.502,-0.000,0.009,0.004,42.0
152,-6.125,0.937,1.503,-0.000,0.008,0.003,42.0
153,-6.127,0.938,1.503,-0.000,0.009,0.002,42.0
154,-6.130,0.939,1.504,-0.000,0.010,0.001,42.0
155,-6.133,0.940,1.504,-0.000,0.011,0.002,42.0
156,-6.135,0.940,1.505,-0.000,0.012,0.003,42.0
157,-6.138,0.941,1.505,-0.000,0.012,0.003,42.0
158,-6.141,0.942,1.506,-0.000,0.012,0.004,42.0
159,-6.143,0.943,1.506,-0.000,0.012,0.004,42.0
160,-6.146,0.943,1.506,-0.000,0.011,0.004,42.0
161,-6.148,0.944,1.506,-0.000,0.010,0.004,42.0
162,-6.150,0.945,1.507,-0.000,0.010,0.003,42.0
163,-6.153,0.946,1.507,-0.000,0.010,0.003,42.0
164,-6.155,0.946,1.507,-0.000,0.010,0.003,42.0
165,-6.158,0.947,1.507,-0.000,0.010,0.003,42.0
166,-6.160,0.948,1.508,-0.000,0.010,0.003,42.0
167,-6.162,0.948,1.508,-0.000,0.010,0.003,42.0
168,-6.164,0.949,1.508,-0.000,0.010,0.003,42.0
169,-6.167,0.950,1.508,-0.000,0.010,0.003,42.0
170,-6.169,0.950,1.508,-0.000,0.010,0.003,42.0
171,-6.171,0.951,1.508,-0.000,0.009,0.003,42.0
172,-6.173,0.952,1.508,-0.000,0.009,0.003,42.0
173,-6.175,0.952,1.508,-0.000,0.009,0.003,42.0
174,-6.177,0.953,1.509,-0.000,0.009,0.003,42.0
175,-6.179,0.954,1.509,-0.000,0.009,0.003,42.0
176,-6.181,0.954,1.509,-0.000,0.009,0.003,42.0
177,-6.183,0.955,1.509,-0.000,0.009,0.003,42.0
178,-6.185,0.955,1.509,-0.000,0.009,0.003,42.0
179,-6.187,0.956,1.509,-0.000,0.008,0.003,42.0
180,-6.189,0.957,1.509,-0.000,0.008,0.003,42.0
181,-6.191,0.957,1.509,-0.000,0.008,0.002,42.0
182,-6.193,0.958,1.509,-0.000,0.008,0.002,42.0
183,-6.195,0.958,1.509,-0.000,0.008,0.002,42.0
184,-6.197,0.959,1.509,-0.000,0.008,0.002,42.0
185,-6.198,0.959,1.509,-0.000,0.008,0.002,42.0
186,-6.200,0.960,1.509,-0.000,0.008,0.002,42.0
187,-6.202,0.960,1.509,-0.000,0.008,0.002,42.0
188,-6.204,0.961,1.509,-0.000,0.007,0.002,42.0
189,-6.205,0.961,1.509,-0.000,0.007,0.002,42.0
190,-6.207,0.962,1.509,-0.000,0.007,0.002,42.0
191,-6.209,0.962,1.509,-0.000,0.007,0.002,42.0
192,-6.210,0.963,1.509,-0.000,0.007,0.002,42.0
193,-6.212,0.963,1.509,-0.000,0.007,0.002,42.0
194,-6.213,0.964,1.509,-0.000,0.007,0.002,42.0
195,-6.215,0.964,1.509,-0.000,0.007,0.002,42.0
196,-6.217,0.965,1.509,-0.000,0.007,0.002,42.0
197,-6.218,0.965,1.509,-0.000,0.007,0.002,42.0
198,-6.220,0.966,1.509,-0.000,0.007,0.002,42.0
199,-6.221,0.966,1.509,-0.000,0.006,0.002,42.0
200,-6.223,0.967,1.509,-0.000,0.006,0.002,42.0
201,-6.224,0.967,1.509,-0.000,0.006,0.002,42.0
202,-6.225,0.967,1.509,-0.000,0.006,0.002,42.0
203,-6.227,0.968,1.509,-0.000,0.006,0.002,42.0
204,-6.228,0.968,1.509,-0.000,0.006,0.002,42.0
205,-6.230,0.969,1.509,-0.000,0.006,0.002,42.0
206,-6.231,0.969,1.509,-0.000,0.006,0.002,42.0
207,-6.232,0.970,1.509,-0.000,0.006,0.002,42.0
208,-6.234,0.970,1.509,-0.000,0.006,0.002,42.0
209,-6.235,0.970,1.509,-0.000,0.006,0.002,42.0
210,-6.236,0.971,1.509,-0.000,0.006,0.002,42.0
211,-6.237,0.971,1.509,-0.000,0.005,0.002,42.0
212,-6.239,0.971,1.509,-0.000,0.005,0.002,42.0
213,-6.240,0.972,1.509,-0.000,0.005,0.002,42.0
214,-6.241,0.972,1.509,-0.000,0.005,0.002,42.0
215,-6.242,0.973,1.509,-0.000,0.005,0.002,42.0
216,-6.244,0.973,1.509,-0.000,0.005,0.002,42.0
217,-6.245,0.973,1.509,-0.000,0.005,0.002,42.0
218,-6.246,0.974,1.509,-0.000,0.005,0.002,42.0
219,-6.247,0.974,1.509,-0.000,0.005,0.001,42.0
220,-6.248,0.974,1.509,-0.000,0.005,0.001,42.0
221,-6.249,0.975,1.509,-0.000,0.005,0.001,42.0
222,-6.250,0.975,1.509,-0.000,0.005,0.001,42.0
223,-6.251,0.975,1.509,-0.000,0.005,0.001,42.0
224,-6.253,0.976,1.509,-0.000,0.005,0.001,42.0
225,-6.254,0.976,1.509,-0.000,0.005,0.001,42.0
226,-6.255,0.976,1.509,-0.000,0.004,0.001,42.0
227,-6.256,0.977,1.509,-0.000,0.004,0.001,42.0
228,-6.257,0.977,1.509,-0.000,0.004,0.001,42.0
229,-6.258,0.977,1.509,-0.000,0.004,0.001,42.0
230,-6.259,0.978,1.509,-0.000,0.004,0.001,42.0
231,-6.260,0.978,1.509,-0.000,0.004,0.001,42.0
232,-6.261,0.978,1.509,-0.000,0.004,0.001,42.0
233,-6.262,0.978,1.509,-0.000,0.004,0.001,42.0
234,-6.263,0.979,1.509,-0.000,0.004,0.001,42.0
235,-6.263,0.979,1.509,-0.000,0.004,0.001,42.0
236,-6.264,0.979,1.509,-0.000,0.004,0.001,42.0
237,-6.265,0.979,1.509,-0.000,0.004,0.001,42.0
238,-6.266,0.980,1.509,-0.000,0.004,0.001,42.0
239,-6.267,0.980,1.509,-0.000,0.004,0.001,42.0
240,-6.268,0.980,1.509,-0.000,0.004,0.001,42.0
241,-6.269,0.981,1.509,-0.000,0.004,0.001,42.0
242,-6.270,0.981,1.509,-0.000,0.004,0.001,42.0
243,-6.270,0.981,1.509,-0.000,0.004,0.001,42.0
244,-6.271,0.981,1.509,-0.000,0.004,0.001,42.0
245,-6.272,0.982,1.509,-0.000,0.004,0.001,42.0
246,-6.273,0.982,1.509,-0.000,0.003,0.001,42.0
247,-6.274,0.982,1.509,-0.000,0.003,0.001,42.0
248,-6.274,0.982,1.509,-0.000,0.003,0.001,42.0
249,-6.275,0.982,1.509,-0.000,0.003,0.001,42.0
250,-6.276,0.983,1.509,-0.000,0.003,0.001,42.0
251,-6.277,0.983,1.509,-0.000,0.003,0.001,42.0
252,-6.277,0.983,1.509,-0.000,0.003,0.001,42.0
253,-6.278,0.983,1.509,-0.000,0.003,0.001,42.0
254,-6.279,0.984,1.509,-0.000,0.003,0.001,42.0
255,-6.280,0.984,1.509,-0.000,0.003,0.001,42.0
256,-6.280,0.984,1.509,-0.000,0.003,0.001,42.0
257,-6.281,0.984,1.509,-0.000,0.003,0.001,42.0
258,-6.282,0.984,1.509,-0.000,0.003,0.001,42.0
259,-6.282,0.985,1.509,-0.000,0.003,0.001,42.0
260,-6.283,0.985,1.509,-0.000,0.003,0.001,42.0
261,-6.284,0.985,1.509,-0.000,0.003,0.001,42.0
262,-6.284,0.985,1.509,-0.000,0.003,0.001,42.0
263,-6.285,0.985,1.509,-0.000,0.003,0.001,42.0
264,-6.286,0.986,1.509,-0.000,0.003,0.001,42.0
265,-6.286,0.986,1.509,-0.000,0.003,0.001,42.0
266,-6.287,0.986,1.509,-0.000,0.003,0.001,42.0
267,-6.287,0.986,1.509,-0.000,0.003,0.001,42.0
268,-6.288,0.986,1.509,-0.000,0.003,0.001,42.0
269,-6.289,0.987,1.509,-0.000,0.003,0.001,42.0
270,-6.289,0.987,1.509,-0.000,0.003,0.001,42.0
271,-6.290,0.987,1.509,-0.000,0.002,0.001,42.0
272,-6.290,0.987,1.509,-0.000,0.002,0.001,42.0
273,-6.291,0.987,1.509,-0.000,0.002,0.001,42.0
274,-6.292,0.987,1.509,-0.000,0.002,0.001,42.0
275,-6.292,0.988,1.509,-0.000,0.002,0.001,42.0
276,-6.293,0.988,1.509,-0.000,0.002,0.001,42.0
277,-6.293,0.988,1.509,-0.000,0.002,0.001,42.0
278,-6.294,0.988,1.509,-0.000,0.002,0.001,42.0
279,-6.294,0.988,1.509,-0.000,0.002,0.001,42.0
280,-6.295,0.988,1.509,-0.000,0.002,0.001,42.0
281,-6.295,0.989,1.509,-0.000,0.002,0.001,42.0
282,-6.296,0.989,1.509,-0.000,0.002,0.001,42.0
283,-6.296,0.989,1.509,-0.000,0.002,0.001,42.0
284,-6.297,0.989,1.509,-0.000,0.002,0.001,42.0
285,-6.297,0.989,1.509,-0.000,0.002,0.001,42.0
286,-6.298,0.989,1.509,-0.000,0.002,0.001,42.0
287,-6.298,0.989,1.509,-0.000,0.002,0.001,42.0
288,-6.299,0.990,1.509,-0.000,0.002,0.001,42.0
289,-6.299,0.990,1.509,-0.000,0.002,0.001,42.0
290,-6.299,0.990,1.509,-0.000,0.002,0.001,42.0
291,-6.300,0.990,1.509,-0.000,0.002,0.001,42.0
292,-6.300,0.990,1.509,-0.000,0.002,0.001,42.0
293,-6.301,0.990,1.509,-0.000,0.002,0.001,42.0
294,-6.301,0.990,1.509,-0.000,0.002,0.001,42.0
295,-6.302,0.990,1.509,-0.000,0.002,0.001,42.0
296,-6.302,0.991,1.509,-0.000,0.002,0.001,42.0
297,-6.302,0.991,1.509,-0.000,0.002,0.001,42.0
298,-6.303,0.991,1.509,-0.000,0.002,0.001,42.0
299,-6.303,0.991,1.509,-0.000,0.002,0.001,42.0
300,-6.304,0.991,1.509,-0.000,0.002,0.001,42.0
301,-6.304,0.991,1.509,-0.000,0.002,0.001,42.0
302,-6.304,0.991,1.509,-0.000,0.002,0.000,42.0
303,-6.305,0.991,1.509,-0.000,0.002,0.000,42.0
304,-6.305,0.992,1.509,-0.000,0.002,0.000,42.0
305,-6.306,0.992,1.509,-0.000,0.002,0.000,42.0
306,-6.306,0.992,1.509,-0.000,0.002,0.000,42.0
307,-6.306,0.992,1.509,-0.000,0.002,0.000,42.0
308,-6.307,0.992,1.509,-0.000,0.002,0.000,42.0
309,-6.307,0.992,1.509,-0.000,0.002,0.000,42.0
310,-6.307,0.992,1.509,-0.000,0.001,0.000,42.0
311,-6.308,0.992,1.509,-0.000,0.001,0.000,42.0
312,-6.308,0.992,1.509,-0.000,0.001,0.000,42.0
313,-6.308,0.992,1.509,-0.000,0.001,0.000,42.0
314,-6.309,0.993,1.509,-0.000,0.001,0.000,42.0
315,-6.309,0.993,1.509,-0.000,0.001,0.000,42.0
316,-6.309,0.993,1.509,-0.000,0.001,0.000,42.0
317,-6.310,0.993,1.509,-0.000,0.001,0.000,42.0
318,-6.310,0.993,1.509,-0.000,0.001,0.000,42.0
319,-6.310,0.993,1.509,-0.000,0.001,0.000,42.0
320,-6.311,0.993,1.509,-0.000,0.001,0.000,42.0
321,-6.311,0.993,1.509,-0.000,0.001,0.000,42.0
322,-6.311,0.993,1.509,-0.000,0.001,0.000,42.0
323,-6.311,0.993,1.509,-0.000,0.001,0.000,42.0
324,-6.312,0.993,1.509,-0.000,0.001,0.000,42.0
325,-6.312,0.994,1.509,-0.000,0.001,0.000,42.0
326,-6.312,0.994,1.509,-0.000,0.001,0.000,42.0
327,-6.313,0.994,1.509,-0.000,0.001,0.000,42.0
328,-6.313,0.994,1.509,-0.000,0.001,0.000,42.0
329,-6.313,0.994,1.509,-0.000,0.001,0.000,42.0
330,-6.313,0.994,1.509,-0.000,0.001,0.000,42.0
331,-6.314,0.994,1.509,-0.000,0.001,0.000,42.0
332,-6.314,0.994,1.509,-0.000,0.001,0.000,42.0
333,-6.314,0.994,1.509,-0.000,0.001,0.000,42.0
334,-6.314,0.994,1.509,-0.000,0.001,0.000,42.0
335,-6.315,0.994,1.509,-0.000,0.001,0.000,42.0
336,-6.315,0.994,1.509,-0.000,0.001,0.000,42.0
337,-6.315,0.995,1.509,-0.000,0.001,0.000,42.0
338,-6.315,0.995,1.509,-0.000,0.001,0.000,9.0
339,-6.316,0.995,1.509,-0.000,0.001,0.000,9.0
340,-6.316,0.995,1.509,-0.000,0.001,0.000,9.0
341,-6.316,0.995,1.509,-0.000,0.001,0.000,9.0
342,-6.316,0.995,1.509,-0.000,0.001,0.000,9.0
343,-6.316,0.995,1.509,-0.000,0.001,0.000,9.0
344,-6.317,0.995,1.509,-0.000,0.001,0.000,9.0
345,-6.317,0.995,1.509,-0.000,0.001,0.000,9.0
346,-6.317,0.995,1.509,-0.000,0.001,0.000,9.0
347,-6.317,0.995,1.509,-0.000,0.001,0.000,9.0
348,-6.318,0.995,1.509,-0.000,0.001,0.000,9.0
349,-6.318,0.995,1.509,-0.000,0.001,0.000,9.0
350,-6.318,0.995,1.509,-0.000,0.002,0.000,9.0
351,-6.318,0.995,1.509,-0.000,0.003,0.000,9.0
352,-6.318,0.995,1.509,-0.000,0.006,0.000,9.0
353,-6.319,0.996,1.509,-0.000,0.003,0.000,9.0
354,-6.319,0.996,1.509,-0.000,0.001,0.000,9.0
355,-6.319,0.996,1.509,-0.000,-0.000,0.000,9.0
356,-6.319,0.996,1.509,-0.000,0.007,0.003,9.0
357,-6.319,0.996,1.509,-0.000,0.003,0.002,42.0
358,-6.319,0.996,1.509,-0.000,-0.002,0.000,42.0
359,-6.319,0.996,1.509,-0.000,-0.005,-0.001,42.0
360,-6.320,0.996,1.509,-0.000,-0.006,-0.002,42.0
361,-6.320,0.996,1.509,-0.000,-0.005,-0.002,42.0
362,-6.320,0.996,1.509,-0.000,-0.002,0.001,42.0
363,-6.320,0.996,1.509,-0.000,0.002,0.006,42.0
364,-6.320,0.996,1.509,-0.000,0.005,0.010,42.0
365,-6.320,0.996,1.509,-0.000,0.008,0.014,42.0
366,-6.321,0.996,1.509,-0.000,0.009,0.016,42.0
367,-6.321,0.996,1.509,-0.000,0.009,0.017,42.0
368,-6.321,0.996,1.509,-0.000,0.001,-0.001,42.0
369,-6.321,0.996,1.509,-0.000,-0.006,-0.016,42.0
370,-6.321,0.995,1.509,-0.000,-0.009,-0.023,42.0
371,-6.321,0.995,1.509,-0.000,-0.009,-0.022,42.0
372,-6.321,0.995,1.509,-0.000,-0.005,-0.012,42.0
373,-6.321,0.996,1.509,-0.000,0.000,0.001,42.0
374,-6.321,0.996,1.509,-0.000,0.005,0.014,42.0
375,-6.322,0.996,1.509,-0.000,0.009,0.022,42.0
376,-6.322,0.996,1.509,-0.000,0.010,0.025,42.0
377,-6.322,0.995,1.509,-0.000,0.009,0.023,42.0
378,-6.322,0.995,1.509,-0.000,0.008,0.019,42.0
379,-6.322,0.995,1.509,-0.000,0.006,0.014,42.0
380,-6.322,0.995,1.509,-0.000,0.004,0.010,42.0
381,-6.322,0.994,1.509,-0.000,0.003,0.008,42.0
382,-6.322,0.994,1.509,-0.000,0.003,0.009,42.0
383,-6.322,0.994,1.509,-0.000,0.004,0.010,42.0
384,-6.322,0.993,1.509,-0.000,0.004,0.012,42.0
385,-6.322,0.993,1.509,-0.000,0.005,0.014,42.0
386,-6.322,0.992,1.509,-0.000,0.006,0.015,42.0
387,-6.322,0.991,1.509,-0.000,0.006,0.015,42.0
388,-6.322,0.991,1.509,-0.000,0.006,0.014,42.0
389,-6.321,0.990,1.509,-0.000,0.005,0.013,42.0
390,-6.321,0.989,1.509,-0.000,0.005,0.012,42.0
391,-6.321,0.989,1.509,-0.000,0.004,0.012,42.0
392,-6.321,0.988,1.509,-0.000,0.004,0.011,42.0
393,-6.321,0.987,1.509,-0.000,0.004,0.011,42.0
394,-6.321,0.986,1.509,-0.000,0.004,0.011,42.0
395,-6.320,0.985,1.509,-0.000,0.004,0.012,42.0
396,-6.320,0.984,1.509,-0.000,0.004,0.012,42.0
397,-6.320,0.983,1.509,-0.000,0.004,0.012,42.0
398,-6.320,0.982,1.509,-0.000,0.004,0.011,42.0
399,-6.319,0.981,1.509,-0.000,0.003,0.009,42.0
400,-6.319,0.980,1.509,-0.000,0.002,0.006,42.0
401,-6.319,0.978,1.509,-0.000,0.001,0.002,42.0
402,-6.318,0.977,1.509,-0.000,0.001,0.000,42.0
403,-6.318,0.976,1.509,-0.000,-0.025,-0.075,42.0
404,-6.318,0.975,1.509,-0.000,-0.042,-0.125,42.0
405,-6.318,0.975,1.509,-0.000,-0.044,-0.131,42.0
406,-6.318,0.975,1.509,-0.000,-0.034,-0.102,42.0
407,-6.318,0.975,1.509,-0.000,-0.018,-0.055,42.0
408,-6.318,0.975,1.509,-0.000,-0.002,-0.008,42.0
409,-6.319,0.976,1.509,-0.000,0.009,0.025,42.0
410,-6.319,0.976,1.509,-0.000,0.013,0.039,42.0
411,-6.319,0.976,1.509,-0.000,0.012,0.035,42.0
412,-6.319,0.977,1.509,-0.000,0.007,0.020,42.0
413,-6.319,0.977,1.509,-0.000,0.001,0.002,42.0
414,-6.319,0.977,1.509,-0.000,-0.004,-0.012,42.0
415,-6.320,0.977,1.509,-0.000,-0.006,-0.020,42.0
416,-6.320,0.977,1.509,-0.000,-0.006,-0.019,42.0
417,-6.320,0.977,1.509,-0.000,-0.004,-0.013,42.0
418,-6.320,0.978,1.509,-0.000,-0.001,-0.005,42.0
419,-6.320,0.978,1.509,-0.000,0.001,0.002,42.0
420,-6.320,0.978,1.509,-0.000,0.003,0.007,42.0
421,-6.321,0.979,1.509,-0.000,0.003,0.009,42.0
422,-6.321,0.979,1.509,-0.000,0.003,0.007,42.0
423,-6.321,0.979,1.509,-0.000,0.002,0.004,42.0
424,-6.321,0.980,1.509,-0.000,0.001,0.001,42.0
425,-6.321,0.980,1.509,-0.000,-0.000,-0.001,42.0
426,-6.321,0.980,1.509,-0.000,-0.001,-0.002,42.0
427,-6.322,0.980,1.509,-0.000,-0.000,-0.002,42.0
428,-6.322,0.981,1.509,-0.000,-0.000,-0.001,42.0
429,-6.322,0.981,1.509,-0.000,0.000,0.000,42.0
430,-6.322,0.981,1.509,-0.000,0.001,0.002,42.0
431,-6.322,0.981,1.509,-0.000,0.001,0.002,42.0
432,-6.322,0.982,1.509,-0.000,0.001,0.002,42.0
433,-6.322,0.982,1.509,-0.000,0.001,0.002,42.0
434,-6.323,0.982,1.509,-0.000,0.001,0.001,42.0
435,-6.323,0.982,1.509,-0.000,0.001,0.001,42.0
436,-6.323,0.982,1.509,-0.000,0.000,0.000,42.0
437,-6.323,0.983,1.509,-0.000,0.000,0.000,42.0
438,-6.323,0.983,1.509,-0.000,0.000,0.000,42.0
439,-6.323,0.983,1.509,-0.000,0.000,0.001,42.0
440,-6.323,0.983,1.509,-0.000,0.001,0.001,42.0
441,-6.324,0.984,1.509,-0.000,0.001,0.001,42.0
442,-6.324,0.984,1.509,-0.000,0.001,0.001,42.0
443,-6.324,0.984,1.509,-0.000,0.001,0.001,42.0
444,-6.324,0.984,1.509,-0.000,0.001,0.001,42.0
445,-6.324,0.984,1.509,-0.000,0.001,0.001,42.0
446,-6.324,0.985,1.509,-0.000,0.001,0.001,42.0
447,-6.324,0.985,1.509,-0.000,0.000,0.001,42.0
448,-6.324,0.985,1.509,-0.000,0.000,0.001,42.0
449,-6.324,0.985,1.509,-0.000,0.000,0.001,42.0
450,-6.325,0.985,1.509,-0.000,0.000,0.001,42.0
451,-6.325,0.986,1.509,-0.000,0.000,0.001,42.0
452,-6.325,0.986,1.509,-0.000,0.000,0.001,42.0
453,-6.325,0.986,1.509,-0.000,0.000,0.001,42.0
454,-6.325,0.986,1.509,-0.000,0.000,0.001,42.0
455,-6.325,0.986,1.509,-0.000,0.000,0.001,42.0
456,-6.325,0.987,1.509,-0.000,0.000,0.001,42.0
457,-6.325,0.987,1.509,-0.000,0.000,0.001,42.0
458,-6.325,0.987,1.509,-0.000,0.000,0.001,42.0
459,-6.326,0.987,1.509,-0.000,0.000,0.001,42.0
460,-6.326,0.987,1.509,-0.000,0.000,0.001,42.0
461,-6.326,0.987,1.509,-0.000,0.000,0.001,42.0
462,-6.326,0.988,1.509,-0.000,0.000,0.001,42.0
463,-6.326,0.988,1.509,-0.000,0.000,0.001,42.0
464,-6.326,0.988,1.509,-0.000,0.000,0.000,42.0
465,-6.326,0.988,1.509,-0.000,0.001,0.000,42.0
466,-6.326,0.988,1.509,-0.000,0.002,0.000,42.0
467,-6.326,0.988,1.509,-0.000,0.005,0.000,42.0
468,-6.326,0.989,1.509,-0.000,0.008,0.000,42.0
469,-6.326,0.989,1.509,-0.000,0.011,0.000,42.0
470,-6.326,0.989,1.509,-0.000,0.014,0.001,42.0
471,-6.326,0.989,1.509,-0.000,0.014,0.001,42.0
472,-6.326,0.989,1.509,-0.000,0.014,0.001,42.0
473,-6.326,0.989,1.509,-0.000,0.014,0.001,42.0
474,-6.326,0.989,1.509,-0.000,0.013,0.001,42.0
475,-6.326,0.990,1.509,-0.000,0.012,0.000,42.0
476,-6.326,0.990,1.509,-0.000,0.012,0.000,42.0
477,-6.325,0.990,1.509,-0.000,0.013,0.000,42.0
478,-6.325,0.990,1.509,-0.000,0.013,0.000,42.0
479,-6.324,0.990,1.509,-0.000,0.014,0.000,42.0
480,-6.324,0.990,1.509,-0.000,0.014,0.000,42.0
481,-6.323,0.990,1.509,-0.000,0.014,0.001,42.0
482,-6.323,0.991,1.509,-0.000,0.014,0.001,42.0
483,-6.322,0.991,1.509,-0.000,0.014,0.001,42.0
484,-6.322,0.991,1.509,-0.000,0.013,0.001,42.0
485,-6.321,0.991,1.509,-0.000,0.013,0.000,42.0
486,-6.320,0.991,1.509,-0.000,0.013,0.000,42.0
487,-6.319,0.991,1.509,-0.000,0.013,0.000,42.0
488,-6.319,0.991,1.509,-0.000,0.013,0.000,42.0
489,-6.318,0.992,1.509,-0.000,0.013,0.000,42.0
490,-6.317,0.992,1.509,-0.000,0.013,0.000,42.0
491,-6.316,0.992,1.509,-0.000,0.012,0.000,42.0
492,-6.315,0.992,1.509,-0.000,0.012,0.000,42.0
493,-6.314,0.992,1.509,-0.000,0.012,0.000,42.0
494,-6.312,0.992,1.509,-0.000,0.012,0.000,42.0
495,-6.311,0.992,1.509,-0.000,0.012,0.000,42.0
496,-6.310,0.992,1.510,-0.000,0.011,0.000,42.0
497,-6.309,0.993,1.510,-0.000,0.011,0.000,42.0
498,-6.308,0.993,1.510,-0.000,0.011,0.000,42.0
499,-6.306,0.993,1.510,-0.000,0.011,0.000,42.0
500,-6.305,0.993,1.510,-0.000,0.011,0.000,42.0
501,-6.303,0.993,1.510,-0.000,0.011,0.000,42.0
502,-6.302,0.993,1.510,-0.000,0.010,0.000,42.0
503,-6.301,0.993,1.510,-0.000,0.010,0.000,42.0
504,-6.299,0.993,1.510,-0.000,0.010,0.000,42.0
505,-6.297,0.993,1.510,-0.000,0.010,0.000,42.0
506,-6.296,0.994,1.510,-0.000,-0.097,0.002,42.0
507,-6.295,0.994,1.510,-0.000,-0.170,0.002,42.0
508,-6.294,0.994,1.510,-0.000,-0.182,0.003,42.0
509,-6.294,0.994,1.510,-0.000,-0.144,0.002,42.0
510,-6.294,0.994,1.510,-0.000,-0.079,0.001,42.0
511,-6.295,0.994,1.510,-0.000,-0.014,0.001,42.0
512,-6.296,0.994,1.510,-0.000,0.034,-0.000,42.0
513,-6.296,0.994,1.510,-0.000,0.054,-0.000,42.0
514,-6.297,0.994,1.510,-0.000,0.050,-0.000,42.0
515,-6.297,0.994,1.510,-0.000,0.030,-0.000,42.0
516,-6.297,0.994,1.510,-0.000,0.005,0.000,42.0
517,-6.298,0.994,1.510,-0.000,-0.016,0.001,42.0
518,-6.298,0.995,1.510,-0.000,-0.027,0.001,42.0
519,-6.298,0.995,1.510,-0.000,-0.027,0.001,42.0
520,-6.299,0.995,1.510,-0.000,-0.019,0.001,42.0
521,-6.299,0.995,1.510,-0.000,-0.008,0.000,42.0
522,-6.299,0.995,1.510,-0.000,0.003,0.000,42.0
523,-6.300,0.995,1.510,-0.000,0.010,0.000,42.0
524,-6.300,0.995,1.510,-0.000,0.012,0.000,42.0
525,-6.301,0.995,1.510,-0.000,0.010,0.000,42.0
526,-6.301,0.995,1.510,-0.000,0.006,0.000,42.0
527,-6.302,0.995,1.510,-0.000,0.002,0.000,42.0
528,-6.302,0.995,1.510,-0.000,-0.002,0.000,42.0
529,-6.302,0.995,1.510,-0.000,-0.003,0.000,42.0
530,-6.303,0.995,1.510,-0.000,-0.003,0.000,42.0
531,-6.303,0.995,1.510,-0.000,-0.001,0.000,42.0
532,-6.304,0.995,1.510,-0.000,0.001,0.000,42.0
533,-6.304,0.996,1.510,-0.000,0.002,0.000,42.0
534,-6.304,0.996,1.510,-0.000,0.003,0.000,42.0
535,-6.305,0.996,1.510,-0.000,0.003,0.000,42.0
536,-6.305,0.996,1.510,-0.000,0.003,0.000,42.0
537,-6.306,0.996,1.510,-0.000,0.002,0.000,42.0
538,-6.306,0.996,1.510,-0.000,0.001,0.000,42.0
539,-6.306,0.996,1.510,-0.000,0.001,0.000,42.0
540,-6.307,0.996,1.510,-0.000,0.001,0.000,42.0
541,-6.307,0.996,1.510,-0.000,0.001,0.000,42.0
542,-6.307,0.996,1.510,-0.000,0.001,0.000,42.0
543,-6.308,0.996,1.510,-0.000,0.001,0.000,42.0
544,-6.308,0.996,1.510,-0.000,0.002,0.000,42.0
545,-6.308,0.996,1.510,-0.000,0.002,0.000,42.0
546,-6.309,0.996,1.510,-0.000,0.002,0.000,42.0
547,-6.309,0.996,1.510,-0.000,0.002,0.000,42.0
548,-6.309,0.996,1.510,-0.000,0.001,0.000,42.0
549,-6.310,0.996,1.510,-0.000,0.001,0.000,42.0
550,-6.310,0.996,1.510,-0.000,0.001,0.000,42.0
551,-6.310,0.996,1.510,-0.000,0.001,0.000,42.0
552,-6.311,0.997,1.510,-0.000,0.001,0.000,42.0
553,-6.311,0.997,1.510,-0.000,0.001,0.000,42.0
554,-6.311,0.997,1.510,-0.000,0.001,0.000,42.0
555,-6.311,0.997,1.510,-0.000,0.001,0.000,42.0
556,-6.312,0.997,1.510,-0.000,0.001,0.000,42.0
557,-6.312,0.997,1.510,-0.000,0.001,0.000,42.0
558,-6.312,0.997,1.510,-0.000,0.001,0.000,42.0
559,-6.313,0.997,1.510,-0.000,0.001,0.000,42.0
560,-6.313,0.997,1.510,-0.000,0.001,0.000,42.0
561,-6.313,0.997,1.510,-0.000,0.001,0.000,42.0
562,-6.313,0.997,1.510,-0.000,0.001,0.000,42.0
563,-6.314,0.997,1.510,-0.000,0.001,0.000,42.0
564,-6.314,0.997,1.510,-0.000,0.001,0.000,42.0
565,-6.314,0.997,1.510,-0.000,0.001,0.000,42.0
566,-6.314,0.997,1.510,-0.000,0.001,0.000,42.0
567,-6.315,0.997,1.510,-0.000,0.001,0.000,42.0
568,-6.315,0.997,1.510,-0.000,0.001,0.000,42.0
569,-6.315,0.997,1.510,-0.000,0.001,0.000,42.0
570,-6.315,0.997,1.510,-0.000,0.001,0.000,42.0
571,-6.316,0.997,1.510,-0.000,0.001,0.000,42.0
572,-6.316,0.997,1.510,-0.000,0.001,0.000,42.0
573,-6.316,0.997,1.510,-0.000,0.001,0.000,42.0
574,-6.316,0.997,1.510,-0.000,0.001,0.000,42.0
575,-6.316,0.997,1.510,-0.000,0.001,0.000,42.0
576,-6.317,0.997,1.510,-0.000,0.001,0.000,42.0
577,-6.317,0.998,1.510,-0.000,0.001,0.000,42.0
578,-6.317,0.998,1.510,-0.000,0.001,0.000,42.0
579,-6.317,0.998,1.510,-0.000,0.001,0.000,42.0
580,-6.318,0.998,1.510,-0.000,0.001,0.000,42.0
581,-6.318,0.998,1.510,-0.000,0.001,0.000,42.0
582,-6.318,0.998,1.510,-0.000,0.001,0.000,42.0
583,-6.318,0.998,1.510,-0.000,0.001,0.000,42.0
584,-6.318,0.998,1.510,-0.000,0.001,0.000,42.0
585,-6.319,0.998,1.510,-0.000,0.001,0.000,42.0
586,-6.319,0.998,1.510,-0.000,0.001,0.000,42.0
587,-6.319,0.998,1.510,-0.000,0.001,0.000,42.0
588,-6.319,0.998,1.510,-0.000,0.001,0.000,42.0
589,-6.319,0.998,1.510,-0.000,0.001,0.000,42.0
590,-6.319,0.998,1.510,-0.000,0.001,0.000,42.0
591,-6.320,0.998,1.510,-0.000,0.001,0.000,42.0
592,-6.320,0.998,1.510,-0.000,0.001,0.000,42.0
593,-6.320,0.998,1.510,-0.000,0.001,0.000,42.0
594,-6.320,0.998,1.510,-0.000,0.001,0.000,42.0
595,-6.320,0.998,1.510,-0.000,0.001,0.000,42.0
596,-6.321,0.998,1.510,-0.000,0.001,0.000,42.0
597,-6.321,0.998,1.510,-0.000,0.001,0.000,42.0
598,-6.321,0.998,1.510,-0.000,0.001,0.000,42.0
599,-6.321,0.998,1.510,-0.000,0.001,0.000,42.0
600,-6.321,0.998,1.510,-0.000,0.001,0.000,42.0
601,-6.321,0.998,1.510,-0.000,0.001,0.000,42.0
602,-6.322,0.998,1.510,-0.000,0.001,0.000,42.0
603,-6.322,0.998,1.510,-0.000,0.001,0.000,42.0
604,-6.322,0.998,1.510,-0.000,0.001,0.000,42.0
605,-6.322,0.998,1.510,-0.000,0.001,0.000,42.0
606,-6.322,0.998,1.510,-0.000,0.001,0.000,42.0
607,-6.322,0.998,1.510,-0.000,0.001,0.000,42.0
608,-6.322,0.998,1.510,-0.000,0.001,0.000,42.0
609,-6.323,0.998,1.510,-0.000,0.001,0.000,42.0
610,-6.323,0.998,1.510,-0.000,0.001,0.000,42.0
611,-6.323,0.998,1.510,-0.000,0.001,0.000,42.0
612,-6.323,0.998,1.510,-0.000,0.001,0.000,42.0
613,-6.323,0.998,1.510,-0.000,0.001,0.000,42.0
614,-6.323,0.998,1.510,-0.000,0.001,0.000,42.0
615,-6.323,0.998,1.510,-0.000,0.001,0.000,42.0
616,-6.324,0.999,1.510,-0.000,0.001,0.000,42.0
617,-6.324,0.999,1.510,-0.000,0.007,0.001,42.0
618,-6.324,0.999,1.510,-0.000,0.011,0.002,42.0
619,-6.324,0.999,1.510,-0.000,0.011,0.002,42.0
620,-6.324,0.999,1.510,-0.000,0.008,0.001,42.0
621,-6.324,0.999,1.510,-0.000,0.004,0.001,42.0
622,-6.324,0.999,1.510,-0.000,0.001,0.000,42.0
623,-6.324,0.999,1.510,-0.000,-0.002,-0.000,42.0
624,-6.324,0.999,1.510,-0.000,-0.003,-0.000,42.0
625,-6.324,0.999,1.510,-0.000,-0.003,-0.000,42.0
626,-6.324,0.999,1.510,-0.000,-0.001,-0.000,42.0
627,-6.324,0.999,1.510,-0.000,0.000,0.000,42.0
628,-6.324,0.999,1.510,-0.000,0.001,0.000,42.0
629,-6.324,0.999,1.510,-0.000,0.002,0.000,42.0
630,-6.324,0.999,1.510,-0.000,0.002,0.000,42.0
631,-6.324,0.999,1.510,-0.000,0.001,0.000,42.0
632,-6.324,0.999,1.510,-0.000,0.000,0.000,42.0
633,-6.324,0.999,1.510,-0.000,-0.000,-0.000,42.0
634,-6.324,0.999,1.510,-0.000,-0.001,-0.000,42.0
635,-6.324,0.999,1.510,-0.000,-0.001,-0.000,42.0
636,-6.324,0.999,1.510,-0.000,-0.000,-0.000,42.0
637,-6.324,0.999,1.510,-0.000,-0.000,-0.000,42.0
638,-6.324,0.999,1.510,-0.000,0.000,0.000,42.0
639,-6.324,0.999,1.510,-0.000,0.000,0.000,42.0
640,-6.324,0.999,1.510,-0.000,0.000,0.000,42.0
641,-6.324,0.999,1.510,-0.000,0.000,0.000,42.0
642,-6.324,0.999,1.510,-0.000,0.000,0.000,42.0
643,-6.324,0.999,1.510,-0.000,0.000,0.000,42.0
644,-6.324,0.999,1.510,-0.000,-0.000,-0.000,42.0
645,-6.324,0.999,1.510,-0.000,-0.000,-0.000,42.0
646,-6.324,0.999,1.510,-0.000,-0.000,-0.000,42.0
647,-6.324,0.999,1.510,-0.000,-0.000,-0.000,42.0
648,-6.324,0.999,1.510,-0.000,-0.000,-0.000,42.0
649,-6.324,0.999,1.510,-0.000,0.000,0.000,42.0
650,-6.324,0.999,1.510,-0.000,0.000,0.000,42.0
651,-6.324,0.999,1.510,-0.000,0.000,0.000,42.0
652,-6.324,0.999,1.510,-0.000,0.000,0.000,42.0
653,-6.324,0.999,1.510,-0.000,0.000,0.000,42.0
654,-6.324,0.999,1.510,-0.000,-0.000,-0.000,42.0
655,-6.324,0.999,1.510,-0.000,-0.000,-0.000,42.0
656,-6.324,0.999,1.510,-0.000,-0.000,-0.000,42.0
657,-6.324,0.999,1.510,-0.000,-0.000,-0.000,42.0
658,-6.324,0.999,1.510,-0.000,-0.000,-0.000,42.0
659,-6.324,0.999,1.510,-0.000,-0.000,-0.000,42.0
660,-6.324,0.999,1.510,-0.000,0.000,0.000,42.0
661,-6.324,0.999,1.510,-0.000,0.000,0.000,42.0
662,-6.324,0.999,1.510,-0.000,0.000,0.000,42.0
663,-6.324,0.999,1.510,-0.000,0.000,0.000,42.0
664,-6.324,0.999,1.510,-0.000,0.000,0.000,42.0
665,-6.324,0.999,1.510,-0.000,-0.000,-0.000,42.0
666,-6.324,0.999,1.510,-0.000,-0.000,-0.000,42.0
667,-6.324,0.999,1.510,-0.000,-0.000,-0.000,42.0
668,-6.324,0.999,1.510,-0.000,-0.000,-0.000,42.0
669,-6.324,0.999,1.510,-0.000,-0.000,-0.000,42.0
670,-6.324,0.999,1.510,-0.000,0.000,0.000,42.0
671,-6.324,0.999,1.510,-0.000,0.000,0.000,42.0
672,-6.324,0.999,1.510,-0.000,0.000,0.000,42.0
673,-6.324,0.999,1.510,-0.000,0.000,0.000,42.0
674,-6.324,0.999,1.510,-0.000,0.000,0.000,42.0
675,-6.324,0.999,1.510,-0.000,0.000,0.000,42.0
676,-6.324,0.999,1.510,-0.000,-0.000,-0.000,42.0
677,-6.324,0.999,1.510,-0.000,-0.000,-0.000,42.0
678,-6.324,0.999,1.510,-0.000,-0.000,-0.000,42.0
679,-6.324,0.999,1.510,-0.000,-0.000,-0.000,42.0
680,-6.324,0.999,1.510,-0.000,-0.000,-0.000,42.0
681,-6.324,0.999,1.510,-0.000,0.000,0.000,42.0
682,-6.324,0.999,1.510,-0.000,0.000,0.000,42.0
683,-6.324,0.999,1.510,-0.000,0.000,0.000,42.0
684,-6.324,0.999,1.510,-0.000,0.000,0.000,42.0
685,-6.324,0.999,1.510,-0.000,0.000,0.000,42.0
686,-6.324,0.999,1.510,-0.000,-0.000,-0.000,42.0
687,-6.324,0.999,1.510,-0.000,-0.000,-0.000,42.0
688,-6.324,0.999,1.510,-0.000,-0.000,-0.000,42.0
689,-6.324,0.999,1.510,-0.000,-0.000,-0.000,42.0
690,-6.324,0.999,1.510,-0.000,-0.000,-0.000,42.0
691,-6.324,0.999,1.510,-0.000,-0.000,-0.000,42.0
692,-6.324,0.999,1.510,-0.000,0.000,0.000,42.0
693,-6.324,0.999,1.510,-0.000,0.000,0.000,42.0
694,-6.324,0.999,1.510,-0.000,0.000,0.000,42.0
695,-6.324,0.999,1.510,-0.000,0.000,0.000,42.0
696,-6.324,0.999,1.510,-0.000,0.000,0.000,42.0
697,-6.324,0.999,1.510,-0.000,-0.000,-0.000,42.0
698,-6.324,0.999,1.510,-0.000,-0.000,-0.000,42.0
699,-6.324,0.999,1.510,-0.000,-0.000,-0.000,42.0
700,-6.324,0.999,1.510,-0.000,-0.000,-0.000,42.0
701,-6.324,0.999,1.510,-0.000,-0.000,-0.000,42.0
702,-6.324,0.999,1.510,-0.000,0.000,0.000,42.0
703,-6.324,0.999,1.510,-0.000,0.000,0.000,42.0
704,-6.324,0.999,1.510,-0.000,0.000,0.000,42.0
705,-6.324,0.999,1.510,-0.000,0.000,0.000,42.0
706,-6.324,0.999,1.510,-0.000,0.000,0.000,42.0
707,-6.324,0.999,1.510,-0.000,0.000,0.000,42.0
708,-6.324,0.999,1.510,-0.000,-0.000,-0.000,42.0
709,-6.324,0.999,1.510,-0.000,-0.000,-0.000,42.0
710,-6.324,0.999,1.510,-0.000,-0.000,-0.000,42.0
711,-6.324,0.999,1.510,-0.000,-0.000,-0.000,42.0
712,-6.324,0.999,1.510,-0.000,-0.000,-0.000,42.0
713,-6.324,0.999,1.510,-0.000,0.000,0.000,42.0
714,-6.324,0.999,1.510,-0.000,0.000,0.000,42.0
715,-6.324,0.999,1.510,-0.000,0.000,0.000,42.0
716,-6.324,0.999,1.510,-0.000,0.000,0.000,42.0
717,-6.324,0.999,1.510,-0.000,0.000,0.000,42.0
718,-6.324,0.999,1.510,-0.000,-0.000,-0.000,42.0
719,-6.324,0.999,1.510,-0.000,-0.000,-0.000,42.0
720,-6.324,0.999,1.510,-0.000,-0.000,-0.000,42.0
721,-6.324,0.999,1.510,-0.000,-0.000,-0.000,42.0
722,-6.324,0.999,1.510,-0.000,-0.000,-0.000,42.0
723,-6.324,0.999,1.510,-0.000,-0.000,-0.000,42.0
724,-6.324,0.999,1.510,-0.000,0.000,0.000,42.0
725,-6.324,0.999,1.510,-0.000,0.000,0.000,42.0
726,-6.324,0.999,1.510,-0.000,0.000,0.000,42.0
727,-6.324,0.999,1.510,-0.000,0.000,0.000,42.0
728,-6.324,0.999,1.510,-0.000,0.000,0.000,42.0
729,-6.324,0.999,1.510,-0.000,-0.000,-0.000,42.0
730,-6.324,0.999,1.510,-0.000,-0.000,-0.000,42.0
731,-6.324,0.999,1.510,-0.000,-0.000,-0.000,42.0
732,-6.324,0.999,1.510,-0.000,-0.000,-0.000,42.0
733,-6.324,0.999,1.510,-0.000,-0.000,-0.000,42.0
734,-6.324,0.999,1.510,-0.000,0.000,0.000,42.0
735,-6.324,0.999,1.510,-0.000,0.000,0.000,42.0
736,-6.324,0.999,1.510,-0.000,0.000,0.000,42.0
737,-6.324,0.999,1.510,-0.000,0.000,0.000,42.0
738,-6.324,0.999,1.510,-0.000,0.000,0.000,42.0
739,-6.324,0.999,1.510,-0.000,0.000,0.000,42.0
740,-6.324,0.999,1.510,-0.000,-0.000,-0.000,42.0
741,-6.324,0.999,1.510,-0.000,-0.000,-0.000,42.0
742,-6.324,0.999,1.510,-0.000,-0.000,-0.000,42.0
743,-6.324,0.999,1.510,-0.000,-0.000,-0.000,42.0
744,-6.324,0.999,1.510,-0.000,-0.000,-0.000,42.0
745,-6.324,0.999,1.510,-0.000,0.000,0.000,42.0
746,-6.324,0.999,1.510,-0.000,0.000,0.000,42.0
747,-6.324,0.999,1.510,-0.000,0.000,0.000,42.0
748,-6.324,0.999,1.510,-0.000,0.000,0.000,42.0
749,-6.324,0.999,1.510,-0.000,0.000,0.000,42.0
750,-6.324,0.999,1.510,-0.000,-0.000,-0.000,42.0
751,-6.324,0.999,1.510,-0.000,-0.000,-0.000,42.0
752,-6.324,0.999,1.510,-0.000,-0.000,-0.000,42.0
753,-6.324,0.999,1.510,-0.000,-0.000,-0.000,42.0
754,-6.324,0.999,1.510,-0.000,-0.000,-0.000,42.0
755,-6.324,0.999,1.510,-0.000,-0.000,-0.000,42.0
756,-6.324,0.999,1.510,-0.000,0.000,0.000,42.0
757,-6.324,0.999,1.510,-0.000,0.000,0.000,42.0
758,-6.324,0.999,1.510,-0.000,0.000,0.000,42.0
759,-6.324,0.999,1.510,-0.000,0.000,0.000,42.0
760,-6.324,0.999,1.510,-0.000,0.000,0.000,42.0
761,-6.324,0.999,1.510,-0.000,-0.000,-0.000,42.0
762,-6.324,0.999,1.510,-0.000,-0.000,-0.000,42.0
763,-6.324,0.999,1.510,-0.000,-0.000,-0.000,42.0
764,-6.324,0.999,1.510,-0.000,-0.000,-0.000,42.0
765,-6.324,0.999,1.510,-0.000,-0.000,-0.000,42.0
766,-6.324,0.999,1.510,-0.000,-0.000,-0.000,42.0
767,-6.324,0.999,1.510,-0.000,0.000,0.000,42.0
768,-6.324,0.999,1.510,-0.000,0.000,0.000,42.0
769,-6.324,0.999,1.510,-0.000,0.000,0.000,42.0
770,-6.324,0.999,1.510,-0.000,0.000,0.000,42.0
771,-6.324,0.999,1.510,-0.000,0.000,0.000,42.0
772,-6.324,0.999,1.510,-0.000,-0.000,0.000,42.0
773,-6.324,0.999,1.510,-0.000,-0.000,0.000,42.0
774,-6.324,0.999,1.510,-0.000,-0.000,0.000,42.0
775,-6.324,0.999,1.510,-0.000,-0.000,0.000,42.0
776,-6.324,0.999,1.510,-0.000,-0.000,0.000,42.0
777,-6.324,0.999,1.510,-0.000,-0.000,-0.000,42.0
778,-6.324,0.999,1.510,-0.000,0.000,-0.000,42.0
779,-6.324,0.999,1.510,-0.000,0.000,-0.000,42.0
780,-6.324,0.999,1.510,-0.000,0.000,-0.000,42.0
781,-6.324,0.999,1.510,-0.000,0.000,-0.000,42.0
782,-6.324,0.999,1.510,-0.000,0.000,-0.000,42.0
783,-6.324,0.999,1.510,-0.000,0.000,-0.000,42.0
784,-6.324,0.999,1.510,-0.000,0.000,-0.000,42.0
785,-6.324,0.999,1.510,-0.000,0.000,-0.000,42.0
786,-6.324,0.999,1.510,-0.000,0.000,-0.000,42.0
787,-6.324,0.999,1.510,-0.000,-0.000,-0.000,42.0
788,-6.324,0.999,1.510,-0.000,-0.000,-0.000,42.0
789,-6.324,0.999,1.510,-0.000,-0.000,-0.000,42.0
790,-6.324,0.999,1.510,-0.000,-0.000,-0.000,42.0
791,-6.324,0.999,1.510,-0.000,-0.000,0.000,42.0
792,-6.324,0.999,1.510,-0.000,-0.000,0.000,42.0
793,-6.324,0.999,1.510,-0.000,-0.000,0.000,42.0
794,-6.324,0.999,1.510,-0.000,-0.000,0.000,42.0
795,-6.324,0.999,1.510,-0.000,-0.000,0.000,42.0
796,-6.324,0.999,1.510,-0.000,-0.000,0.000,42.0
797,-6.324,0.999,1.510,-0.000,-0.000,0.000,42.0
798,-6.324,0.999,1.510,-0.000,-0.000,0.000,42.0
799,-6.324,0.999,1.510,-0.000,-0.000,0.000,42.0
800,-6.324,0.999,1.510,-0.000,0.000,0.000,42.0
801,-6.324,0.999,1.510,-0.000,0.000,0.000,42.0
802,-6.324,0.999,1.510,-0.000,0.000,0.000,42.0
803,-6.324,0.999,1.510,-0.000,0.000,0.000,42.0
804,-6.324,0.999,1.510,-0.000,0.000,0.000,42.0
805,-6.324,0.999,1.510,-0.000,0.000,0.000,42.0
806,-6.324,0.999,1.510,-0.000,0.000,0.000,42.0
807,-6.324,0.999,1.510,-0.000,0.000,0.000,42.0
808,-6.324,0.999,1.510,-0.000,0.000,-0.000,42.0
809,-6.324,0.999,1.510,-0.000,0.000,-0.000,42.0
810,-6.324,0.999,1.510,-0.000,0.000,-0.000,42.0
811,-6.324,0.999,1.510,-0.000,0.000,-0.000,42.0
812,-6.324,0.999,1.510,-0.000,0.000,-0.000,42.0
813,-6.324,0.999,1.510,-0.000,0.000,-0.000,42.0
814,-6.324,0.999,1.510,-0.000,-0.000,-0.000,42.0
815,-6.324,0.999,1.510,-0.000,-0.000,-0.000,42.0
816,-6.324,0.999,1.510,-0.000,-0.000,-0.000,42.0
817,-6.324,0.999,1.510,-0.000,-0.000,-0.000,42.0
818,-6.324,0.999,1.510,-0.000,-0.000,-0.000,42.0
819,-6.324,0.999,1.510,-0.000,-0.000,-0.000,42.0
820,-6.324,0.999,1.510,-0.000,-0.000,-0.000,42.0
821,-6.324,0.999,1.510,-0.000,-0.000,-0.000,42.0
822,-6.324,0.999,1.510,-0.000,-0.000,-0.000,42.0
823,-6.324,0.999,1.510,-0.000,-0.000,-0.000,42.0
824,-6.324,0.999,1.510,-0.000,-0.000,-0.000,42.0
825,-6.324,0.999,1.510,-0.000,-0.000,0.000,42.0
826,-6.324,0.999,1.510,-0.000,-0.000,0.000,42.0
827,-6.324,0.999,1.510,-0.000,-0.000,0.000,42.0
828,-6.324,0.999,1.510,-0.000,-0.000,0.000,42.0
829,-6.324,0.999,1.510,-0.000,-0.000,0.000,42.0
830,-6.324,0.999,1.510,-0.000,-0.000,0.000,42.0
831,-6.324,0.999,1.510,-0.000,0.000,0.000,42.0
832,-6.324,0.999,1.510,-0.000,0.000,0.000,42.0
833,-6.324,0.999,1.510,-0.000,0.000,0.000,42.0
834,-6.324,0.999,1.510,-0.000,0.000,0.000,42.0
835,-6.324,0.999,1.510,-0.000,0.000,0.000,42.0
836,-6.324,0.999,1.510,-0.000,0.000,0.000,42.0
837,-6.324,0.999,1.510,-0.000,0.000,0.000,42.0
838,-6.324,0.999,1.510,-0.000,0.000,0.000,42.0
839,-6.324,0.999,1.510,-0.000,0.000,0.000,42.0
840,-6.324,0.999,1.510,-0.000,0.000,0.000,42.0
841,-6.324,0.999,1.510,-0.000,0.000,0.000,42.0
842,-6.324,0.999,1.510,-0.000,0.000,-0.000,42.0
843,-6.324,0.999,1.510,-0.000,0.000,-0.000,42.0
844,-6.324,0.999,1.510,-0.000,0.000,-0.000,42.0
845,-6.324,0.999,1.510,-0.000,0.000,-0.000,42.0
846,-6.324,0.999,1.510,-0.000,0.000,-0.000,42.0
847,-6.324,0.999,1.510,-0.000,0.000,-0.000,42.0
848,-6.324,0.999,1.510,-0.000,-0.000,-0.000,42.0
849,-6.324,0.999,1.510,-0.000,-0.000,-0.000,42.0
850,-6.324,0.999,1.510,-0.000,-0.000,-0.000,42.0
851,-6.324,0.999,1.510,-0.000,-0.000,-0.000,42.0
852,-6.324,0.999,1.510,-0.000,-0.000,-0.000,42.0
853,-6.324,0.999,1.510,-0.000,-0.000,-0.000,42.0
854,-6.324,0.999,1.510,-0.000,-0.000,-0.000,42.0
855,-6.324,0.999,1.510,-0.000,-0.000,-0.000,42.0
856,-6.324,0.999,1.510,-0.000,-0.000,-0.000,42.0
857,-6.324,0.999,1.510,-0.000,-0.000,-0.000,42.0
858,-6.324,0.999,1.510,-0.000,-0.000,-0.000,42.0
859,-6.324,0.999,1.510,-0.000,-0.000,0.000,42.0
860,-6.324,0.999,1.510,-0.000,-0.000,0.000,42.0
861,-6.324,0.999,1.510,-0.000,-0.000,0.000,42.0
862,-6.324,0.999,1.510,-0.000,-0.000,0.000,42.0
863,-6.324,0.999,1.510,-0.000,-0.000,0.000,42.0
864,-6.324,0.999,1.510,-0.000,-0.000,0.000,42.0
865,-6.324,0.999,1.510,-0.000,0.000,0.000,42.0
866,-6.324,0.999,1.510,-0.000,0.000,0.000,42.0
867,-6.324,0.999,1.510,-0.000,0.000,0.000,42.0
868,-6.324,0.999,1.510,-0.000,0.000,0.000,42.0
869,-6.324,0.999,1.510,-0.000,0.000,0.000,42.0
870,-6.324,0.999,1.510,-0.000,0.000,0.000,42.0
871,-6.324,0.999,1.510,-0.000,0.000,0.000,42.0
872,-6.324,0.999,1.510,-0.000,0.000,0.000,42.0
873,-6.324,0.999,1.510,-0.000,0.000,0.000,42.0
874,-6.324,0.999,1.510,-0.000,0.000,0.000,42.0
875,-6.324,0.999,1.510,-0.000,0.000,0.000,42.0
876,-6.324,0.999,1.510,-0.000,0.000,-0.000,42.0
877,-6.324,0.999,1.510,-0.000,0.000,-0.000,42.0
878,-6.324,0.999,1.510,-0.000,0.000,-0.000,42.0
879,-6.324,0.999,1.510,-0.000,0.000,-0.000,42.0
880,-6.324,0.999,1.510,-0.000,0.000,-0.000,42.0
881,-6.324,0.999,1.510,-0.000,0.000,-0.000,42.0
882,-6.324,0.999,1.510,-0.000,-0.000,-0.000,42.0
883,-6.324,0.999,1.510,-0.000,-0.000,-0.000,42.0
884,-6.324,0.999,1.510,-0.000,-0.000,-0.000,42.0
885,-6.324,0.999,1.510,-0.000,-0.000,-0.000,42.0
886,-6.324,0.999,1.510,-0.000,-0.000,-0.000,42.0
887,-6.324,0.999,1.510,-0.000,-0.000,-0.000,42.0
888,-6.324,0.999,1.510,-0.000,-0.000,-0.000,42.0
889,-6.324,0.999,1.510,-0.000,-0.000,-0.000,42.0
890,-6.324,0.999,1.510,-0.000,-0.000,-0.000,42.0
891,-6.324,0.999,1.510,-0.000,-0.000,-0.000,42.0
892,-6.324,0.999,1.510,-0.000,-0.000,-0.000,42.0
893,-6.324,0.999,1.510,-0.000,-0.000,0.000,42.0
894,-6.324,0.999,1.510,-0.000,-0.000,0.000,42.0
895,-6.324,0.999,1.510,-0.000,-0.000,0.000,42.0
896,-6.324,0.999,1.510,-0.000,-0.000,0.000,42.0
897,-6.324,0.999,1.510,-0.000,-0.000,0.000,42.0
898,-6.324,0.999,1.510,-0.000,-0.000,0.000,42.0
899,-6.324,0.999,1.510,-0.000,0.000,0.000,42.0
900,-6.324,0.999,1.510,-0.000,0.000,0.000,42.0
901,-6.324,0.999,1.510,-0.000,0.000,0.000,42.0
902,-6.324,0.999,1.510,-0.000,0.000,0.000,42.0
903,-6.324,0.999,1.510,-0.000,0.000,0.000,42.0
904,-6.324,0.999,1.510,-0.000,0.000,0.000,42.0
905,-6.324,0.999,1.510,-0.000,0.000,0.000,42.0
906,-6.324,0.999,1.510,-0.000,0.000,0.000,42.0
907,-6.324,0.999,1.510,-0.000,0.000,0.000,42.0
908,-6.324,0.999,1.510,-0.000,0.000,0.000,42.0
909,-6.324,0.999,1.510,-0.000,0.000,0.000,42.0
910,-6.324,0.999,1.510,-0.000,0.000,-0.000,42.0
911,-6.324,0.999,1.510,-0.000,0.000,-0.000,42.0
912,-6.324,0.999,1.510,-0.000,0.000,-0.000,42.0
913,-6.324,0.999,1.510,-0.000,0.000,-0.000,42.0
914,-6.324,0.999,1.510,-0.000,0.000,-0.000,42.0
915,-6.324,0.999,1.510,-0.000,0.000,-0.000,42.0
916,-6.324,0.999,1.510,-0.000,0.000,-0.000,42.0
917,-6.324,0.999,1.510,-0.000,-0.000,-0.000,42.0
918,-6.324,0.999,1.510,-0.000,-0.000,-0.000,42.0
919,-6.324,0.999,1.510,-0.000,-0.000,-0.000,42.0
920,-6.324,0.999,1.510,-0.000,-0.000,-0.000,42.0
921,-6.324,0.999,1.510,-0.000,-0.000,-0.000,42.0
922,-6.324,0.999,1.510,-0.000,-0.000,-0.000,42.0
923,-6.324,0.999,1.510,-0.000,-0.000,-0.000,42.0
924,-6.324,0.999,1.510,-0.000,-0.000,-0.000,42.0
925,-6.324,0.999,1.510,-0.000,-0.000,-0.000,42.0
926,-6.324,0.999,1.510,-0.000,-0.000,-0.000,42.0
927,-6.324,0.999,1.510,-0.000,-0.000,0.000,42.0
928,-6.324,0.999,1.510,-0.000,-0.000,0.000,42.0
929,-6.324,0.999,1.510,-0.000,-0.000,0.000,42.0
930,-6.324,0.999,1.510,-0.000,-0.000,0.000,42.0
931,-6.324,0.999,1.510,-0.000,-0.000,0.000,42.0
932,-6.324,0.999,1.510,-0.000,-0.000,0.000,42.0
933,-6.324,0.999,1.510,-0.000,-0.000,0.000,42.0
934,-6.324,0.999,1.510,-0.000,0.000,0.000,42.0
935,-6.324,0.999,1.510,-0.000,0.000,0.000,42.0
936,-6.324,0.999,1.510,-0.000,0.000,0.000,42.0
937,-6.324,0.999,1.510,-0.000,0.000,0.000,42.0
938,-6.324,0.999,1.510,-0.000,0.000,0.000,42.0
939,-6.324,0.999,1.510,-0.000,0.000,0.000,42.0
940,-6.324,0.999,1.510,-0.000,0.000,0.000,42.0
941,-6.324,0.999,1.510,-0.000,0.000,0.000,42.0
942,-6.324,0.999,1.510,-0.000,0.000,0.000,42.0
943,-6.324,0.999,1.510,-0.000,0.000,0.000,42.0
944,-6.324,0.999,1.510,-0.000,0.000,-0.000,42.0
945,-6.324,0.999,1.510,-0.000,0.000,-0.000,42.0
946,-6.324,0.999,1.510,-0.000,0.000,-0.000,42.0
947,-6.324,0.999,1.510,-0.000,0.000,-0.000,42.0
948,-6.324,0.999,1.510,-0.000,0.000,-0.000,42.0
949,-6.324,0.999,1.510,-0.000,0.000,-0.000,42.0
950,-6.324,0.999,1.510,-0.000,0.000,-0.000,42.0
951,-6.324,0.999,1.510,-0.000,-0.000,-0.000,42.0
952,-6.324,0.999,1.510,-0.000,-0.000,-0.000,42.0
953,-6.324,0.999,1.510,-0.000,-0.000,-0.000,42.0
954,-6.324,0.999,1.510,-0.000,-0.000,-0.000,42.0
955,-6.324,0.999,1.510,-0.000,-0.000,-0.000,42.0
956,-6.324,0.999,1.510,-0.000,-0.000,-0.000,42.0
957,-6.324,0.999,1.510,-0.000,-0.000,-0.000,42.0
958,-6.324,0.999,1.510,-0.000,-0.000,-0.000,42.0
959,-6.324,0.999,1.510,-0.000,-0.000,-0.000,42.0
960,-6.324,0.999,1.510,-0.000,-0.000,-0.000,42.0
961,-6.324,0.999,1.510,-0.000,-0.000,0.000,42.0
962,-6.324,0.999,1.510,-0.000,-0.000,0.000,42.0
963,-6.324,0.999,1.510,-0.000,-0.000,0.000,42.0
964,-6.324,0.999,1.510,-0.000,-0.000,0.000,42.0
965,-6.324,0.999,1.510,-0.000,-0.000,0.000,42.0
966,-6.324,0.999,1.510,-0.000,-0.000,0.000,42.0
967,-6.324,0.999,1.510,-0.000,-0.000,0.000,42.0
968,-6.324,0.999,1.510,-0.000,0.000,0.000,42.0
969,-6.324,0.999,1.510,-0.000,0.000,0.000,42.0
970,-6.324,0.999,1.510,-0.000,0.000,0.000,42.0
971,-6.324,0.999,1.510,-0.000,0.000,0.000,42.0
972,-6.324,0.999,1.510,-0.000,0.000,0.000,42.0
973,-6.324,0.999,1.510,-0.000,0.000,0.000,42.0
974,-6.324,0.999,1.510,-0.000,0.000,0.000,42.0
975,-6.324,0.999,1.510,-0.000,0.000,0.000,42.0
976,-6.324,0.999,1.510,-0.000,0.000,0.000,42.0
977,-6.324,0.999,1.510,-0.000,0.000,0.000,42.0
978,-6.324,0.999,1.510,-0.000,0.000,-0.000,42.0
979,-6.324,0.999,1.510,-0.000,0.000,-0.000,42.0
980,-6.324,0.999,1.510,-0.000,0.000,-0.000,42.0
981,-6.324,0.999,1.510,-0.000,0.000,-0.000,42.0
982,-6.324,0.999,1.510,-0.000,0.000,-0.000,42.0
983,-6.324,0.999,1.510,-0.000,0.000,-0.000,42.0
984,-6.324,0.999,1.510,-0.000,0.000,-0.000,42.0
985,-6.324,0.999,1.510,-0.000,-0.000,-0.000,42.0
986,-6.324,0.999,1.510,-0.000,-0.000,-0.000,42.0
987,-6.324,0.999,1.510,-0.000,-0.000,-0.000,42.0
988,-6.324,0.999,1.510,-0.000,-0.000,-0.000,42.0
989,-6.324,0.999,1.510,-0.000,-0.000,-0.000,42.0
990,-6.324,0.999,1.510,-0.000,-0.000,-0.000,42.0
991,-6.324,0.999,1.510,-0.000,-0.000,-0.000,42.0
992,-6.324,0.999,1.510,-0.000,-0.000,-0.000,42.0
993,-6.324,0.999,1.510,-0.000,-0.000,-0.000,42.0
994,-6.324,0.999,1.510,-0.000,-0.000,-0.000,42.0
995,-6.324,0.999,1.510,-0.000,-0.000,0.000,42.0
996,-6.324,0.999,1.510,-0.000,-0.000,0.000,42.0
997,-6.324,0.999,1.510,-0.000,-0.000,0.000,42.0
998,-6.324,0.999,1.510,-0.000,-0.000,0.000,42.0
999,-6.324,0.999,1.510,-0.000,-0.000,0.000,42.0
1000,-6.324,0.999,1.510,-0.000,-0.000,0.000,42.0
