1617315156.506361000
1617315156.994045000
1617315157.467817000
1617315157.979204000
1617315158.576882000
1617315159.157954000
1617315159.752197000
1617315160.323344000
1617315160.922450000
1617315161.489756000
1617315162.139881000
1617315162.748454000
1617315163.375637000
1617315163.923336000
1617315164.465726000
1617315165.023460000
1617315165.616481000
1617315166.258473000
1617315166.829581000
1617315167.411743000
1617315175.683168000
1617315188.051228000
1617315188.766118000
1617315189.522023000
1617315190.148960000
1617315190.993175000
1617315191.563141000
1617315192.132508000
1617315192.891052000
1617315193.922804000
1617315194.839339000
1617315195.833184000
1617315196.791358000
1617315197.770016000
1617315198.624272000
1617315199.393163000
1617315200.286424000
1617315201.358372000
1617315202.100884000
1617315203.030561000
1617315203.959619000
1617315204.902205000
1617315205.720325000
1617315206.459534000
1617315207.163028000
1617315207.884068000
1617315208.580845000
1617315209.171554000
1617315209.877685000
1617315210.672565000
