1,0.900,-1.000,0.000,0.000,0.000,0.000,1
2,0.900,-1.000,0.153,0.000,0.000,0.000,1
3,0.900,-1.000,0.473,0.000,0.000,0.000,1
4,0.900,-1.000,0.808,0.000,0.000,0.000,1
5,0.900,-1.000,1.088,0.000,0.000,0.000,1
6,0.900,-1.000,1.290,0.000,0.000,0.000,1
7,0.900,-1.000,1.420,0.000,0.000,0.000,1
8,0.900,-1.000,1.493,0.000,0.000,0.000,1
9,0.900,-1.000,1.522,0.000,0.000,0.000,1
10,0.900,-1.000,1.534,0.000,0.000,0.000,1
11,0.900,-1.000,1.533,0.000,0.000,0.000,1
12,0.900,-1.000,1.527,0.000,0.000,0.000,1
13,0.900,-1.000,1.519,0.000,0.000,0.000,1
14,0.900,-1.000,1.512,0.000,0.000,0.000,1
15,0.900,-1.000,1.506,0.000,0.000,0.000,1
16,0.900,-1.000,1.506,0.000,0.000,0.000,1
17,0.900,-1.000,1.507,0.000,0.000,0.000,1
18,0.900,-1.000,1.507,0.000,0.000,0.000,1
19,0.900,-1.000,1.508,0.000,0.000,0.000,1
20,0.900,-1.000,1.508,0.000,0.000,0.000,1
21,0.900,-1.000,1.509,0.000,0.000,0.000,1
22,0.900,-1.000,1.509,0.000,0.000,0.000,1
23,0.900,-1.000,1.509,0.000,0.000,0.000,1
24,0.900,-1.000,1.509,0.000,0.007,-0.008,16.0
25,0.900,-1.000,1.509,0.000,0.012,-0.015,16.0
26,0.900,-1.000,1.509,0.000,0.014,-0.018,16.0
27,0.900,-1.000,1.509,0.000,0.011,-0.015,16.0
28,0.900,-1.000,1.509,0.000,0.007,-0.009,16.0
29,0.901,-0.999,1.509,0.000,0.003,-0.004,16.0
30,0.901,-0.999,1.509,0.000,0.001,-0.001,16.0
31,0.901,-0.999,1.510,0.000,0.002,-0.001,16.0
32,0.901,-0.999,1.510,0.000,0.005,-0.004,16.0
33,0.901,-0.998,1.510,0.000,0.008,-0.008,16.0
34,0.902,-0.998,1.510,0.000,0.008,-0.010,16.0
35,0.902,-0.998,1.510,0.000,0.006,-0.008,16.0
36,0.902,-0.997,1.510,0.000,0.003,-0.006,16.0
37,0.902,-0.997,1.510,0.000,0.001,-0.003,16.0
38,0.903,-0.997,1.510,0.000,0.001,-0.002,16.0
39,0.903,-0.996,1.504,0.000,0.003,-0.003,16.0
40,0.903,-0.996,1.503,0.000,0.006,-0.005,16.0
41,0.904,-0.995,1.502,0.000,0.009,-0.008,16.0
42,0.904,-0.995,1.501,0.000,0.008,-0.009,16.0
43,0.904,-0.994,1.500,0.000,0.005,-0.007,16.0
44,0.905,-0.994,1.499,0.000,0.001,-0.004,16.0
45,0.905,-0.993,1.498,0.000,-0.001,-0.002,16.0
46,0.906,-0.993,1.498,0.000,-0.000,-0.001,16.0
47,0.906,-0.992,1.497,0.000,0.003,-0.002,16.0
48,0.907,-0.992,1.497,0.000,0.007,-0.005,16.0
49,0.907,-0.991,1.496,0.000,0.009,-0.008,16.0
50,0.908,-0.991,1.496,0.000,0.143,-0.123,16.0
51,0.909,-0.990,1.496,0.000,0.228,-0.195,16.0
52,0.910,-0.988,1.496,0.000,0.225,-0.191,16.0
53,0.913,-0.986,1.496,0.000,0.148,-0.122,16.0
54,0.916,-0.983,1.496,0.000,-0.067,-0.133,16.0
55,0.919,-0.980,1.497,0.000,-0.252,-0.102,16.0
56,0.921,-0.976,1.497,0.000,-0.348,-0.026,16.0
57,0.922,-0.973,1.497,0.000,-0.293,0.199,16.0
58,0.921,-0.970,1.496,0.000,-0.325,0.354,20.0
59,0.920,-0.968,1.496,0.000,-0.291,0.378,20.0
60,0.918,-0.967,1.496,0.000,-0.198,0.294,20.0
61,0.915,-0.967,1.496,0.000,-0.085,0.156,20.0
62,0.912,-0.968,1.496,0.000,0.166,-0.003,20.0
63,0.909,-0.969,1.496,0.000,0.170,-0.094,20.0
64,0.907,-0.970,1.496,0.000,0.094,-0.122,20.0
65,0.905,-0.970,1.496,0.000,0.003,-0.101,20.0
66,0.903,-0.970,1.496,0.000,-0.070,-0.050,20.0
67,0.901,-0.970,1.496,0.000,-0.105,0.005,20.0
68,0.898,-0.970,1.496,0.000,-0.100,0.045,20.0
69,0.895,-0.970,1.496,0.000,-0.067,0.063,20.0
70,0.892,-0.970,1.496,0.000,-0.023,0.057,20.0
71,0.889,-0.970,1.496,0.000,0.017,0.037,20.0
72,0.886,-0.971,1.496,0.000,0.042,0.012,20.0
73,0.883,-0.971,1.496,0.000,0.049,-0.010,20.0
74,0.880,-0.972,1.496,0.000,0.041,-0.022,20.0
75,0.878,-0.972,1.496,0.000,0.025,-0.024,20.0
76,0.875,-0.973,1.496,0.000,0.009,-0.018,20.0
77,0.873,-0.973,1.495,0.000,-0.003,-0.008,20.0
78,0.870,-0.973,1.495,0.000,-0.008,0.001,20.0
79,0.867,-0.974,1.495,0.000,-0.006,0.007,20.0
80,0.865,-0.974,1.495,0.000,0.000,0.009,20.0
81,0.862,-0.974,1.495,0.000,0.008,0.008,20.0
82,0.860,-0.975,1.495,0.000,0.014,0.004,20.0
83,0.857,-0.975,1.495,0.000,0.017,-0.000,20.0
84,0.855,-0.975,1.495,0.000,0.017,-0.004,20.0
85,0.852,-0.976,1.495,0.000,0.015,-0.005,20.0
86,0.850,-0.976,1.495,0.000,0.012,-0.005,20.0
87,0.847,-0.976,1.495,0.000,0.009,-0.004,20.0
88,0.845,-0.977,1.495,0.000,0.007,-0.002,20.0
89,0.843,-0.977,1.495,0.000,0.007,-0.001,20.0
90,0.840,-0.977,1.495,0.000,0.007,0.000,20.0
91,0.838,-0.977,1.495,0.000,0.008,0.001,20.0
92,0.836,-0.978,1.495,0.000,0.009,0.000,20.0
93,0.834,-0.978,1.495,0.000,0.010,-0.001,20.0
94,0.831,-0.978,1.495,0.000,0.011,-0.001,20.0
95,0.829,-0.979,1.495,0.000,0.010,-0.002,20.0
96,0.827,-0.979,1.495,0.000,0.010,-0.002,20.0
97,0.825,-0.979,1.495,0.000,0.009,-0.002,20.0
98,0.823,-0.979,1.495,0.000,0.009,-0.002,20.0
99,0.821,-0.980,1.495,0.000,0.008,-0.001,20.0
100,0.819,-0.980,1.495,0.000,0.008,-0.001,20.0
101,0.817,-0.980,1.495,0.000,0.008,-0.001,20.0
102,0.815,-0.980,1.495,0.000,0.008,-0.001,20.0
103,0.813,-0.981,1.495,0.000,0.008,-0.001,20.0
104,0.811,-0.981,1.495,0.000,0.008,-0.001,20.0
105,0.809,-0.981,1.495,0.000,0.008,-0.001,20.0
106,0.807,-0.981,1.495,0.000,0.008,-0.001,20.0
107,0.805,-0.982,1.495,0.000,0.008,-0.001,20.0
108,0.804,-0.982,1.495,0.000,0.008,-0.001,20.0
109,0.802,-0.982,1.495,0.000,0.008,-0.001,20.0
110,0.800,-0.982,1.495,0.000,0.008,-0.001,20.0
111,0.798,-0.983,1.495,0.000,0.007,-0.001,20.0
112,0.797,-0.983,1.495,0.000,0.007,-0.001,20.0
113,0.795,-0.983,1.495,0.000,0.007,-0.001,20.0
114,0.793,-0.983,1.495,0.000,0.007,-0.001,20.0
115,0.792,-0.984,1.495,0.000,0.007,-0.001,20.0
116,0.790,-0.984,1.495,0.000,0.007,-0.001,20.0
117,0.788,-0.984,1.495,0.000,0.007,-0.001,20.0
118,0.787,-0.984,1.495,0.000,0.007,-0.001,20.0
119,0.785,-0.984,1.495,0.000,0.007,-0.001,20.0
120,0.784,-0.985,1.495,0.000,0.007,-0.001,20.0
121,0.782,-0.985,1.495,0.000,0.007,-0.001,20.0
122,0.781,-0.985,1.495,0.000,0.006,-0.001,20.0
123,0.779,-0.985,1.495,0.000,0.006,-0.001,20.0
124,0.778,-0.985,1.495,0.000,0.006,-0.001,20.0
125,0.776,-0.986,1.495,0.000,0.006,-0.001,20.0
126,0.775,-0.986,1.495,0.000,0.006,-0.001,20.0
127,0.773,-0.986,1.495,0.000,0.006,-0.001,20.0
128,0.772,-0.986,1.495,0.000,0.006,-0.001,20.0
129,0.771,-0.986,1.495,0.000,0.006,-0.001,20.0
130,0.769,-0.986,1.495,0.000,0.006,-0.001,20.0
131,0.768,-0.987,1.495,0.000,0.006,-0.001,20.0
132,0.767,-0.987,1.495,0.000,0.006,-0.001,20.0
133,0.765,-0.987,1.495,0.000,0.006,-0.001,20.0
134,0.764,-0.987,1.495,0.000,0.006,-0.001,20.0
135,0.763,-0.987,1.495,0.000,0.005,-0.001,20.0
136,0.761,-0.988,1.495,0.000,0.005,-0.001,20.0
137,0.760,-0.988,1.495,0.000,0.005,-0.001,20.0
138,0.759,-0.988,1.495,0.000,0.005,-0.001,20.0
139,0.758,-0.988,1.495,0.000,0.005,-0.001,20.0
140,0.757,-0.988,1.495,0.000,0.005,-0.001,20.0
141,0.755,-0.988,1.495,0.000,0.005,-0.001,20.0
142,0.754,-0.988,1.495,0.000,0.005,-0.001,20.0
143,0.753,-0.989,1.495,0.000,0.005,-0.001,20.0
144,0.752,-0.989,1.495,0.000,0.005,-0.001,20.0
145,0.751,-0.989,1.495,0.000,0.005,-0.001,20.0
146,0.750,-0.989,1.495,0.000,0.005,-0.001,20.0
147,0.749,-0.989,1.495,0.000,0.005,-0.001,20.0
148,0.748,-0.989,1.495,0.000,0.005,-0.001,20.0
149,0.746,-0.989,1.495,0.000,0.005,-0.001,20.0
150,0.745,-0.990,1.495,0.000,0.005,-0.001,20.0
151,0.744,-0.990,1.495,0.000,0.004,-0.001,20.0
152,0.743,-0.990,1.495,0.000,0.004,-0.001,20.0
153,0.742,-0.990,1.495,0.000,0.004,-0.001,20.0
154,0.741,-0.990,1.495,0.000,0.004,-0.001,20.0
155,0.740,-0.990,1.495,0.000,0.004,-0.001,20.0
156,0.739,-0.990,1.495,0.000,0.004,-0.001,20.0
157,0.739,-0.991,1.495,0.000,0.004,-0.001,20.0
158,0.738,-0.991,1.495,0.000,0.004,-0.001,20.0
159,0.737,-0.991,1.495,0.000,0.004,-0.001,20.0
160,0.736,-0.991,1.495,0.000,0.004,-0.001,20.0
161,0.735,-0.991,1.495,0.000,0.004,-0.001,20.0
162,0.734,-0.991,1.495,0.000,0.004,-0.001,20.0
163,0.733,-0.991,1.495,0.000,0.004,-0.001,20.0
164,0.732,-0.991,1.495,0.000,0.004,-0.000,20.0
165,0.731,-0.991,1.495,0.000,0.004,-0.000,20.0
166,0.730,-0.992,1.495,0.000,0.004,-0.000,20.0
167,0.730,-0.992,1.495,0.000,0.004,-0.000,20.0
168,0.729,-0.992,1.495,0.000,0.004,-0.000,20.0
169,0.728,-0.992,1.495,0.000,0.004,-0.000,20.0
170,0.727,-0.992,1.495,0.000,0.003,-0.000,20.0
171,0.726,-0.992,1.495,0.000,0.003,-0.000,20.0
172,0.726,-0.992,1.495,0.000,0.003,-0.000,20.0
173,0.725,-0.992,1.495,0.000,0.003,-0.000,20.0
174,0.724,-0.992,1.495,0.000,0.003,-0.000,20.0
175,0.723,-0.993,1.495,0.000,0.003,-0.000,20.0
176,0.723,-0.993,1.495,0.000,0.003,-0.000,20.0
177,0.722,-0.993,1.495,0.000,0.003,-0.000,20.0
178,0.721,-0.993,1.495,0.000,0.003,-0.000,20.0
179,0.720,-0.993,1.495,0.000,0.003,-0.000,20.0
180,0.720,-0.993,1.495,0.000,0.003,-0.000,20.0
181,0.719,-0.993,1.495,0.000,0.003,-0.000,20.0
182,0.718,-0.993,1.495,0.000,0.003,-0.000,20.0
183,0.718,-0.993,1.495,0.000,0.003,-0.000,20.0
184,0.717,-0.993,1.495,0.000,0.003,-0.000,20.0
185,0.716,-0.993,1.495,0.000,0.003,-0.000,20.0
186,0.716,-0.994,1.495,0.000,0.003,-0.000,20.0
187,0.715,-0.994,1.495,0.000,0.003,-0.000,20.0
188,0.714,-0.994,1.495,0.000,0.003,-0.000,20.0
189,0.714,-0.994,1.495,0.000,0.003,-0.000,20.0
190,0.713,-0.994,1.495,0.000,0.003,-0.000,20.0
191,0.713,-0.994,1.495,0.000,0.003,-0.000,20.0
192,0.712,-0.994,1.495,0.000,0.003,-0.000,20.0
193,0.711,-0.994,1.495,0.000,0.003,-0.000,20.0
194,0.711,-0.994,1.495,0.000,0.003,-0.000,20.0
195,0.710,-0.994,1.495,0.000,0.002,-0.000,20.0
196,0.710,-0.994,1.495,0.000,0.002,-0.000,20.0
197,0.709,-0.994,1.495,0.000,0.002,-0.000,20.0
198,0.709,-0.994,1.495,0.000,0.002,-0.000,20.0
199,0.708,-0.995,1.495,0.000,0.002,-0.000,20.0
200,0.707,-0.995,1.495,0.000,0.002,-0.000,20.0
201,0.707,-0.995,1.495,0.000,0.002,-0.000,20.0
202,0.706,-0.995,1.495,0.000,0.002,-0.000,20.0
203,0.706,-0.995,1.495,0.000,0.002,-0.000,20.0
204,0.705,-0.995,1.495,0.000,0.002,-0.000,20.0
205,0.705,-0.995,1.495,0.000,0.002,-0.000,20.0
206,0.704,-0.995,1.495,0.000,0.002,-0.000,20.0
207,0.704,-0.995,1.495,0.000,0.002,-0.000,20.0
208,0.703,-0.995,1.495,0.000,0.002,-0.000,20.0
209,0.703,-0.995,1.495,0.000,0.002,-0.000,20.0
210,0.702,-0.995,1.495,0.000,0.002,-0.000,20.0
211,0.702,-0.995,1.495,0.000,0.002,-0.000,20.0
212,0.701,-0.995,1.495,0.000,0.002,-0.000,20.0
213,0.701,-0.995,1.495,0.000,0.002,-0.000,20.0
214,0.701,-0.996,1.495,0.000,0.002,-0.000,20.0
215,0.700,-0.996,1.495,0.000,0.002,-0.000,20.0
216,0.700,-0.996,1.495,0.000,0.002,-0.000,20.0
217,0.699,-0.996,1.495,0.000,0.002,-0.000,20.0
218,0.699,-0.996,1.495,0.000,0.002,-0.000,20.0
219,0.698,-0.996,1.495,0.000,0.002,-0.000,20.0
220,0.698,-0.996,1.495,0.000,0.002,-0.000,20.0
221,0.698,-0.996,1.495,0.000,0.002,-0.000,20.0
222,0.697,-0.996,1.495,0.000,0.002,-0.000,20.0
223,0.697,-0.996,1.495,0.000,0.002,-0.000,20.0
224,0.696,-0.996,1.495,0.000,0.002,-0.000,20.0
225,0.696,-0.996,1.495,0.000,0.002,-0.000,20.0
226,0.696,-0.996,1.495,0.000,0.002,-0.000,20.0
227,0.695,-0.996,1.495,0.000,0.002,-0.000,20.0
228,0.695,-0.996,1.495,0.000,0.002,-0.000,20.0
229,0.694,-0.996,1.495,0.000,0.002,-0.000,20.0
230,0.694,-0.996,1.495,0.000,0.002,-0.000,20.0
231,0.694,-0.996,1.495,0.000,0.002,-0.000,20.0
232,0.693,-0.996,1.495,0.000,0.002,-0.000,20.0
233,0.693,-0.997,1.495,0.000,0.002,-0.000,20.0
234,0.693,-0.997,1.495,0.000,0.001,-0.000,20.0
235,0.692,-0.997,1.495,0.000,0.001,-0.000,20.0
236,0.692,-0.997,1.495,0.000,0.001,-0.000,20.0
237,0.692,-0.997,1.495,0.000,0.001,-0.000,20.0
238,0.691,-0.997,1.495,0.000,0.001,-0.000,20.0
239,0.691,-0.997,1.495,0.000,0.001,-0.000,20.0
240,0.691,-0.997,1.495,0.000,0.001,-0.000,20.0
241,0.690,-0.997,1.495,0.000,0.001,-0.000,20.0
242,0.690,-0.997,1.495,0.000,0.001,-0.000,20.0
243,0.690,-0.997,1.495,0.000,0.001,-0.000,20.0
244,0.690,-0.997,1.495,0.000,0.001,-0.000,20.0
245,0.689,-0.997,1.495,0.000,0.001,-0.000,20.0
246,0.689,-0.997,1.495,0.000,0.001,-0.000,20.0
247,0.689,-0.997,1.495,0.000,0.001,-0.000,20.0
248,0.688,-0.997,1.495,0.000,0.001,-0.000,20.0
249,0.688,-0.997,1.495,0.000,0.001,-0.000,20.0
250,0.688,-0.997,1.495,0.000,0.001,-0.000,20.0
251,0.687,-0.997,1.495,0.000,0.001,-0.000,20.0
252,0.687,-0.997,1.495,0.000,0.001,-0.000,20.0
253,0.687,-0.997,1.495,0.000,0.001,-0.000,20.0
254,0.687,-0.997,1.495,0.000,0.001,-0.000,20.0
255,0.686,-0.997,1.495,0.000,0.001,-0.000,20.0
256,0.686,-0.997,1.495,0.000,0.001,-0.000,20.0
257,0.686,-0.997,1.495,0.000,0.001,-0.000,20.0
258,0.686,-0.997,1.495,0.000,0.001,-0.000,20.0
259,0.685,-0.998,1.495,0.000,0.001,-0.000,20.0
260,0.685,-0.998,1.495,0.000,0.001,-0.000,20.0
261,0.685,-0.998,1.495,0.000,0.001,-0.000,20.0
262,0.685,-0.998,1.495,0.000,0.001,-0.000,20.0
263,0.684,-0.998,1.495,0.000,0.001,-0.000,20.0
264,0.684,-0.998,1.495,0.000,0.001,-0.000,20.0
265,0.684,-0.998,1.495,0.000,0.001,-0.000,20.0
266,0.684,-0.998,1.495,0.000,0.001,-0.000,20.0
267,0.684,-0.998,1.495,0.000,0.001,-0.000,20.0
268,0.683,-0.998,1.495,0.000,0.001,-0.000,20.0
269,0.683,-0.998,1.495,0.000,0.001,-0.000,20.0
270,0.683,-0.998,1.495,0.000,0.001,-0.000,20.0
271,0.683,-0.998,1.495,0.000,0.001,-0.000,20.0
272,0.682,-0.998,1.495,0.000,0.001,-0.000,20.0
273,0.682,-0.998,1.495,0.000,0.001,-0.000,20.0
274,0.682,-0.998,1.495,0.000,0.001,-0.000,20.0
275,0.682,-0.998,1.495,0.000,0.001,-0.000,20.0
276,0.682,-0.998,1.495,0.000,0.001,-0.000,20.0
277,0.681,-0.998,1.495,0.000,0.001,-0.000,20.0
278,0.681,-0.998,1.495,0.000,0.001,-0.000,20.0
279,0.681,-0.998,1.495,0.000,0.001,-0.000,20.0
280,0.681,-0.998,1.495,0.000,0.001,-0.000,20.0
281,0.681,-0.998,1.495,0.000,0.001,-0.000,20.0
282,0.681,-0.998,1.495,0.000,0.001,-0.000,20.0
283,0.680,-0.998,1.495,0.000,0.001,-0.000,20.0
284,0.680,-0.998,1.495,0.000,0.001,-0.000,20.0
285,0.680,-0.998,1.495,0.000,0.001,-0.000,20.0
286,0.680,-0.998,1.495,0.000,0.001,-0.000,20.0
287,0.680,-0.998,1.495,0.000,0.001,-0.000,20.0
288,0.679,-0.998,1.495,0.000,0.001,-0.000,20.0
289,0.679,-0.998,1.495,0.000,0.001,-0.000,20.0
290,0.679,-0.998,1.495,0.000,0.001,-0.000,20.0
291,0.679,-0.998,1.495,0.000,0.001,-0.000,20.0
292,0.679,-0.998,1.495,0.000,0.001,-0.000,20.0
293,0.679,-0.998,1.495,0.000,0.001,-0.000,20.0
294,0.678,-0.998,1.495,0.000,0.001,-0.000,20.0
295,0.678,-0.998,1.495,0.000,0.001,-0.000,20.0
296,0.678,-0.998,1.495,0.000,0.001,-0.000,20.0
297,0.678,-0.999,1.495,0.000,0.001,-0.000,20.0
298,0.678,-0.999,1.495,0.000,0.001,-0.000,20.0
299,0.678,-0.999,1.495,0.000,0.001,-0.000,20.0
300,0.678,-0.999,1.495,0.000,0.001,-0.000,20.0
301,0.677,-0.999,1.495,0.000,0.001,-0.000,20.0
302,0.677,-0.999,1.495,0.000,0.001,-0.000,20.0
303,0.677,-0.999,1.495,0.000,0.001,-0.000,20.0
304,0.677,-0.999,1.495,0.000,0.001,-0.000,20.0
305,0.677,-0.999,1.495,0.000,0.001,-0.000,20.0
306,0.677,-0.999,1.495,0.000,0.001,-0.000,20.0
307,0.677,-0.999,1.495,0.000,0.001,-0.000,20.0
308,0.676,-0.999,1.495,0.000,0.001,-0.000,20.0
309,0.676,-0.999,1.495,0.000,0.007,-0.001,20.0
310,0.676,-0.999,1.495,0.000,0.011,-0.001,20.0
311,0.676,-0.999,1.495,0.000,0.011,-0.001,20.0
312,0.676,-0.999,1.495,0.000,0.008,-0.001,20.0
313,0.676,-0.999,1.495,0.000,0.004,-0.001,20.0
314,0.676,-0.999,1.495,0.000,0.001,-0.000,20.0
315,0.676,-0.999,1.495,0.000,-0.002,0.000,20.0
316,0.676,-0.999,1.495,0.000,-0.003,0.000,20.0
317,0.676,-0.999,1.495,0.000,-0.003,0.000,20.0
318,0.676,-0.999,1.495,0.000,-0.001,0.000,20.0
319,0.676,-0.999,1.495,0.000,0.000,-0.000,20.0
320,0.676,-0.999,1.495,0.000,0.001,-0.000,20.0
321,0.676,-0.999,1.495,0.000,0.002,-0.000,20.0
322,0.676,-0.999,1.495,0.000,0.002,-0.000,20.0
323,0.676,-0.999,1.495,0.000,0.001,-0.000,20.0
324,0.676,-0.999,1.495,0.000,0.000,-0.000,20.0
325,0.676,-0.999,1.495,0.000,-0.000,0.000,20.0
326,0.676,-0.999,1.495,0.000,-0.001,0.000,20.0
327,0.676,-0.999,1.495,0.000,-0.001,0.000,20.0
328,0.676,-0.999,1.495,0.000,-0.000,0.000,20.0
329,0.676,-0.999,1.495,0.000,-0.000,0.000,20.0
330,0.676,-0.999,1.495,0.000,0.000,-0.000,20.0
331,-0.000,4.000,1.495,0.000,0.000,-0.000,20.0
332,-0.000,4.000,1.495,0.000,0.000,-0.000,20.0
333,-0.000,4.000,1.495,0.000,0.000,-0.000,20.0
334,-0.000,4.000,1.495,0.000,0.000,-0.000,1
335,-0.000,4.000,1.495,0.000,0.000,-0.000,1
336,-0.000,4.000,1.495,0.000,-0.000,0.000,1
337,-0.000,4.000,1.495,0.000,-0.000,0.000,1
338,-0.000,4.000,1.495,0.000,-0.000,0.000,1
339,-0.000,4.000,1.495,0.000,-0.000,0.000,1
340,-0.000,4.000,1.495,0.000,-0.000,0.000,1
341,-0.000,4.000,1.495,0.000,0.000,-0.000,1
342,-0.000,4.000,1.495,0.000,0.000,-0.000,1
343,-0.000,4.000,1.495,0.000,0.000,-0.000,1
344,-0.000,4.000,1.495,0.000,0.000,-0.000,1
345,-0.000,4.000,1.495,0.000,0.000,-0.000,1
346,-0.000,4.000,1.495,0.000,0.000,-0.000,1
347,-0.000,4.000,1.495,0.000,-0.000,0.000,1
348,-0.000,4.000,1.495,0.000,-0.000,0.000,1
349,-0.000,4.000,1.495,0.000,-0.000,0.000,1
350,-0.000,4.000,1.495,0.000,-0.000,0.000,1
351,-0.000,4.000,1.495,0.000,-0.000,0.000,1
352,-0.000,4.000,1.495,0.000,0.000,-0.000,1
353,-0.000,4.000,1.495,0.000,0.000,-0.000,1
354,-0.000,4.000,1.495,0.000,0.000,-0.000,1
355,-0.000,4.000,1.495,0.000,0.000,-0.000,1
356,-0.000,4.000,1.495,0.000,0.000,-0.000,1
357,-0.000,4.000,1.495,0.000,-0.000,0.000,1
358,-0.000,4.000,1.495,0.000,-0.000,0.000,1
359,-0.000,4.000,1.495,0.000,-0.000,0.000,1
360,-0.000,4.000,1.495,0.000,-0.000,0.000,1
361,-0.000,4.000,1.495,0.000,-0.000,0.000,1
362,-0.000,4.000,1.495,0.000,-0.000,0.000,1
363,-0.000,4.000,1.495,0.000,0.000,-0.000,1
364,-0.000,4.000,1.495,0.000,0.000,-0.000,1
365,-0.000,4.000,1.495,0.000,0.000,-0.000,1
366,-0.000,4.000,1.495,0.000,0.000,-0.000,1
367,-0.000,4.000,1.495,0.000,0.000,-0.000,1
368,-0.000,4.000,1.495,0.000,-0.000,0.000,1
369,-0.000,4.000,1.495,0.000,-0.000,0.000,1
370,-0.000,4.000,1.495,0.000,-0.000,0.000,1
371,-0.000,4.000,1.495,0.000,-0.000,0.000,1
372,-0.000,4.000,1.495,0.000,-0.000,0.000,1
373,-0.000,4.000,1.495,0.000,0.000,0.000,1
374,-0.000,4.000,1.495,0.000,0.000,-0.000,1
375,-0.000,4.000,1.495,0.000,0.000,-0.000,1
376,-0.000,4.000,1.495,0.000,0.000,-0.000,1
377,-0.000,4.000,1.495,0.000,0.000,-0.000,1
378,-0.000,4.000,1.495,0.000,0.000,0.000,1
379,-0.000,4.000,1.495,0.000,-0.000,0.000,1
380,-0.000,4.000,1.495,0.000,-0.000,0.000,1
381,-0.000,4.000,1.495,0.000,-0.000,0.000,1
382,-0.000,4.000,1.495,0.000,-0.000,0.000,1
383,-0.000,4.000,1.495,0.000,-0.000,0.000,1
384,-0.000,4.000,1.495,0.000,0.000,0.000,1
385,-0.000,4.000,1.495,0.000,0.000,0.000,1
386,-0.000,4.000,1.495,0.000,0.000,0.000,1
387,-0.000,4.000,1.495,0.000,0.000,0.000,1
388,-0.000,4.000,1.495,0.000,0.000,0.000,1
389,-0.000,4.000,1.495,0.000,-0.000,0.000,1
390,-0.000,4.000,1.495,0.000,-0.000,0.000,1
391,-0.000,4.000,1.495,0.000,-0.000,0.000,1
392,-0.000,4.000,1.495,0.000,-0.000,0.000,1
393,-0.000,4.000,1.495,0.000,-0.000,0.000,1
394,-0.000,4.000,1.495,0.000,-0.000,0.000,1
395,-0.000,4.000,1.495,0.000,0.000,0.000,1
396,-0.000,4.000,1.495,0.000,0.000,0.000,1
397,-0.000,4.000,1.495,0.000,0.000,0.000,1
398,-0.000,4.000,1.495,0.000,0.000,0.000,1
399,-0.000,4.000,1.495,0.000,0.000,0.000,1
400,-0.000,4.000,1.495,0.000,-0.000,0.000,1
401,-7.124,-0.542,1.495,0.000,-0.000,0.000,1
402,-7.124,-0.542,1.495,0.000,-0.000,0.000,1
403,-7.124,-0.542,1.495,0.000,-0.000,0.000,1
404,-7.124,-0.542,1.495,0.000,-0.000,0.000,1
405,-7.124,-0.542,1.495,0.000,-0.000,0.000,1
406,-7.124,-0.542,1.495,0.000,0.049,-0.213,1
407,-7.124,-0.541,1.495,0.000,0.080,-0.352,1
408,-7.123,-0.539,1.495,0.000,0.082,-0.359,1
409,-7.122,-0.536,1.495,0.000,0.212,-0.160,1
410,-7.121,-0.533,1.495,-0.000,0.273,0.074,1
411,-7.119,-0.529,1.495,-0.000,0.236,0.261,1
412,-7.116,-0.527,1.495,-0.000,0.159,0.473,41.0
413,-7.112,-0.525,1.495,-0.000,0.066,0.523,41.0
414,-7.108,-0.526,1.495,-0.000,-0.013,0.420,41.0
415,-7.104,-0.528,1.495,-0.000,-0.059,0.234,41.0
416,-7.100,-0.531,1.495,-0.000,-0.069,0.042,41.0
417,-7.097,-0.534,1.495,-0.000,-0.050,-0.098,41.0
418,-7.093,-0.537,1.495,-0.000,-0.018,-0.161,41.0
419,-7.090,-0.540,1.496,-0.000,0.013,-0.149,41.0
420,-7.086,-0.542,1.496,-0.000,0.033,-0.089,41.0
421,-7.083,-0.543,1.496,-0.000,0.039,-0.015,41.0
422,-7.079,-0.545,1.496,-0.000,0.032,0.047,41.0
423,-7.075,-0.546,1.496,-0.000,0.017,0.079,41.0
424,-7.072,-0.548,1.496,-0.000,0.002,0.080,41.0
425,-7.068,-0.550,1.496,-0.000,-0.010,0.058,41.0
426,-7.064,-0.553,1.496,-0.000,-0.015,0.025,41.0
427,-7.060,-0.555,1.496,-0.000,-0.015,-0.006,41.0
428,-7.057,-0.558,1.496,-0.000,-0.010,-0.025,41.0
429,-7.053,-0.560,1.496,-0.000,-0.004,-0.031,41.0
430,-7.049,-0.563,1.496,-0.000,0.002,-0.026,41.0
431,-7.045,-0.565,1.496,-0.000,0.004,-0.014,41.0
432,-7.042,-0.567,1.496,-0.000,0.005,-0.001,41.0
433,-7.038,-0.569,1.496,-0.000,0.003,0.009,41.0
434,-7.034,-0.571,1.496,-0.000,0.000,0.013,41.0
435,-7.030,-0.574,1.496,-0.000,-0.002,0.012,41.0
436,-7.027,-0.576,1.496,-0.000,-0.004,0.007,41.0
437,-7.023,-0.578,1.496,-0.000,-0.005,0.001,41.0
438,-7.019,-0.581,1.496,-0.000,-0.004,-0.004,41.0
439,-7.015,-0.583,1.496,-0.000,-0.003,-0.006,41.0
440,-7.012,-0.585,1.496,-0.000,-0.002,-0.006,41.0
441,-7.008,-0.587,1.496,-0.000,-0.001,-0.005,41.0
442,-7.004,-0.590,1.496,-0.000,-0.001,-0.003,41.0
443,-7.000,-0.592,1.496,-0.000,-0.001,-0.001,41.0
444,-6.997,-0.594,1.496,-0.000,-0.001,0.001,41.0
445,-6.993,-0.597,1.496,-0.000,-0.002,0.001,41.0
446,-6.989,-0.599,1.496,-0.000,-0.002,0.001,41.0
447,-6.985,-0.601,1.496,-0.000,-0.002,-0.000,41.0
448,-6.982,-0.603,1.496,-0.000,-0.002,-0.001,41.0
449,-6.978,-0.606,1.496,-0.000,-0.002,-0.002,41.0
450,-6.974,-0.608,1.496,-0.000,-0.002,-0.002,41.0
451,-6.970,-0.610,1.496,-0.000,-0.002,-0.002,41.0
452,-6.967,-0.613,1.496,-0.000,-0.002,-0.002,41.0
453,-6.963,-0.615,1.496,-0.000,-0.002,-0.001,41.0
454,-6.959,-0.617,1.496,-0.000,-0.002,-0.001,41.0
455,-6.955,-0.620,1.496,-0.000,-0.002,-0.001,41.0
456,-6.952,-0.622,1.496,-0.000,-0.002,-0.001,41.0
457,-6.948,-0.624,1.496,-0.000,-0.002,-0.001,41.0
458,-6.944,-0.626,1.496,-0.000,-0.002,-0.001,41.0
459,-6.940,-0.629,1.496,-0.000,-0.002,-0.001,41.0
460,-6.936,-0.631,1.496,-0.000,-0.002,-0.001,41.0
461,-6.933,-0.633,1.496,-0.000,-0.002,-0.001,41.0
462,-6.929,-0.636,1.496,-0.000,-0.002,-0.001,41.0
463,-6.925,-0.638,1.496,-0.000,-0.002,-0.001,41.0
464,-6.921,-0.640,1.496,-0.000,-0.002,-0.001,41.0
465,-6.918,-0.643,1.496,-0.000,-0.002,-0.001,41.0
466,-6.914,-0.645,1.496,-0.000,-0.002,-0.001,41.0
467,-6.910,-0.647,1.496,-0.000,-0.002,-0.001,41.0
468,-6.906,-0.649,1.496,-0.000,-0.002,-0.001,41.0
469,-6.903,-0.652,1.496,-0.000,-0.002,-0.001,41.0
470,-6.899,-0.654,1.496,-0.000,-0.002,-0.001,41.0
471,-6.895,-0.656,1.496,-0.000,-0.002,-0.001,41.0
472,-6.891,-0.659,1.496,-0.000,-0.002,-0.001,41.0
473,-6.888,-0.661,1.496,-0.000,-0.002,-0.001,41.0
474,-6.884,-0.663,1.496,-0.000,-0.002,-0.001,41.0
475,-6.880,-0.666,1.496,-0.000,-0.002,-0.001,41.0
476,-6.876,-0.668,1.496,-0.000,-0.002,-0.001,41.0
477,-6.873,-0.670,1.496,-0.000,-0.002,-0.001,41.0
478,-6.869,-0.672,1.496,-0.000,-0.002,-0.001,41.0
479,-6.865,-0.675,1.496,-0.000,-0.002,-0.001,41.0
480,-6.861,-0.677,1.496,-0.000,-0.002,-0.001,41.0
481,-6.858,-0.679,1.496,-0.000,-0.002,-0.001,41.0
482,-6.854,-0.682,1.496,-0.000,-0.002,-0.001,41.0
483,-6.850,-0.684,1.496,-0.000,-0.002,-0.001,41.0
484,-6.846,-0.686,1.496,-0.000,-0.002,-0.001,41.0
485,-6.843,-0.689,1.496,-0.000,-0.002,-0.001,41.0
486,-6.839,-0.691,1.496,-0.000,-0.002,-0.001,41.0
487,-6.835,-0.693,1.496,-0.000,-0.002,-0.001,41.0
488,-6.831,-0.695,1.496,-0.000,-0.002,-0.001,41.0
489,-6.828,-0.698,1.496,-0.000,-0.002,-0.001,41.0
490,-6.824,-0.700,1.495,-0.000,-0.002,-0.001,41.0
491,-6.820,-0.702,1.495,-0.000,-0.002,-0.001,41.0
492,-6.816,-0.705,1.495,-0.000,-0.002,-0.001,41.0
493,-6.813,-0.707,1.495,-0.000,-0.002,-0.001,41.0
494,-6.809,-0.709,1.495,-0.000,-0.002,-0.001,41.0
495,-6.805,-0.711,1.495,-0.000,-0.002,-0.001,41.0
496,-6.801,-0.714,1.495,-0.000,-0.002,-0.001,41.0
497,-6.797,-0.716,1.495,-0.000,-0.002,-0.001,41.0
498,-6.794,-0.718,1.495,-0.000,-0.002,-0.001,41.0
499,-6.790,-0.721,1.495,-0.000,-0.002,-0.001,41.0
500,-6.786,-0.723,1.495,-0.000,-0.002,-0.001,41.0
501,-6.782,-0.725,1.495,-0.000,-0.002,-0.001,41.0
502,-6.779,-0.728,1.495,-0.000,-0.002,-0.001,41.0
503,-6.775,-0.730,1.495,-0.000,-0.002,-0.001,41.0
504,-6.771,-0.732,1.495,-0.000,-0.002,-0.001,41.0
505,-6.767,-0.734,1.495,-0.000,-0.002,-0.001,41.0
506,-6.764,-0.737,1.495,-0.000,-0.002,-0.001,41.0
507,-6.760,-0.739,1.495,-0.000,-0.002,-0.001,41.0
508,-6.756,-0.741,1.495,-0.000,-0.002,-0.001,41.0
509,-6.752,-0.744,1.495,-0.000,-0.002,-0.001,41.0
510,-6.749,-0.746,1.495,-0.000,-0.002,-0.001,41.0
511,-6.745,-0.748,1.495,-0.000,-0.002,-0.001,41.0
512,-6.741,-0.751,1.495,-0.000,-0.002,-0.001,41.0
513,-6.737,-0.753,1.495,-0.000,-0.002,-0.001,41.0
514,-6.734,-0.755,1.495,-0.000,-0.002,-0.001,41.0
515,-6.730,-0.757,1.495,-0.000,-0.002,-0.001,41.0
516,-6.726,-0.760,1.495,-0.000,-0.002,-0.001,41.0
517,-6.722,-0.762,1.495,-0.000,-0.002,-0.001,41.0
518,-6.719,-0.764,1.495,-0.000,-0.002,-0.001,41.0
519,-6.715,-0.767,1.495,-0.000,-0.002,-0.001,41.0
520,-6.711,-0.769,1.495,-0.000,-0.002,-0.001,41.0
521,-6.707,-0.771,1.495,-0.000,-0.002,-0.001,41.0
522,-6.704,-0.774,1.495,-0.000,-0.002,-0.001,41.0
523,-6.700,-0.776,1.495,-0.000,-0.002,-0.001,41.0
524,-6.696,-0.778,1.495,-0.000,-0.002,-0.001,41.0
525,-6.692,-0.780,1.495,-0.000,-0.002,-0.001,41.0
526,-6.689,-0.783,1.495,-0.000,-0.002,-0.001,41.0
527,-6.685,-0.785,1.495,-0.000,-0.002,-0.001,41.0
528,-6.681,-0.787,1.495,-0.000,-0.002,-0.001,41.0
529,-6.677,-0.790,1.495,-0.000,-0.002,-0.001,41.0
530,-6.674,-0.792,1.495,-0.000,-0.002,-0.001,41.0
531,-6.670,-0.794,1.495,-0.000,-0.002,-0.001,41.0
532,-6.666,-0.797,1.495,-0.000,-0.002,-0.001,41.0
533,-6.662,-0.799,1.495,-0.000,-0.002,-0.001,41.0
534,-6.658,-0.801,1.495,-0.000,-0.002,-0.001,41.0
535,-6.655,-0.803,1.495,-0.000,-0.002,-0.001,41.0
536,-6.651,-0.806,1.495,-0.000,-0.002,-0.001,41.0
537,-6.647,-0.808,1.495,-0.000,-0.002,-0.001,41.0
538,-6.643,-0.810,1.495,-0.000,-0.002,-0.001,41.0
539,-6.640,-0.813,1.495,-0.000,-0.002,-0.001,41.0
540,-6.636,-0.815,1.495,-0.000,-0.002,-0.001,41.0
541,-6.632,-0.817,1.495,-0.000,-0.002,-0.001,41.0
542,-6.628,-0.819,1.495,-0.000,-0.002,-0.001,41.0
543,-6.625,-0.822,1.495,-0.000,-0.004,-0.003,41.0
544,-6.621,-0.824,1.495,-0.000,-0.008,-0.005,41.0
545,-6.617,-0.826,1.495,-0.000,-0.012,-0.007,41.0
546,-6.614,-0.829,1.495,-0.000,-0.015,-0.009,41.0
547,-6.610,-0.831,1.495,-0.000,-0.017,-0.010,41.0
548,-6.606,-0.833,1.495,-0.000,-0.017,-0.010,41.0
549,-6.603,-0.835,1.495,-0.000,-0.016,-0.010,41.0
550,-6.599,-0.837,1.495,-0.000,-0.015,-0.009,41.0
551,-6.596,-0.839,1.495,-0.000,-0.014,-0.008,41.0
552,-6.592,-0.842,1.495,-0.000,-0.013,-0.008,41.0
553,-6.589,-0.844,1.495,-0.000,-0.013,-0.008,41.0
554,-6.586,-0.846,1.495,-0.000,-0.013,-0.008,41.0
555,-6.582,-0.848,1.495,-0.000,-0.013,-0.008,41.0
556,-6.579,-0.850,1.495,-0.000,-0.014,-0.008,41.0
557,-6.576,-0.852,1.495,-0.000,-0.014,-0.009,41.0
558,-6.573,-0.854,1.495,-0.000,-0.014,-0.009,41.0
559,-6.570,-0.856,1.495,-0.000,-0.014,-0.008,41.0
560,-6.566,-0.857,1.495,-0.000,-0.014,-0.008,41.0
561,-6.563,-0.859,1.495,-0.000,-0.013,-0.008,41.0
562,-6.560,-0.861,1.495,-0.000,-0.013,-0.008,41.0
563,-6.557,-0.863,1.495,-0.000,-0.013,-0.008,41.0
564,-6.555,-0.865,1.495,-0.000,-0.012,-0.008,41.0
565,-6.552,-0.866,1.495,-0.000,-0.012,-0.007,41.0
566,-6.549,-0.868,1.495,-0.000,-0.012,-0.007,41.0
567,-6.546,-0.870,1.495,-0.000,-0.012,-0.007,41.0
568,-6.543,-0.872,1.495,-0.000,-0.012,-0.007,41.0
569,-6.540,-0.873,1.495,-0.000,-0.012,-0.007,41.0
570,-6.538,-0.875,1.495,-0.000,-0.012,-0.007,41.0
571,-6.535,-0.877,1.495,-0.000,-0.012,-0.007,41.0
572,-6.532,-0.878,1.495,-0.000,-0.011,-0.007,41.0
573,-6.530,-0.880,1.495,-0.000,-0.011,-0.007,41.0
574,-6.527,-0.881,1.495,-0.000,-0.011,-0.007,41.0
575,-6.525,-0.883,1.495,-0.000,-0.011,-0.007,41.0
576,-6.522,-0.885,1.495,-0.000,-0.011,-0.007,41.0
577,-6.520,-0.886,1.495,-0.000,-0.011,-0.007,41.0
578,-6.517,-0.888,1.495,-0.000,-0.011,-0.006,41.0
579,-6.515,-0.889,1.495,-0.000,-0.010,-0.006,41.0
580,-6.512,-0.890,1.495,-0.000,-0.010,-0.006,41.0
581,-6.510,-0.892,1.495,-0.000,-0.010,-0.006,41.0
582,-6.508,-0.893,1.495,-0.000,-0.010,-0.006,41.0
583,-6.506,-0.895,1.495,-0.000,-0.010,-0.006,41.0
584,-6.503,-0.896,1.495,-0.000,-0.010,-0.006,41.0
585,-6.501,-0.897,1.495,-0.000,-0.010,-0.006,41.0
586,-6.499,-0.899,1.495,-0.000,-0.009,-0.006,41.0
587,-6.497,-0.900,1.495,-0.000,-0.009,-0.006,41.0
588,-6.495,-0.901,1.495,-0.000,-0.009,-0.006,41.0
589,-6.492,-0.903,1.495,-0.000,-0.009,-0.006,41.0
590,-6.490,-0.904,1.495,-0.000,-0.009,-0.005,41.0
591,-6.488,-0.905,1.495,-0.000,-0.009,-0.005,41.0
592,-6.486,-0.906,1.495,-0.000,-0.009,-0.005,41.0
593,-6.484,-0.908,1.495,-0.000,-0.009,-0.005,41.0
594,-6.482,-0.909,1.495,-0.000,-0.009,-0.005,41.0
595,-6.480,-0.910,1.495,-0.000,-0.008,-0.005,41.0
596,-6.478,-0.911,1.495,-0.000,-0.008,-0.005,41.0
597,-6.477,-0.912,1.495,-0.000,-0.008,-0.005,41.0
598,-6.475,-0.914,1.495,-0.000,-0.008,-0.005,41.0
599,-6.473,-0.915,1.495,-0.000,-0.008,-0.005,41.0
600,-6.471,-0.916,1.494,-0.000,-0.008,-0.005,41.0
601,-6.469,-0.917,1.494,-0.000,-0.008,-0.005,41.0
602,-6.467,-0.918,1.494,-0.000,-0.008,-0.005,41.0
603,-6.466,-0.919,1.494,-0.000,-0.008,-0.005,41.0
604,-6.464,-0.920,1.494,-0.000,-0.007,-0.005,41.0
605,-6.462,-0.921,1.494,-0.000,-0.007,-0.005,41.0
606,-6.461,-0.922,1.494,-0.000,-0.007,-0.004,41.0
607,-6.459,-0.923,1.494,-0.000,-0.007,-0.004,41.0
608,-6.457,-0.924,1.494,-0.000,-0.007,-0.004,41.0
609,-6.456,-0.925,1.494,-0.000,-0.007,-0.004,41.0
610,-6.454,-0.926,1.494,-0.000,-0.007,-0.004,41.0
611,-6.452,-0.927,1.494,-0.000,-0.007,-0.004,41.0
612,-6.451,-0.928,1.494,-0.000,-0.007,-0.004,41.0
613,-6.449,-0.929,1.494,-0.000,-0.007,-0.004,41.0
614,-6.448,-0.930,1.494,-0.000,-0.007,-0.004,41.0
615,-6.446,-0.931,1.494,-0.000,-0.006,-0.004,41.0
616,-6.445,-0.932,1.494,-0.000,-0.006,-0.004,41.0
617,-6.443,-0.933,1.494,-0.000,-0.006,-0.004,41.0
618,-6.442,-0.934,1.494,-0.000,-0.006,-0.004,41.0
619,-6.440,-0.934,1.494,-0.000,-0.006,-0.004,41.0
620,-6.439,-0.935,1.494,-0.000,-0.006,-0.004,41.0
621,-6.438,-0.936,1.494,-0.000,-0.006,-0.004,41.0
622,-6.436,-0.937,1.494,-0.000,-0.006,-0.004,41.0
623,-6.435,-0.938,1.494,-0.000,-0.006,-0.004,41.0
624,-6.434,-0.939,1.494,-0.000,-0.006,-0.004,41.0
625,-6.432,-0.939,1.494,-0.000,-0.006,-0.003,41.0
626,-6.431,-0.940,1.494,-0.000,-0.006,-0.003,41.0
627,-6.430,-0.941,1.494,-0.000,-0.006,-0.003,41.0
628,-6.429,-0.942,1.494,-0.000,-0.005,-0.003,41.0
629,-6.427,-0.943,1.494,-0.000,-0.005,-0.003,41.0
630,-6.426,-0.943,1.494,-0.000,-0.005,-0.003,41.0
631,-6.425,-0.944,1.494,-0.000,-0.005,-0.003,41.0
632,-6.424,-0.945,1.494,-0.000,-0.005,-0.003,41.0
633,-6.422,-0.945,1.494,-0.000,-0.005,-0.003,41.0
634,-6.421,-0.946,1.494,-0.000,-0.005,-0.003,41.0
635,-6.420,-0.947,1.494,-0.000,-0.005,-0.003,41.0
636,-6.419,-0.948,1.494,-0.000,-0.005,-0.003,41.0
637,-6.418,-0.948,1.494,-0.000,-0.005,-0.003,41.0
638,-6.417,-0.949,1.494,-0.000,-0.005,-0.003,41.0
639,-6.416,-0.950,1.494,-0.000,-0.005,-0.003,41.0
640,-6.415,-0.950,1.494,-0.000,-0.005,-0.003,41.0
641,-6.414,-0.951,1.494,-0.000,-0.005,-0.003,41.0
642,-6.412,-0.952,1.494,-0.000,-0.005,-0.003,41.0
643,-6.411,-0.952,1.494,-0.000,-0.004,-0.003,41.0
644,-6.410,-0.953,1.494,-0.000,-0.004,-0.003,41.0
645,-6.409,-0.953,1.494,-0.000,-0.004,-0.003,41.0
646,-6.408,-0.954,1.494,-0.000,-0.004,-0.003,41.0
647,-6.407,-0.955,1.494,-0.000,-0.004,-0.003,41.0
648,-6.406,-0.955,1.494,-0.000,-0.004,-0.003,41.0
649,-6.406,-0.956,1.494,-0.000,-0.004,-0.003,41.0
650,-6.405,-0.956,1.494,-0.000,-0.004,-0.002,41.0
651,-6.404,-0.957,1.494,-0.000,-0.004,-0.002,41.0
652,-6.403,-0.958,1.494,-0.000,-0.004,-0.002,41.0
653,-6.402,-0.958,1.494,-0.000,-0.004,-0.002,41.0
654,-6.401,-0.959,1.494,-0.000,-0.004,-0.002,41.0
655,-6.400,-0.959,1.494,-0.000,-0.004,-0.002,41.0
656,-6.399,-0.960,1.494,-0.000,-0.004,-0.002,41.0
657,-6.398,-0.960,1.494,-0.000,-0.004,-0.002,41.0
658,-6.397,-0.961,1.494,-0.000,-0.004,-0.002,41.0
659,-6.397,-0.961,1.494,-0.000,-0.004,-0.002,41.0
660,-6.396,-0.962,1.494,-0.000,-0.004,-0.002,41.0
661,-6.395,-0.962,1.494,-0.000,-0.004,-0.002,41.0
662,-6.394,-0.963,1.494,-0.000,-0.003,-0.002,41.0
663,-6.393,-0.963,1.494,-0.000,-0.003,-0.002,41.0
664,-6.393,-0.964,1.494,-0.000,-0.003,-0.002,41.0
665,-6.392,-0.964,1.494,-0.000,-0.003,-0.002,41.0
666,-6.391,-0.965,1.494,-0.000,-0.003,-0.002,41.0
667,-6.390,-0.965,1.494,-0.000,-0.003,-0.002,41.0
668,-6.390,-0.966,1.494,-0.000,-0.003,-0.002,41.0
669,-6.389,-0.966,1.494,-0.000,-0.003,-0.002,41.0
670,-6.388,-0.967,1.494,-0.000,-0.003,-0.002,41.0
671,-6.387,-0.967,1.494,-0.000,-0.003,-0.002,41.0
672,-6.387,-0.967,1.494,-0.000,-0.003,-0.002,41.0
673,-6.386,-0.968,1.494,-0.000,-0.003,-0.002,41.0
674,-6.385,-0.968,1.494,-0.000,-0.003,-0.002,41.0
675,-6.385,-0.969,1.494,-0.000,-0.003,-0.002,41.0
676,-6.384,-0.969,1.494,-0.000,-0.003,-0.002,41.0
677,-6.383,-0.969,1.494,-0.000,-0.003,-0.002,41.0
678,-6.383,-0.970,1.494,-0.000,-0.003,-0.002,41.0
679,-6.382,-0.970,1.494,-0.000,-0.003,-0.002,41.0
680,-6.381,-0.971,1.494,-0.000,-0.003,-0.002,41.0
681,-6.381,-0.971,1.494,-0.000,-0.003,-0.002,41.0
682,-6.380,-0.971,1.494,-0.000,-0.003,-0.002,41.0
683,-6.379,-0.972,1.494,-0.000,-0.003,-0.002,41.0
684,-6.379,-0.972,1.494,-0.000,-0.003,-0.002,41.0
685,-6.378,-0.973,1.494,-0.000,-0.003,-0.002,41.0
686,-6.378,-0.973,1.494,-0.000,-0.003,-0.002,41.0
687,-6.377,-0.973,1.494,-0.000,-0.003,-0.002,41.0
688,-6.377,-0.974,1.494,-0.000,-0.002,-0.002,41.0
689,-6.376,-0.974,1.494,-0.000,-0.002,-0.001,41.0
690,-6.375,-0.974,1.494,-0.000,-0.002,-0.001,41.0
691,-6.375,-0.975,1.494,-0.000,-0.002,-0.001,41.0
692,-6.374,-0.975,1.494,-0.000,-0.002,-0.001,41.0
693,-6.374,-0.975,1.494,-0.000,-0.002,-0.001,41.0
694,-6.373,-0.976,1.494,-0.000,-0.002,-0.001,41.0
695,-6.373,-0.976,1.494,-0.000,-0.002,-0.001,41.0
696,-6.372,-0.976,1.494,-0.000,-0.002,-0.001,41.0
697,-6.372,-0.977,1.494,-0.000,-0.002,-0.001,41.0
698,-6.371,-0.977,1.494,-0.000,-0.002,-0.001,41.0
699,-6.371,-0.977,1.494,-0.000,-0.002,-0.001,41.0
700,-6.370,-0.977,1.494,-0.000,-0.002,-0.001,41.0
701,-6.370,-0.978,1.494,-0.000,-0.002,-0.001,41.0
702,-6.369,-0.978,1.494,-0.000,-0.002,-0.001,41.0
703,-6.369,-0.978,1.494,-0.000,-0.002,-0.001,41.0
704,-6.368,-0.979,1.494,-0.000,-0.002,-0.001,41.0
705,-6.368,-0.979,1.494,-0.000,-0.002,-0.001,41.0
706,-6.367,-0.979,1.494,-0.000,-0.002,-0.001,41.0
707,-6.367,-0.979,1.494,-0.000,-0.002,-0.001,41.0
708,-6.367,-0.980,1.494,-0.000,-0.002,-0.001,41.0
709,-6.366,-0.980,1.494,-0.000,-0.002,-0.001,41.0
710,-6.366,-0.980,1.494,-0.000,-0.002,-0.001,41.0
711,-6.365,-0.980,1.494,-0.000,-0.002,-0.001,41.0
712,-6.365,-0.981,1.494,-0.000,-0.002,-0.001,41.0
713,-6.364,-0.981,1.494,-0.000,-0.002,-0.001,41.0
714,-6.364,-0.981,1.494,-0.000,-0.002,-0.001,41.0
715,-6.364,-0.981,1.494,-0.000,-0.002,-0.001,41.0
716,-6.363,-0.982,1.494,-0.000,-0.002,-0.001,41.0
717,-6.363,-0.982,1.494,-0.000,-0.002,-0.001,41.0
718,-6.362,-0.982,1.494,-0.000,-0.002,-0.001,41.0
719,-6.362,-0.982,1.494,-0.000,-0.002,-0.001,41.0
720,-6.362,-0.983,1.494,-0.000,-0.002,-0.001,41.0
721,-6.361,-0.983,1.494,-0.000,-0.002,-0.001,41.0
722,-6.361,-0.983,1.494,-0.000,-0.002,-0.001,41.0
723,-6.361,-0.983,1.494,-0.000,-0.002,-0.001,41.0
724,-6.360,-0.984,1.494,-0.000,-0.002,-0.001,41.0
725,-6.360,-0.984,1.494,-0.000,-0.002,-0.001,41.0
726,-6.360,-0.984,1.494,-0.000,-0.001,-0.001,41.0
727,-6.359,-0.984,1.494,-0.000,-0.001,-0.001,41.0
728,-6.359,-0.984,1.494,-0.000,-0.001,-0.001,41.0
729,-6.358,-0.985,1.494,-0.000,-0.001,-0.001,41.0
730,-6.358,-0.985,1.494,-0.000,-0.001,-0.001,41.0
731,-6.358,-0.985,1.494,-0.000,-0.001,-0.001,41.0
732,-6.358,-0.985,1.494,-0.000,-0.001,-0.001,41.0
733,-6.357,-0.985,1.494,-0.000,-0.001,-0.001,41.0
734,-6.357,-0.986,1.494,-0.000,-0.001,-0.001,41.0
735,-6.357,-0.986,1.494,-0.000,-0.001,-0.001,41.0
736,-6.356,-0.986,1.494,-0.000,-0.001,-0.001,41.0
737,-6.356,-0.986,1.494,-0.000,-0.001,-0.001,41.0
738,-6.356,-0.986,1.494,-0.000,-0.001,-0.001,41.0
739,-6.355,-0.987,1.494,-0.000,-0.001,-0.001,41.0
740,-6.355,-0.987,1.494,-0.000,-0.001,-0.001,41.0
741,-6.355,-0.987,1.494,-0.000,-0.001,-0.001,41.0
742,-6.355,-0.987,1.494,-0.000,-0.001,-0.001,41.0
743,-6.354,-0.987,1.494,-0.000,-0.001,-0.001,41.0
744,-6.354,-0.987,1.494,-0.000,-0.001,-0.001,41.0
745,-6.354,-0.988,1.494,-0.000,-0.001,-0.001,41.0
746,-6.353,-0.988,1.494,-0.000,-0.001,-0.001,41.0
747,-6.353,-0.988,1.494,-0.000,-0.001,-0.001,41.0
748,-6.353,-0.988,1.494,-0.000,-0.001,-0.001,41.0
749,-6.353,-0.988,1.494,-0.000,-0.001,-0.001,41.0
750,-6.352,-0.988,1.494,-0.000,-0.001,-0.001,41.0
751,-6.352,-0.988,1.494,-0.000,-0.001,-0.001,41.0
752,-6.352,-0.989,1.494,-0.000,-0.001,-0.001,41.0
753,-6.352,-0.989,1.494,-0.000,-0.001,-0.001,41.0
754,-6.351,-0.989,1.494,-0.000,-0.001,-0.001,41.0
755,-6.351,-0.989,1.494,-0.000,-0.001,-0.001,41.0
756,-6.351,-0.989,1.494,-0.000,-0.001,-0.001,41.0
757,-6.351,-0.989,1.494,-0.000,-0.001,-0.001,41.0
758,-6.351,-0.990,1.494,-0.000,-0.001,-0.001,41.0
759,-6.350,-0.990,1.494,-0.000,-0.001,-0.001,41.0
760,-6.350,-0.990,1.494,-0.000,-0.001,-0.001,41.0
761,-6.350,-0.990,1.494,-0.000,-0.001,-0.001,41.0
762,-6.350,-0.990,1.494,-0.000,-0.001,-0.001,41.0
763,-6.349,-0.990,1.494,-0.000,-0.001,-0.001,41.0
764,-6.349,-0.990,1.494,-0.000,-0.001,-0.001,41.0
765,-6.349,-0.990,1.494,-0.000,-0.001,-0.001,41.0
766,-6.349,-0.991,1.494,-0.000,-0.001,-0.001,41.0
767,-6.349,-0.991,1.494,-0.000,-0.001,-0.001,41.0
768,-6.348,-0.991,1.494,-0.000,-0.001,-0.001,41.0
769,-6.348,-0.991,1.494,-0.000,-0.001,-0.001,41.0
770,-6.348,-0.991,1.494,-0.000,-0.001,-0.001,41.0
771,-6.348,-0.991,1.494,-0.000,-0.001,-0.001,41.0
772,-6.348,-0.991,1.494,-0.000,-0.001,-0.000,41.0
773,-6.347,-0.991,1.494,-0.000,-0.001,-0.000,41.0
774,-6.347,-0.991,1.494,-0.000,-0.001,-0.000,41.0
775,-6.347,-0.992,1.494,-0.000,-0.001,-0.000,41.0
776,-6.347,-0.992,1.494,-0.000,-0.001,-0.000,41.0
777,-6.347,-0.992,1.494,-0.000,-0.001,-0.000,41.0
778,-6.347,-0.992,1.494,-0.000,-0.001,-0.000,41.0
779,-6.346,-0.992,1.494,-0.000,-0.001,-0.000,41.0
780,-6.346,-0.992,1.494,-0.000,-0.001,-0.000,41.0
781,-6.346,-0.992,1.494,-0.000,-0.001,-0.000,41.0
782,-6.346,-0.992,1.494,-0.000,-0.001,-0.000,41.0
783,-6.346,-0.992,1.494,-0.000,-0.001,-0.000,41.0
784,-6.346,-0.993,1.494,-0.000,-0.001,-0.000,41.0
785,-6.345,-0.993,1.494,-0.000,-0.001,-0.000,41.0
786,-6.345,-0.993,1.494,-0.000,-0.001,-0.000,41.0
787,-6.345,-0.993,1.494,-0.000,-0.001,-0.000,41.0
788,-6.345,-0.993,1.494,-0.000,-0.001,-0.000,41.0
789,-6.345,-0.993,1.494,-0.000,-0.001,-0.000,41.0
790,-6.345,-0.993,1.494,-0.000,-0.001,-0.000,41.0
791,-6.344,-0.993,1.494,-0.000,-0.001,-0.000,41.0
792,-6.344,-0.993,1.494,-0.000,-0.001,-0.000,41.0
793,-6.344,-0.993,1.494,-0.000,-0.001,-0.000,41.0
794,-6.344,-0.993,1.494,-0.000,-0.001,-0.000,41.0
795,-6.344,-0.994,1.494,-0.000,-0.001,-0.000,41.0
796,-6.344,-0.994,1.494,-0.000,-0.001,-0.000,41.0
797,-6.344,-0.994,1.494,-0.000,-0.001,-0.000,41.0
798,-6.343,-0.994,1.494,-0.000,-0.001,-0.000,41.0
799,-6.343,-0.994,1.494,-0.000,-0.001,-0.000,41.0
800,-6.343,-0.994,1.494,-0.000,-0.001,-0.000,41.0
801,-6.343,-0.994,1.494,-0.000,-0.001,-0.000,41.0
802,-6.343,-0.994,1.494,-0.000,-0.001,-0.000,41.0
803,-6.343,-0.994,1.494,-0.000,-0.001,-0.000,41.0
804,-6.343,-0.994,1.494,-0.000,-0.001,-0.000,41.0
805,-6.343,-0.994,1.494,-0.000,-0.001,-0.000,41.0
806,-6.342,-0.994,1.494,-0.000,-0.001,-0.000,41.0
807,-6.342,-0.994,1.494,-0.000,-0.001,-0.000,41.0
808,-6.342,-0.995,1.494,-0.000,-0.001,-0.000,41.0
809,-6.342,-0.995,1.494,-0.000,-0.001,-0.000,41.0
810,-6.342,-0.995,1.494,-0.000,-0.000,-0.000,41.0
811,-6.342,-0.995,1.494,-0.000,-0.000,-0.000,41.0
812,-6.342,-0.995,1.494,-0.000,-0.000,-0.000,41.0
813,-6.342,-0.995,1.494,-0.000,-0.006,-0.004,41.0
814,-6.342,-0.995,1.494,-0.000,-0.009,-0.006,41.0
815,-6.342,-0.995,1.494,-0.000,-0.009,-0.006,41.0
816,-6.341,-0.995,1.494,-0.000,-0.007,-0.004,41.0
817,-6.341,-0.995,1.494,-0.000,-0.004,-0.002,41.0
818,-6.341,-0.995,1.494,-0.000,-0.000,-0.000,41.0
819,-6.341,-0.995,1.494,-0.000,0.002,0.001,41.0
820,-6.341,-0.995,1.494,-0.000,0.003,0.002,41.0
821,-6.341,-0.995,1.494,-0.000,0.002,0.001,41.0
822,-6.341,-0.995,1.494,-0.000,0.001,0.001,41.0
823,-6.341,-0.995,1.494,-0.000,-0.000,-0.000,41.0
824,-6.341,-0.995,1.494,-0.000,-0.001,-0.001,41.0
825,-6.341,-0.995,1.494,-0.000,-0.001,-0.001,41.0
826,-6.341,-0.995,1.494,-0.000,-0.001,-0.001,41.0
827,-6.341,-0.995,1.494,-0.000,-0.001,-0.001,41.0
828,-6.341,-0.995,1.494,-0.000,-0.000,-0.000,41.0
829,-6.341,-0.995,1.494,-0.000,0.000,0.000,41.0
830,-6.341,-0.995,1.494,-0.000,0.000,0.000,41.0
831,-6.341,-0.995,1.494,-0.000,0.000,0.000,41.0
832,-6.341,-0.995,1.494,-0.000,0.000,0.000,41.0
833,-6.341,-0.995,1.494,-0.000,0.000,0.000,41.0
834,-6.341,-0.995,1.494,-0.000,-0.000,-0.000,41.0
835,-6.341,-0.995,1.494,-0.000,-0.000,-0.000,41.0
836,-6.341,-0.995,1.494,-0.000,-0.000,-0.000,41.0
837,-6.341,-0.995,1.494,-0.000,-0.000,-0.000,41.0
838,-6.341,-0.995,1.494,-0.000,-0.000,-0.000,41.0
839,-6.341,-0.995,1.494,-0.000,-0.000,-0.000,41.0
840,-6.341,-0.995,1.494,-0.000,0.000,0.000,41.0
841,-6.341,-0.995,1.494,-0.000,0.000,0.000,41.0
842,-6.341,-0.995,1.494,-0.000,0.000,0.000,41.0
843,-6.341,-0.995,1.494,-0.000,0.000,0.000,41.0
844,-6.341,-0.995,1.494,-0.000,0.000,0.000,41.0
845,-6.341,-0.995,1.494,-0.000,-0.000,-0.000,41.0
846,-6.341,-0.995,1.494,-0.000,-0.000,-0.000,41.0
847,-6.341,-0.995,1.494,-0.000,-0.000,-0.000,41.0
848,-6.341,-0.995,1.494,-0.000,-0.000,-0.000,41.0
849,-6.341,-0.995,1.494,-0.000,-0.000,-0.000,41.0
850,-6.341,-0.995,1.494,-0.000,0.000,0.000,41.0
851,-6.341,-0.995,1.494,-0.000,0.000,0.000,41.0
852,-6.341,-0.995,1.494,-0.000,0.000,0.000,41.0
853,-6.341,-0.995,1.494,-0.000,0.000,0.000,41.0
854,-6.341,-0.995,1.494,-0.000,0.000,0.000,41.0
855,-6.341,-0.995,1.494,-0.000,0.000,0.000,41.0
856,-6.341,-0.995,1.494,-0.000,-0.000,-0.000,41.0
857,-6.341,-0.995,1.494,-0.000,-0.000,-0.000,41.0
858,-6.341,-0.995,1.494,-0.000,-0.000,-0.000,41.0
859,-6.341,-0.995,1.494,-0.000,-0.000,-0.000,41.0
860,-6.341,-0.995,1.494,-0.000,-0.000,-0.000,41.0
861,-6.341,-0.995,1.494,-0.000,0.000,0.000,41.0
862,-6.341,-0.995,1.494,-0.000,0.000,0.000,41.0
863,-6.341,-0.995,1.494,-0.000,0.000,0.000,41.0
864,-6.341,-0.995,1.494,-0.000,0.000,0.000,41.0
865,-6.341,-0.995,1.494,-0.000,0.000,0.000,41.0
866,-6.341,-0.995,1.494,-0.000,-0.000,-0.000,41.0
867,-6.341,-0.995,1.494,-0.000,-0.000,-0.000,41.0
868,-6.341,-0.995,1.494,-0.000,-0.000,-0.000,41.0
869,-6.341,-0.995,1.494,-0.000,-0.000,-0.000,41.0
870,-6.341,-0.995,1.494,-0.000,-0.000,-0.000,41.0
871,-6.341,-0.995,1.494,-0.000,-0.000,-0.000,41.0
872,-6.341,-0.995,1.494,-0.000,0.000,0.000,41.0
873,-6.341,-0.995,1.494,-0.000,0.000,0.000,41.0
874,-6.341,-0.995,1.494,-0.000,0.000,0.000,41.0
875,-6.341,-0.995,1.494,-0.000,0.000,0.000,41.0
876,-6.341,-0.995,1.494,-0.000,0.000,0.000,41.0
877,-6.341,-0.995,1.494,-0.000,-0.000,-0.000,41.0
878,-6.341,-0.995,1.494,-0.000,-0.000,-0.000,41.0
879,-6.341,-0.995,1.494,-0.000,-0.000,-0.000,41.0
880,-6.341,-0.995,1.494,-0.000,-0.000,-0.000,41.0
881,-6.341,-0.995,1.494,-0.000,-0.000,-0.000,41.0
882,-6.341,-0.995,1.494,-0.000,0.000,-0.000,41.0
883,-6.341,-0.995,1.494,-0.000,0.000,0.000,41.0
884,-6.341,-0.995,1.494,-0.000,0.000,0.000,41.0
885,-6.341,-0.995,1.494,-0.000,0.000,0.000,41.0
886,-6.341,-0.995,1.494,-0.000,0.000,0.000,41.0
887,-6.341,-0.995,1.494,-0.000,0.000,-0.000,41.0
888,-6.341,-0.995,1.494,-0.000,-0.000,-0.000,41.0
889,-6.341,-0.995,1.494,-0.000,-0.000,-0.000,41.0
890,-6.341,-0.995,1.494,-0.000,-0.000,-0.000,41.0
891,-6.341,-0.995,1.494,-0.000,-0.000,-0.000,41.0
892,-6.341,-0.995,1.494,-0.000,0.000,-0.000,41.0
893,-6.341,-0.995,1.494,-0.000,0.000,-0.000,41.0
894,-6.341,-0.995,1.494,-0.000,0.000,-0.000,41.0
895,-6.341,-0.995,1.494,-0.000,0.000,-0.000,41.0
896,-6.341,-0.995,1.494,-0.000,0.000,-0.000,41.0
897,-6.341,-0.995,1.494,-0.000,0.000,-0.000,41.0
898,-6.341,-0.995,1.494,-0.000,0.000,-0.000,41.0
899,-6.341,-0.995,1.494,-0.000,0.000,-0.000,41.0
900,-6.341,-0.995,1.494,-0.000,0.000,-0.000,41.0
901,-6.341,-0.995,1.494,-0.000,0.000,-0.000,41.0
902,-6.341,-0.995,1.494,-0.000,0.000,-0.000,41.0
903,-6.341,-0.995,1.494,-0.000,0.000,-0.000,41.0
904,-6.341,-0.995,1.494,-0.000,0.000,-0.000,41.0
905,-6.341,-0.995,1.494,-0.000,0.000,-0.000,41.0
906,-6.341,-0.995,1.494,-0.000,0.000,-0.000,41.0
907,-6.341,-0.995,1.494,-0.000,0.000,-0.000,41.0
908,-6.341,-0.995,1.494,-0.000,0.000,-0.000,41.0
909,-6.341,-0.995,1.494,-0.000,0.000,-0.000,41.0
910,-6.341,-0.995,1.494,-0.000,0.000,-0.000,41.0
911,-6.341,-0.995,1.494,-0.000,0.000,-0.000,41.0
912,-6.341,-0.995,1.494,-0.000,0.000,-0.000,41.0
913,-6.341,-0.995,1.494,-0.000,0.000,-0.000,41.0
914,-6.341,-0.995,1.494,-0.000,0.000,-0.000,41.0
915,-6.341,-0.995,1.494,-0.000,0.000,-0.000,41.0
916,-6.341,-0.995,1.494,-0.000,0.000,-0.000,41.0
917,-6.341,-0.995,1.494,-0.000,0.000,-0.000,41.0
918,-6.341,-0.995,1.494,-0.000,0.000,-0.000,41.0
919,-6.341,-0.995,1.494,-0.000,0.000,-0.000,41.0
920,-6.341,-0.995,1.494,-0.000,0.000,-0.000,41.0
921,-6.341,-0.995,1.494,-0.000,0.000,-0.000,41.0
922,-6.341,-0.995,1.494,-0.000,0.000,-0.000,41.0
923,-6.341,-0.995,1.494,-0.000,0.000,-0.000,41.0
924,-6.341,-0.995,1.494,-0.000,0.000,-0.000,41.0
925,-6.341,-0.995,1.494,-0.000,0.000,-0.000,41.0
926,-6.341,-0.995,1.494,-0.000,0.000,-0.000,41.0
927,-6.341,-0.995,1.494,-0.000,0.000,-0.000,41.0
928,-6.341,-0.995,1.494,-0.000,0.000,-0.000,41.0
929,-6.341,-0.995,1.494,-0.000,0.000,-0.000,41.0
930,-6.341,-0.995,1.494,-0.000,0.000,-0.000,41.0
931,-6.341,-0.995,1.494,-0.000,0.000,-0.000,41.0
932,-6.341,-0.995,1.494,-0.000,0.000,-0.000,41.0
933,-6.341,-0.995,1.494,-0.000,0.000,-0.000,41.0
934,-6.341,-0.995,1.494,-0.000,0.000,-0.000,41.0
935,-6.341,-0.995,1.494,-0.000,0.000,-0.000,41.0
936,-6.341,-0.995,1.494,-0.000,0.000,-0.000,41.0
937,-6.341,-0.995,1.494,-0.000,0.000,-0.000,41.0
938,-6.341,-0.995,1.494,-0.000,0.000,-0.000,41.0
939,-6.341,-0.995,1.494,-0.000,0.000,-0.000,41.0
940,-6.341,-0.995,1.494,-0.000,0.000,-0.000,41.0
941,-6.341,-0.995,1.494,-0.000,0.000,-0.000,41.0
942,-6.341,-0.995,1.494,-0.000,0.000,-0.000,41.0
943,-6.341,-0.995,1.494,-0.000,0.000,-0.000,41.0
944,-6.341,-0.995,1.494,-0.000,0.000,-0.000,41.0
945,-6.341,-0.995,1.494,-0.000,0.000,-0.000,41.0
946,-6.341,-0.995,1.494,-0.000,0.000,-0.000,41.0
947,-6.341,-0.995,1.494,-0.000,0.000,-0.000,41.0
948,-6.341,-0.995,1.494,-0.000,0.000,-0.000,41.0
949,-6.341,-0.995,1.494,-0.000,0.000,-0.000,41.0
950,-6.341,-0.995,1.494,-0.000,0.000,-0.000,41.0
951,-6.341,-0.995,1.494,-0.000,0.000,-0.000,41.0
952,-6.341,-0.995,1.494,-0.000,0.000,-0.000,41.0
953,-6.341,-0.995,1.494,-0.000,0.000,-0.000,41.0
954,-6.341,-0.995,1.494,-0.000,0.000,-0.000,41.0
955,-6.341,-0.995,1.494,-0.000,0.000,-0.000,41.0
956,-6.341,-0.995,1.494,-0.000,0.000,-0.000,41.0
957,-6.341,-0.995,1.494,-0.000,0.000,-0.000,41.0
958,-6.341,-0.995,1.494,-0.000,0.000,-0.000,41.0
959,-6.341,-0.995,1.494,-0.000,0.000,-0.000,41.0
960,-6.341,-0.995,1.494,-0.000,0.000,-0.000,41.0
961,-6.341,-0.995,1.494,-0.000,0.000,-0.000,41.0
962,-6.341,-0.995,1.494,-0.000,0.000,-0.000,41.0
963,-6.341,-0.995,1.494,-0.000,0.000,-0.000,41.0
964,-6.341,-0.995,1.494,-0.000,0.000,-0.000,41.0
965,-6.341,-0.995,1.494,-0.000,0.000,-0.000,41.0
966,-6.341,-0.995,1.494,-0.000,0.000,-0.000,41.0
967,-6.341,-0.995,1.494,-0.000,0.000,-0.000,41.0
968,-6.341,-0.995,1.494,-0.000,0.000,-0.000,41.0
969,-6.341,-0.995,1.494,-0.000,0.000,-0.000,41.0
970,-6.341,-0.995,1.494,-0.000,0.000,-0.000,41.0
971,-6.341,-0.995,1.494,-0.000,0.000,-0.000,41.0
972,-6.341,-0.995,1.494,-0.000,0.000,-0.000,41.0
973,-6.341,-0.995,1.494,-0.000,0.000,-0.000,41.0
974,-6.341,-0.995,1.494,-0.000,0.000,-0.000,41.0
975,-6.341,-0.995,1.494,-0.000,0.000,-0.000,41.0
976,-6.341,-0.995,1.494,-0.000,0.000,-0.000,41.0
977,-6.341,-0.995,1.494,-0.000,0.000,-0.000,41.0
978,-6.341,-0.995,1.494,-0.000,0.000,-0.000,41.0
979,-6.341,-0.995,1.494,-0.000,0.000,-0.000,41.0
980,-6.341,-0.995,1.494,-0.000,0.000,-0.000,41.0
981,-6.341,-0.995,1.494,-0.000,0.000,-0.000,41.0
982,-6.341,-0.995,1.494,-0.000,0.000,-0.000,41.0
983,-6.341,-0.995,1.494,-0.000,0.000,-0.000,41.0
984,-6.341,-0.995,1.494,-0.000,0.000,-0.000,41.0
985,-6.341,-0.995,1.494,-0.000,0.000,-0.000,41.0
986,-6.341,-0.995,1.494,-0.000,0.000,-0.000,41.0
987,-6.341,-0.995,1.494,-0.000,0.000,-0.000,41.0
988,-6.341,-0.995,1.494,-0.000,0.000,-0.000,41.0
989,-6.341,-0.995,1.494,-0.000,0.000,-0.000,41.0
990,-6.341,-0.995,1.494,-0.000,0.000,-0.000,41.0
991,-6.341,-0.995,1.494,-0.000,0.000,-0.000,41.0
992,-6.341,-0.995,1.494,-0.000,0.000,-0.000,41.0
993,-6.341,-0.995,1.494,-0.000,0.000,-0.000,41.0
994,-6.341,-0.995,1.494,-0.000,0.000,-0.000,41.0
995,-6.341,-0.995,1.494,-0.000,0.000,-0.000,41.0
996,-6.341,-0.995,1.494,-0.000,0.000,-0.000,41.0
997,-6.341,-0.995,1.494,-0.000,0.000,-0.000,41.0
998,-6.341,-0.995,1.494,-0.000,0.000,-0.000,41.0
999,-6.341,-0.995,1.494,-0.000,0.000,-0.000,41.0
1000,-6.341,-0.995,1.494,-0.000,0.000,-0.000,41.0
