1,6.800,1.000,0.000,0.000,0.000,0.000,1
2,6.800,1.000,0.260,0.000,0.000,0.000,1
3,6.800,1.000,1.065,0.000,0.000,0.000,1
4,6.800,1.000,2.153,0.000,0.000,0.000,1
5,6.800,1.000,3.178,0.000,0.000,0.000,1
6,6.800,1.000,4.032,0.000,0.000,0.000,1
7,6.800,1.000,4.714,0.000,0.000,0.000,1
8,6.800,1.000,5.222,0.000,0.000,0.000,1
9,6.800,1.000,5.557,0.000,0.000,0.000,1
10,6.800,1.000,5.719,0.000,0.000,0.000,1
11,6.800,1.000,5.709,0.000,0.000,0.000,1
12,6.800,1.000,5.575,0.000,0.000,0.000,1
13,6.800,1.000,5.408,0.000,0.000,0.000,1
14,6.800,1.000,5.256,0.000,0.000,0.000,1
15,6.800,1.000,5.141,0.000,0.000,0.000,1
16,6.800,1.000,5.063,0.000,0.000,0.000,1
17,6.800,1.000,5.016,0.000,0.000,0.000,1
18,6.800,1.000,4.992,0.000,0.000,0.000,1
19,6.800,1.000,4.978,0.000,0.000,0.000,1
20,6.800,1.000,4.979,0.000,0.000,0.000,1
21,6.800,1.000,4.984,0.000,0.000,0.000,1
22,6.800,1.000,4.989,0.000,0.000,0.000,1
23,6.800,1.000,4.993,0.000,0.000,0.000,1
24,6.800,1.000,4.992,0.000,0.000,0.000,1
25,6.800,1.000,4.991,0.000,0.000,0.000,1
26,6.800,1.000,4.990,0.000,0.000,0.000,1
27,6.800,1.000,4.989,0.000,0.000,0.000,1
28,6.800,1.000,4.995,0.000,0.000,0.000,1
29,6.800,1.000,4.996,0.000,0.000,0.000,1
30,6.800,1.000,4.996,0.000,-0.218,0.016,1
31,6.799,1.000,4.997,0.000,-0.142,0.011,1
32,6.798,1.000,4.997,0.000,-0.015,0.001,1
33,6.797,1.000,4.998,0.000,-0.130,0.029,1
34,6.795,1.000,4.998,0.000,-0.220,0.049,1
35,6.793,0.999,4.998,0.000,-0.239,0.046,1
36,6.789,0.999,4.999,0.000,-0.195,0.030,1
37,6.785,0.998,4.999,0.000,-0.112,0.035,1
38,6.781,0.997,4.999,0.000,-0.026,0.034,1
39,6.776,0.996,5.000,0.000,0.032,0.008,1
40,6.772,0.996,5.000,0.000,0.061,0.004,1
41,6.768,0.995,5.000,0.000,0.059,0.004,1
42,6.764,0.994,5.000,0.000,0.034,-0.007,1
43,6.760,0.993,5.000,0.000,-0.002,-0.053,1
44,6.756,0.992,5.001,0.000,-0.030,-0.080,1
45,6.752,0.992,5.001,0.000,-0.038,-0.030,1
46,6.748,0.991,5.001,0.000,-0.037,-0.025,1
47,6.743,0.991,5.001,0.000,-0.027,-0.023,1
48,6.739,0.991,5.001,0.000,-0.002,0.045,1
49,6.735,0.990,5.002,0.000,0.216,0.031,1
50,6.731,0.990,5.002,0.000,0.356,0.001,1
51,6.728,0.989,5.002,0.000,0.180,0.063,1
52,6.726,0.989,5.002,0.000,-0.049,0.021,1
53,6.724,0.988,5.002,0.000,-0.210,-0.028,1
54,6.722,0.987,5.002,0.000,-0.219,0.075,1
55,6.718,0.986,5.002,0.000,0.174,0.173,1
56,6.715,0.985,5.002,0.000,0.482,0.206,1
57,6.714,0.983,5.002,0.000,0.391,0.238,40
58,6.714,0.980,5.003,-0.000,0.012,-0.002,40
59,6.714,0.977,5.003,-0.000,0.072,-0.060,40
60,6.714,0.974,5.003,-0.000,0.166,-0.061,40
61,6.715,0.971,5.003,-0.000,0.005,0.027,40
62,6.716,0.969,5.003,-0.000,-0.141,0.101,40
63,6.717,0.966,5.003,-0.000,-0.379,-0.078,40
64,6.716,0.963,5.003,-0.000,-0.042,-0.226,40
65,6.715,0.961,5.003,-0.000,0.297,-0.279,40
66,6.715,0.959,5.003,-0.000,0.090,-0.110,40
67,6.715,0.959,5.003,-0.000,0.233,-0.067,40
68,6.717,0.958,5.003,-0.000,0.334,-0.041,40
69,6.719,0.958,5.003,-0.000,0.061,0.192,40
70,6.721,0.957,5.003,-0.000,0.067,0.132,40
71,6.724,0.955,5.003,-0.000,0.101,0.014,40
72,6.727,0.954,5.004,-0.000,0.031,0.083,40
73,6.730,0.952,5.004,-0.000,-0.034,0.140,40
74,6.734,0.950,5.004,-0.000,-0.069,0.150,43
75,6.736,0.947,5.004,-0.000,-0.427,-0.048,43
76,6.738,0.944,5.004,-0.000,-0.200,-0.210,43
77,6.739,0.942,5.004,-0.000,0.092,-0.274,43
78,6.740,0.941,5.004,-0.000,0.019,-0.034,43
79,6.741,0.940,5.004,-0.000,-0.091,0.192,43
80,6.742,0.939,5.004,-0.000,-0.162,0.312,43
81,6.742,0.936,5.004,0.000,-0.178,0.315,43
82,6.742,0.933,5.004,0.000,0.126,0.020,43
83,6.742,0.929,5.004,0.000,0.363,-0.241,43
84,6.743,0.926,5.004,0.000,0.363,-0.203,43
85,6.746,0.924,5.004,0.000,0.111,-0.256,43
86,6.749,0.922,5.004,0.000,-0.133,-0.248,43
87,6.751,0.921,5.004,0.000,-0.335,0.033,43
88,6.753,0.921,5.004,0.000,-0.344,0.055,43
89,6.753,0.920,5.004,0.000,-0.243,0.018,43
90,6.752,0.919,5.005,0.000,0.038,0.144,43
91,6.752,0.918,5.005,0.000,0.259,0.223,44
92,6.752,0.916,5.005,0.000,0.054,0.001,44
93,6.753,0.913,5.005,0.000,-0.171,-0.205,44
94,6.753,0.912,5.005,0.000,-0.306,-0.309,44
95,6.752,0.911,5.005,0.000,-0.328,-0.303,44
96,6.750,0.912,5.005,0.000,-0.258,-0.217,44
97,6.747,0.913,5.005,0.000,-0.138,-0.097,44
98,6.743,0.915,5.005,0.000,-0.017,0.013,44
99,6.739,0.916,5.005,0.000,0.071,0.084,44
100,6.736,0.918,5.005,0.000,0.109,0.106,44
101,6.733,0.919,5.005,0.000,0.102,0.087,44
102,6.730,0.920,5.005,0.000,0.065,0.045,44
103,6.728,0.920,5.005,0.000,0.018,-0.001,44
104,6.725,0.921,5.005,0.000,-0.020,-0.034,44
105,6.723,0.922,5.005,0.000,-0.040,-0.048,44
106,6.720,0.922,5.005,0.000,-0.041,-0.044,44
107,6.717,0.923,5.005,0.000,-0.026,-0.027,44
108,6.714,0.924,5.005,0.000,-0.005,-0.006,44
109,6.711,0.926,5.005,0.000,0.014,0.012,44
110,6.708,0.927,5.005,0.000,0.027,0.021,44
111,6.706,0.928,5.005,0.000,0.031,0.023,44
112,6.703,0.929,5.005,0.000,0.027,0.018,44
113,6.700,0.929,5.005,0.000,0.019,0.010,44
114,6.698,0.930,5.005,0.000,0.011,0.002,44
115,6.695,0.931,5.005,0.000,0.005,-0.003,44
116,6.693,0.932,5.005,0.000,0.002,-0.005,44
117,6.690,0.933,5.005,0.000,0.002,-0.004,44
118,6.688,0.934,5.005,0.000,0.005,-0.000,44
119,6.685,0.935,5.005,0.000,0.009,0.003,44
120,6.683,0.936,5.005,0.000,0.012,0.006,44
121,6.681,0.936,5.005,0.000,0.013,0.007,44
122,6.678,0.937,5.005,0.000,0.014,0.007,44
123,6.676,0.938,5.005,0.000,0.013,0.006,44
124,6.674,0.939,5.005,0.000,0.011,0.004,44
125,6.671,0.940,5.005,0.000,0.009,0.003,44
126,6.669,0.940,5.005,0.000,0.008,0.002,44
127,6.667,0.941,5.005,0.000,0.008,0.002,44
128,6.665,0.942,5.005,0.000,0.008,0.002,44
129,6.662,0.943,5.005,0.000,0.009,0.003,44
130,6.660,0.943,5.005,0.000,0.009,0.003,44
131,6.658,0.944,5.005,0.000,0.009,0.004,44
132,6.656,0.945,5.005,0.000,0.010,0.004,44
133,6.654,0.946,5.005,0.000,0.009,0.004,44
134,6.652,0.946,5.005,0.000,0.009,0.003,44
135,6.650,0.947,5.005,0.000,0.009,0.003,44
136,6.648,0.948,5.005,0.000,0.008,0.003,44
137,6.646,0.948,5.005,0.000,0.008,0.003,44
138,6.644,0.949,5.005,0.000,0.008,0.003,44
139,6.642,0.950,5.005,0.000,0.008,0.003,44
140,6.641,0.950,5.005,0.000,0.008,0.003,44
141,6.639,0.951,5.005,0.000,0.008,0.003,44
142,6.637,0.952,5.005,0.000,0.008,0.003,44
143,6.635,0.952,5.005,0.000,0.008,0.003,44
144,6.633,0.953,5.005,0.000,0.008,0.003,44
145,6.632,0.954,5.005,0.000,0.008,0.003,44
146,6.630,0.954,5.005,0.000,0.007,0.003,44
147,6.628,0.955,5.005,0.000,0.007,0.003,44
148,6.627,0.955,5.005,0.000,0.007,0.003,44
149,6.625,0.956,5.005,0.000,0.007,0.002,44
150,6.623,0.957,5.005,0.000,0.007,0.002,44
151,6.622,0.957,5.005,0.000,0.007,0.002,44
152,6.620,0.958,5.005,0.000,0.007,0.002,44
153,6.618,0.958,5.005,0.000,0.007,0.002,44
154,6.617,0.959,5.005,0.000,0.007,0.002,44
155,6.615,0.959,5.005,0.000,0.007,0.002,44
156,6.614,0.960,5.005,0.000,0.007,0.002,44
157,6.612,0.960,5.005,0.000,0.006,0.002,44
158,6.611,0.961,5.005,0.000,0.006,0.002,44
159,6.609,0.961,5.005,0.000,0.006,0.002,44
160,6.608,0.962,5.005,0.000,0.006,0.002,44
161,6.607,0.962,5.005,0.000,0.006,0.002,44
162,6.605,0.963,5.005,0.000,0.006,0.002,44
163,6.604,0.963,5.005,0.000,0.006,0.002,44
164,6.602,0.964,5.005,0.000,0.006,0.002,44
165,6.601,0.964,5.005,0.000,0.006,0.002,44
166,6.600,0.965,5.005,0.000,0.006,0.002,44
167,6.598,0.965,5.005,0.000,0.006,0.002,44
168,6.597,0.966,5.005,0.000,0.006,0.002,44
169,6.596,0.966,5.005,0.000,0.005,0.002,44
170,6.595,0.967,5.005,0.000,0.005,0.002,44
171,6.593,0.967,5.005,0.000,0.005,0.002,44
172,6.592,0.968,5.005,0.000,0.005,0.002,44
173,6.591,0.968,5.005,0.000,0.005,0.002,44
174,6.590,0.968,5.005,0.000,0.005,0.002,44
175,6.589,0.969,5.005,0.000,0.005,0.002,44
176,6.587,0.969,5.005,0.000,0.005,0.002,44
177,6.586,0.970,5.005,0.000,0.005,0.002,44
178,6.585,0.970,5.005,0.000,0.005,0.002,44
179,6.584,0.970,5.005,0.000,0.005,0.002,44
180,6.583,0.971,5.005,0.000,0.005,0.002,44
181,6.582,0.971,5.005,0.000,0.005,0.002,44
182,6.581,0.972,5.005,0.000,0.005,0.002,44
183,6.580,0.972,5.005,0.000,0.005,0.002,44
184,6.579,0.972,5.005,0.000,0.005,0.002,44
185,6.578,0.973,5.005,0.000,0.004,0.002,44
186,6.577,0.973,5.005,0.000,0.004,0.002,44
187,6.576,0.973,5.005,0.000,0.004,0.002,44
188,6.575,0.974,5.005,0.000,0.004,0.002,44
189,6.574,0.974,5.005,0.000,0.004,0.001,44
190,6.573,0.974,5.005,0.000,0.004,0.001,44
191,6.572,0.975,5.005,0.000,0.004,0.001,44
192,6.571,0.975,5.005,0.000,0.004,0.001,44
193,6.570,0.975,5.005,0.000,0.004,0.001,44
194,6.569,0.976,5.005,0.000,0.004,0.001,44
195,6.568,0.976,5.005,0.000,0.004,0.001,44
196,6.567,0.976,5.005,0.000,0.004,0.001,44
197,6.566,0.977,5.005,0.000,0.004,0.001,44
198,6.565,0.977,5.005,0.000,0.004,0.001,44
199,6.565,0.977,5.005,0.000,0.004,0.001,44
200,6.564,0.978,5.005,0.000,0.004,0.001,44
201,6.563,0.978,5.005,0.000,0.004,0.001,44
202,6.562,0.978,5.005,0.000,0.004,0.001,44
203,6.561,0.978,5.005,0.000,0.004,0.001,44
204,6.560,0.979,5.005,0.000,0.003,0.001,44
205,6.560,0.979,5.005,0.000,0.003,0.001,44
206,6.559,0.979,5.005,0.000,0.003,0.001,44
207,6.558,0.980,5.005,0.000,0.003,0.001,44
208,6.557,0.980,5.005,0.000,0.002,0.001,14
209,6.557,0.980,5.005,0.000,0.025,0.001,14
210,6.556,0.980,5.005,0.000,0.039,0.001,14
211,6.555,0.981,5.005,0.000,0.041,0.001,14
212,6.555,0.981,5.005,0.000,0.032,0.001,14
213,6.555,0.981,5.005,0.000,0.018,0.001,14
214,6.554,0.981,5.005,0.000,0.004,0.001,14
215,6.554,0.982,5.005,0.000,-0.006,0.001,14
216,6.554,0.982,5.005,0.000,-0.010,0.001,14
217,6.554,0.982,5.005,0.000,-0.009,0.001,14
218,6.554,0.982,5.005,0.000,-0.004,0.001,14
219,6.553,0.983,5.005,0.000,0.001,0.001,14
220,6.553,0.983,5.005,0.000,0.005,0.001,14
221,6.553,0.983,5.005,0.000,0.014,-0.207,14
222,6.552,0.984,5.005,0.000,-0.010,-0.135,44
223,6.552,0.985,5.005,0.000,-0.002,0.216,44
224,6.552,0.986,5.005,0.000,0.009,0.462,44
225,6.552,0.985,5.005,0.000,0.239,0.303,44
226,6.552,0.983,5.005,0.000,0.385,0.064,44
227,6.554,0.981,5.005,0.000,0.146,-0.140,44
228,6.556,0.979,5.005,0.000,-0.113,-0.252,44
229,6.558,0.978,5.005,0.000,-0.278,-0.261,44
230,6.559,0.978,5.005,0.000,-0.322,-0.191,44
231,6.559,0.979,5.005,0.000,-0.263,-0.085,44
232,6.559,0.980,5.005,0.000,-0.146,0.015,44
233,6.557,0.981,5.005,0.000,-0.021,0.081,44
234,6.556,0.982,5.005,0.000,0.073,0.103,44
235,6.554,0.982,5.005,0.000,0.115,0.086,44
236,6.554,0.982,5.005,0.000,0.109,0.047,44
237,6.553,0.982,5.005,0.000,0.070,0.004,44
238,6.553,0.982,5.005,0.000,0.019,-0.029,44
239,6.552,0.982,5.005,0.000,-0.024,-0.044,44
240,6.552,0.982,5.005,0.000,-0.048,-0.042,44
241,6.552,0.982,5.005,0.000,-0.051,-0.027,44
242,6.551,0.982,5.005,0.000,-0.037,-0.008,44
243,6.550,0.983,5.005,0.000,-0.016,0.008,44
244,6.550,0.983,5.005,0.000,0.005,0.017,44
245,6.549,0.983,5.005,0.000,0.019,0.019,44
246,6.548,0.984,5.005,0.000,0.024,0.015,44
247,6.547,0.984,5.005,0.000,0.021,0.007,44
248,6.547,0.984,5.005,0.000,0.013,-0.000,44
249,6.546,0.984,5.005,0.000,0.004,-0.005,44
250,6.546,0.984,5.005,0.000,-0.003,-0.007,44
251,6.545,0.984,5.005,0.000,-0.007,-0.006,44
252,6.545,0.985,5.005,0.000,-0.006,-0.003,44
253,6.544,0.985,5.005,0.000,-0.003,0.000,44
254,6.543,0.985,5.005,0.000,0.000,0.003,44
255,6.543,0.985,5.005,0.000,0.004,0.004,44
256,6.542,0.985,5.005,0.000,0.006,0.004,44
257,6.542,0.986,5.005,0.000,0.006,0.003,44
258,6.541,0.986,5.005,0.000,0.005,0.002,44
259,6.541,0.986,5.005,0.000,0.004,0.000,44
260,6.540,0.986,5.005,0.000,0.002,-0.000,44
261,6.540,0.986,5.005,0.000,0.001,-0.001,44
262,6.539,0.987,5.005,0.000,0.001,-0.000,41
263,6.539,0.987,5.005,0.000,-0.132,0.161,41
264,6.538,0.986,5.005,0.000,-0.085,0.106,44
265,6.536,0.986,5.005,0.000,-0.007,0.012,44
266,6.535,0.985,5.005,0.000,0.056,-0.063,44
267,6.534,0.984,5.005,0.000,0.087,-0.101,44
268,6.533,0.984,5.005,0.000,0.086,-0.100,44
269,6.533,0.984,5.005,0.000,0.062,-0.071,44
270,6.532,0.985,5.005,0.000,0.027,-0.029,44
271,6.532,0.985,5.005,0.000,-0.005,0.009,41
272,6.532,0.985,5.005,0.000,-0.162,0.194,41
273,6.531,0.985,5.005,0.000,-0.257,0.307,41
274,6.530,0.984,5.005,0.000,-0.123,0.148,41
275,6.528,0.982,5.005,0.000,-0.104,0.125,41
276,6.525,0.980,5.005,0.000,-0.085,0.101,41
277,6.522,0.978,5.005,0.000,0.101,-0.087,41
278,6.520,0.975,5.005,0.000,0.234,-0.223,41
279,6.518,0.974,5.006,0.000,0.050,-0.266,41
280,6.517,0.973,5.006,0.000,-0.142,-0.224,41
281,6.515,0.973,5.006,0.000,-0.254,-0.132,41
282,6.512,0.974,5.006,0.000,-0.269,-0.029,41
283,6.509,0.974,5.006,0.000,-0.208,0.049,41
284,6.504,0.975,5.006,0.000,-0.107,0.087,41
285,6.499,0.975,5.006,0.000,-0.009,0.085,41
286,6.494,0.975,5.006,0.000,0.060,0.056,41
287,6.490,0.975,5.006,0.000,0.087,0.015,43
288,6.485,0.975,5.006,0.000,0.298,0.204,43
289,6.482,0.974,5.006,0.000,0.410,0.331,43
290,6.480,0.972,5.006,0.000,0.387,0.343,43
291,6.479,0.968,5.006,0.000,0.271,0.265,43
292,6.479,0.964,5.006,0.000,0.113,-0.077,43
293,6.480,0.960,5.006,0.000,-0.024,-0.340,43
294,6.481,0.957,5.006,0.000,0.052,-0.290,44
295,6.481,0.955,5.006,0.000,-0.010,-0.316,44
296,6.482,0.955,5.006,0.000,-0.065,-0.274,44
297,6.483,0.955,5.006,0.000,-0.083,-0.174,44
298,6.483,0.955,5.006,0.000,-0.069,-0.060,44
299,6.483,0.956,5.006,0.000,-0.037,0.033,44
300,6.483,0.957,5.006,0.000,-0.001,0.083,44
301,6.483,0.958,5.006,0.000,0.025,0.088,44
302,6.483,0.958,5.006,0.000,0.037,0.061,44
303,6.483,0.958,5.007,0.000,0.035,0.020,44
304,6.483,0.958,5.007,0.000,0.023,-0.019,44
305,6.483,0.959,5.007,0.000,0.007,-0.043,44
306,6.484,0.959,5.007,0.000,-0.006,-0.048,44
307,6.484,0.959,5.007,0.000,-0.014,-0.038,44
308,6.484,0.960,5.007,0.000,-0.016,-0.020,44
309,6.485,0.960,5.007,0.000,-0.012,-0.001,44
310,6.485,0.961,5.007,0.000,-0.006,0.013,44
311,6.485,0.962,5.007,0.000,0.000,0.019,44
312,6.485,0.962,5.007,0.000,0.004,0.018,44
313,6.485,0.963,5.007,0.000,0.006,0.012,44
314,6.485,0.963,5.007,0.000,0.005,0.004,44
315,6.486,0.963,5.007,0.000,0.003,-0.002,44
316,6.486,0.964,5.007,0.000,-0.000,-0.006,44
317,6.486,0.964,5.007,0.000,-0.002,-0.006,44
318,6.486,0.965,5.007,0.000,-0.003,-0.004,44
319,6.486,0.965,5.007,0.000,-0.003,-0.001,44
320,6.487,0.966,5.007,0.000,-0.002,0.002,44
321,6.487,0.966,5.007,0.000,-0.001,0.004,44
322,6.487,0.967,5.007,0.000,-0.000,0.005,44
323,6.487,0.967,5.007,0.000,0.000,0.005,44
324,6.487,0.967,5.007,0.000,0.000,0.003,44
325,6.487,0.968,5.007,0.000,0.000,0.002,44
326,6.488,0.968,5.007,0.000,-0.000,0.001,44
327,6.488,0.969,5.007,0.000,-0.001,0.000,44
328,6.488,0.969,5.007,0.000,-0.001,0.000,44
329,6.488,0.969,5.007,0.000,-0.001,0.001,44
330,6.488,0.970,5.007,0.000,-0.001,0.001,44
331,6.488,0.970,5.007,0.000,-0.001,0.002,44
332,6.488,0.971,5.007,0.000,-0.001,0.002,44
333,6.489,0.971,5.007,0.000,-0.001,0.002,44
334,6.489,0.971,5.007,0.000,-0.000,0.002,44
335,6.489,0.972,5.007,0.000,-0.000,0.002,44
336,6.489,0.972,5.007,0.000,-0.000,0.002,44
337,6.489,0.973,5.007,0.000,-0.001,0.001,44
338,6.489,0.973,5.007,0.000,-0.001,0.001,44
339,6.489,0.973,5.007,0.000,-0.001,0.001,44
340,6.490,0.974,5.007,0.000,-0.001,0.001,44
341,6.490,0.974,5.007,0.000,-0.001,0.001,44
342,6.490,0.974,5.007,0.000,-0.001,0.002,44
343,6.490,0.975,5.007,0.000,-0.001,0.002,44
344,6.490,0.975,5.007,0.000,-0.001,0.002,44
345,6.490,0.975,5.007,0.000,-0.001,0.001,44
346,6.490,0.976,5.007,0.000,-0.001,0.001,44
347,6.491,0.976,5.007,0.000,-0.001,0.001,44
348,6.491,0.976,5.007,0.000,-0.001,0.001,44
349,6.491,0.977,5.007,0.000,-0.001,0.001,44
350,6.491,0.977,5.007,0.000,-0.001,0.001,44
351,6.491,0.977,5.007,0.000,-0.001,0.001,44
352,6.491,0.977,5.007,0.000,-0.001,0.001,44
353,6.491,0.978,5.007,0.000,-0.001,0.001,44
354,6.491,0.978,5.007,0.000,-0.000,0.001,44
355,6.491,0.978,5.007,0.000,-0.000,0.001,44
356,6.492,0.979,5.007,0.000,-0.000,0.001,44
357,6.492,0.979,5.007,0.000,-0.000,0.001,44
358,6.492,0.979,5.007,0.000,-0.000,0.001,44
359,6.492,0.979,5.007,0.000,-0.000,0.001,44
360,6.492,0.980,5.007,0.000,-0.000,0.001,44
361,6.492,0.980,5.007,0.000,-0.000,0.001,44
362,6.492,0.980,5.007,0.000,-0.000,0.001,44
363,6.492,0.981,5.007,0.000,-0.000,0.001,44
364,6.492,0.981,5.007,0.000,-0.000,0.001,44
365,6.493,0.981,5.007,0.000,-0.000,0.001,44
366,6.493,0.981,5.007,0.000,-0.000,0.001,44
367,6.493,0.982,5.007,0.000,-0.000,0.001,44
368,6.493,0.982,5.007,0.000,-0.000,0.001,44
369,6.493,0.982,5.007,0.000,-0.000,0.001,44
370,6.493,0.982,5.007,0.000,-0.000,0.001,44
371,6.493,0.982,5.007,0.000,-0.000,0.001,44
372,6.493,0.983,5.007,0.000,-0.000,0.001,44
373,6.493,0.983,5.007,0.000,-0.000,0.001,44
374,6.493,0.983,5.007,0.000,-0.000,0.001,44
375,6.493,0.983,5.007,0.000,-0.000,0.001,44
376,6.494,0.984,5.007,0.000,-0.000,0.001,44
377,6.494,0.984,5.007,0.000,-0.000,0.001,44
378,6.494,0.984,5.007,0.000,-0.000,0.001,44
379,6.494,0.984,5.007,0.000,-0.000,0.001,44
380,6.494,0.984,5.007,0.000,-0.000,0.001,44
381,6.494,0.985,5.007,0.000,-0.000,0.001,44
382,6.494,0.985,5.007,0.000,-0.000,0.001,44
383,6.494,0.985,5.007,0.000,-0.000,0.001,44
384,6.494,0.985,5.007,0.000,-0.000,0.001,44
385,6.494,0.985,5.007,0.000,-0.000,0.001,44
386,6.494,0.986,5.007,0.000,-0.000,0.001,44
387,6.494,0.986,5.007,0.000,-0.000,0.001,44
388,6.494,0.986,5.007,0.000,-0.000,0.001,44
389,6.495,0.986,5.007,0.000,-0.000,0.001,44
390,6.495,0.986,5.007,0.000,-0.000,0.001,44
391,6.495,0.987,5.007,0.000,-0.000,0.001,44
392,6.495,0.987,5.007,0.000,-0.000,0.001,44
393,6.495,0.987,5.007,0.000,-0.000,0.001,44
394,6.495,0.987,5.007,0.000,-0.000,0.001,44
395,6.495,0.987,5.007,0.000,-0.000,0.001,44
396,6.495,0.987,5.007,0.000,-0.000,0.001,44
397,6.495,0.988,5.007,0.000,-0.000,0.001,44
398,6.495,0.988,5.007,0.000,-0.000,0.001,44
399,6.495,0.988,5.007,0.000,-0.000,0.001,44
400,6.495,0.988,5.007,0.000,-0.000,0.001,44
401,6.495,0.988,5.007,0.000,-0.000,0.001,44
402,6.495,0.988,5.007,0.000,-0.000,0.001,44
403,6.495,0.988,5.007,0.000,-0.000,0.001,44
404,6.496,0.989,5.007,0.000,-0.000,0.001,44
405,6.496,0.989,5.007,0.000,-0.000,0.001,44
406,6.496,0.989,5.007,0.000,-0.000,0.001,44
407,6.496,0.989,5.007,0.000,-0.000,0.001,44
408,6.496,0.989,5.007,0.000,-0.000,0.001,44
409,6.496,0.989,5.007,0.000,-0.000,0.001,44
410,6.496,0.990,5.007,0.000,-0.000,0.001,44
411,6.496,0.990,5.007,0.000,-0.000,0.001,44
412,6.496,0.990,5.007,0.000,-0.000,0.001,44
413,6.496,0.990,5.007,0.000,-0.000,0.001,44
414,6.496,0.990,5.007,0.000,-0.000,0.001,44
415,6.496,0.990,5.007,0.000,-0.000,0.001,44
416,6.496,0.990,5.007,0.000,-0.000,0.001,44
417,6.496,0.990,5.007,0.000,-0.000,0.001,44
418,6.496,0.991,5.007,0.000,-0.000,0.001,44
419,6.496,0.991,5.007,0.000,-0.000,0.001,44
420,6.496,0.991,5.007,0.000,-0.000,0.001,44
421,6.496,0.991,5.007,0.000,-0.002,0.006,44
422,6.496,0.991,5.007,0.000,-0.004,0.010,44
423,6.496,0.991,5.007,0.000,-0.004,0.010,44
424,6.497,0.991,5.007,0.000,-0.003,0.008,44
425,6.497,0.991,5.007,0.000,-0.002,0.004,44
426,6.497,0.991,5.007,0.000,-0.000,0.001,44
427,6.496,0.991,5.007,0.000,0.001,-0.002,44
428,6.496,0.991,5.007,0.000,0.001,-0.003,44
429,6.496,0.991,5.007,0.000,0.001,-0.002,44
430,6.496,0.991,5.007,0.000,0.001,-0.001,44
431,6.497,0.991,5.007,0.000,-0.000,0.000,44
432,6.497,0.991,5.007,0.000,-0.000,0.001,44
433,6.497,0.991,5.007,0.000,-0.001,0.002,44
434,6.497,0.991,5.007,0.000,-0.001,0.002,44
435,6.497,0.991,5.007,0.000,-0.000,0.001,44
436,6.497,0.991,5.007,0.000,-0.000,0.000,44
437,6.497,0.991,5.007,0.000,0.000,-0.000,44
438,6.497,0.991,5.007,0.000,0.000,-0.000,44
439,6.497,0.991,5.007,0.000,0.000,-0.001,44
440,6.497,0.991,5.007,0.000,0.000,-0.000,44
441,6.497,0.991,5.007,0.000,0.000,-0.000,44
442,6.497,0.991,5.007,0.000,-0.000,0.000,44
443,6.497,0.991,5.007,0.000,-0.000,0.000,44
444,6.497,0.991,5.007,0.000,-0.000,0.000,44
445,6.497,0.991,5.007,0.000,-0.000,0.000,44
446,6.497,0.991,5.007,0.000,-0.000,0.000,44
447,6.497,0.991,5.007,0.000,-0.000,0.000,44
448,6.497,0.991,5.007,0.000,0.000,-0.000,44
449,6.497,0.991,5.007,0.000,0.000,-0.000,44
450,6.497,0.991,5.007,0.000,0.000,-0.000,44
451,6.497,0.991,5.007,0.000,0.000,-0.000,44
452,6.497,0.991,5.007,0.000,0.000,-0.000,44
453,6.497,0.991,5.007,0.000,-0.000,0.000,44
454,6.497,0.991,5.007,0.000,-0.000,0.000,44
455,6.497,0.991,5.007,0.000,-0.000,0.000,44
456,6.497,0.991,5.007,0.000,-0.000,0.000,44
457,6.497,0.991,5.007,0.000,-0.000,0.000,44
458,6.497,0.991,5.007,0.000,0.000,-0.000,44
459,6.497,0.991,5.007,0.000,0.000,-0.000,44
460,6.497,0.991,5.007,0.000,0.000,-0.000,44
461,6.497,0.991,5.007,0.000,0.000,-0.000,44
462,6.497,0.991,5.007,0.000,0.000,-0.000,44
463,6.497,0.991,5.007,0.000,0.000,-0.000,44
464,6.497,0.991,5.007,0.000,-0.000,0.000,44
465,6.497,0.991,5.007,0.000,-0.000,0.000,44
466,6.497,0.991,5.007,0.000,-0.000,0.000,44
467,6.497,0.991,5.007,0.000,-0.000,0.000,44
468,6.497,0.991,5.007,0.000,-0.000,0.000,44
469,6.497,0.991,5.007,0.000,0.000,-0.000,44
470,6.497,0.991,5.007,0.000,0.000,-0.000,44
471,6.497,0.991,5.007,0.000,0.000,-0.000,44
472,6.497,0.991,5.007,0.000,0.000,-0.000,44
473,6.497,0.991,5.007,0.000,0.000,-0.000,44
474,6.497,0.991,5.007,0.000,-0.000,0.000,44
475,6.497,0.991,5.007,0.000,-0.000,0.000,44
476,6.497,0.991,5.007,0.000,-0.000,0.000,44
477,6.497,0.991,5.007,0.000,-0.000,0.000,44
478,6.497,0.991,5.007,0.000,-0.000,0.000,44
479,6.497,0.991,5.007,0.000,-0.000,0.000,44
480,6.497,0.991,5.007,0.000,0.000,-0.000,44
481,6.497,0.991,5.007,0.000,0.000,-0.000,44
482,6.497,0.991,5.007,0.000,0.000,-0.000,44
483,6.497,0.991,5.007,0.000,0.000,-0.000,44
484,6.497,0.991,5.007,0.000,0.000,-0.000,44
485,6.497,0.991,5.007,0.000,-0.000,0.000,44
486,6.497,0.991,5.007,0.000,-0.000,0.000,44
487,6.497,0.991,5.007,0.000,-0.000,0.000,44
488,6.497,0.991,5.007,0.000,-0.000,0.000,44
489,6.497,0.991,5.007,0.000,-0.000,0.000,44
490,6.497,0.991,5.007,0.000,0.000,-0.000,44
491,6.497,0.991,5.007,0.000,0.000,-0.000,44
492,6.497,0.991,5.007,0.000,0.000,-0.000,44
493,6.497,0.991,5.007,0.000,0.000,-0.000,44
494,6.497,0.991,5.007,0.000,0.000,-0.000,44
495,6.497,0.991,5.007,0.000,0.000,-0.000,44
496,6.497,0.991,5.007,0.000,-0.000,0.000,44
497,6.497,0.991,5.007,0.000,-0.000,0.000,44
498,6.497,0.991,5.007,0.000,-0.000,0.000,44
499,6.497,0.991,5.007,0.000,-0.000,0.000,44
500,6.497,0.991,5.007,0.000,-0.000,0.000,44
501,6.497,0.991,5.007,0.000,0.000,-0.000,44
502,6.497,0.991,5.007,0.000,0.000,-0.000,44
503,6.497,0.991,5.007,0.000,0.000,-0.000,44
504,6.497,0.991,5.007,0.000,0.000,-0.000,44
505,6.497,0.991,5.007,0.000,0.000,-0.000,44
506,6.497,0.991,5.007,0.000,-0.000,0.000,44
507,6.497,0.991,5.007,0.000,-0.000,0.000,44
508,6.497,0.991,5.007,0.000,-0.000,0.000,44
509,6.497,0.991,5.007,0.000,-0.000,0.000,44
510,6.497,0.991,5.007,0.000,-0.000,0.000,44
511,6.497,0.991,5.007,0.000,-0.000,0.000,44
512,6.497,0.991,5.007,0.000,0.000,-0.000,44
513,6.497,0.991,5.007,0.000,0.000,-0.000,44
514,6.497,0.991,5.007,0.000,0.000,-0.000,44
515,6.497,0.991,5.007,0.000,0.000,-0.000,44
516,6.497,0.991,5.007,0.000,0.000,-0.000,44
517,6.497,0.991,5.007,0.000,-0.000,0.000,44
518,6.497,0.991,5.007,0.000,-0.000,0.000,44
519,6.497,0.991,5.007,0.000,-0.000,0.000,44
520,6.497,0.991,5.007,0.000,-0.000,0.000,44
521,6.497,0.991,5.007,0.000,-0.000,0.000,44
522,6.497,0.991,5.007,0.000,0.000,-0.000,44
523,6.497,0.991,5.007,0.000,0.000,-0.000,44
524,6.497,0.991,5.007,0.000,0.000,-0.000,44
525,6.497,0.991,5.007,0.000,0.000,-0.000,44
526,6.497,0.991,5.007,0.000,0.000,-0.000,44
527,6.497,0.991,5.007,0.000,0.000,-0.000,44
528,6.497,0.991,5.007,0.000,-0.000,0.000,44
529,6.497,0.991,5.007,0.000,-0.000,0.000,44
530,6.497,0.991,5.007,0.000,-0.000,0.000,44
531,6.497,0.991,5.007,0.000,-0.000,0.000,44
532,6.497,0.991,5.007,0.000,-0.000,0.000,44
533,6.497,0.991,5.007,0.000,0.000,-0.000,44
534,6.497,0.991,5.007,0.000,0.000,-0.000,44
535,6.497,0.991,5.007,0.000,0.000,-0.000,44
536,6.497,0.991,5.007,0.000,0.000,-0.000,44
537,6.497,0.991,5.007,0.000,0.000,-0.000,44
538,6.497,0.991,5.007,0.000,-0.000,0.000,44
539,6.497,0.991,5.007,0.000,-0.000,0.000,44
540,6.497,0.991,5.007,0.000,-0.000,0.000,44
541,6.497,0.991,5.007,0.000,-0.000,0.000,44
542,6.497,0.991,5.007,0.000,-0.000,0.000,44
543,6.497,0.991,5.007,0.000,-0.000,0.000,44
544,6.497,0.991,5.007,0.000,0.000,-0.000,44
545,6.497,0.991,5.007,0.000,0.000,-0.000,44
546,6.497,0.991,5.007,0.000,0.000,-0.000,44
547,6.497,0.991,5.007,0.000,0.000,-0.000,44
548,6.497,0.991,5.007,0.000,0.000,-0.000,44
549,6.497,0.991,5.007,0.000,-0.000,0.000,44
550,6.497,0.991,5.007,0.000,-0.000,0.000,44
551,6.497,0.991,5.007,0.000,-0.000,0.000,44
552,6.497,0.991,5.007,0.000,-0.000,0.000,44
553,6.497,0.991,5.007,0.000,-0.000,0.000,44
554,6.497,0.991,5.007,0.000,0.000,-0.000,44
555,6.497,0.991,5.007,0.000,0.000,-0.000,44
556,6.497,0.991,5.007,0.000,0.000,-0.000,44
557,6.497,0.991,5.007,0.000,0.000,-0.000,44
558,6.497,0.991,5.007,0.000,0.000,-0.000,44
559,6.497,0.991,5.007,0.000,0.000,-0.000,44
560,6.497,0.991,5.007,0.000,-0.000,0.000,44
561,6.497,0.991,5.007,0.000,-0.000,0.000,44
562,6.497,0.991,5.007,0.000,-0.000,0.000,44
563,6.497,0.991,5.007,0.000,-0.000,0.000,44
564,6.497,0.991,5.007,0.000,-0.000,0.000,44
565,6.497,0.991,5.007,0.000,0.000,-0.000,44
566,6.497,0.991,5.007,0.000,0.000,-0.000,44
567,6.497,0.991,5.007,0.000,0.000,-0.000,44
568,6.497,0.991,5.007,0.000,0.000,-0.000,44
569,6.497,0.991,5.007,0.000,0.000,-0.000,44
570,6.497,0.991,5.007,0.000,0.000,0.000,44
571,6.497,0.991,5.007,0.000,-0.000,0.000,44
572,6.497,0.991,5.007,0.000,-0.000,0.000,44
573,6.497,0.991,5.007,0.000,-0.000,0.000,44
574,6.497,0.991,5.007,0.000,-0.000,0.000,44
575,6.497,0.991,5.007,0.000,-0.000,0.000,44
576,6.497,0.991,5.007,0.000,0.000,-0.000,44
577,6.497,0.991,5.007,0.000,0.000,-0.000,44
578,6.497,0.991,5.007,0.000,0.000,-0.000,44
579,6.497,0.991,5.007,0.000,0.000,-0.000,44
580,6.497,0.991,5.007,0.000,0.000,-0.000,44
581,6.497,0.991,5.007,0.000,0.000,0.000,44
582,6.497,0.991,5.007,0.000,0.000,0.000,44
583,6.497,0.991,5.007,0.000,0.000,0.000,44
584,6.497,0.991,5.007,0.000,0.000,0.000,44
585,6.497,0.991,5.007,0.000,0.000,0.000,44
586,6.497,0.991,5.007,0.000,-0.000,0.000,44
587,6.497,0.991,5.007,0.000,-0.000,0.000,44
588,6.497,0.991,5.007,0.000,-0.000,0.000,44
589,6.497,0.991,5.007,0.000,-0.000,0.000,44
590,6.497,0.991,5.007,0.000,-0.000,0.000,44
591,6.497,0.991,5.007,0.000,-0.000,0.000,44
592,6.497,0.991,5.007,0.000,-0.000,-0.000,44
593,6.497,0.991,5.007,0.000,-0.000,-0.000,44
594,6.497,0.991,5.007,0.000,-0.000,-0.000,44
595,6.497,0.991,5.007,0.000,-0.000,-0.000,44
596,6.497,0.991,5.007,0.000,-0.000,-0.000,44
597,6.497,0.991,5.007,0.000,-0.000,-0.000,44
598,6.497,0.991,5.007,0.000,-0.000,-0.000,44
599,6.497,0.991,5.007,0.000,-0.000,-0.000,44
600,6.497,0.991,5.007,0.000,0.000,-0.000,44
601,6.497,0.991,5.007,0.000,0.000,-0.000,44
602,6.497,0.991,5.007,0.000,0.000,-0.000,44
603,6.497,0.991,5.007,0.000,0.000,-0.000,44
604,6.497,0.991,5.007,0.000,0.000,-0.000,44
605,6.497,0.991,5.007,0.000,0.000,-0.000,44
606,6.497,0.991,5.007,0.000,0.000,0.000,44
607,6.497,0.991,5.007,0.000,0.000,0.000,44
608,6.497,0.991,5.007,0.000,0.000,0.000,44
609,6.497,0.991,5.007,0.000,0.000,0.000,44
610,6.497,0.991,5.007,0.000,0.000,0.000,44
611,6.497,0.991,5.007,0.000,0.000,0.000,44
612,6.497,0.991,5.007,0.000,0.000,0.000,44
613,6.497,0.991,5.007,0.000,0.000,0.000,44
614,6.497,0.991,5.007,0.000,-0.000,0.000,44
615,6.497,0.991,5.007,0.000,-0.000,0.000,44
616,6.497,0.991,5.007,0.000,-0.000,0.000,44
617,6.497,0.991,5.007,0.000,-0.000,0.000,44
618,6.497,0.991,5.007,0.000,-0.000,0.000,44
619,6.497,0.991,5.007,0.000,-0.000,0.000,44
620,6.497,0.991,5.007,0.000,-0.000,-0.000,44
621,6.497,0.991,5.007,0.000,-0.000,-0.000,44
622,6.497,0.991,5.007,0.000,-0.000,-0.000,44
623,6.497,0.991,5.007,0.000,-0.000,-0.000,44
624,6.497,0.991,5.007,0.000,-0.000,-0.000,44
625,6.497,0.991,5.007,0.000,-0.000,-0.000,44
626,6.497,0.991,5.007,0.000,-0.000,-0.000,44
627,6.497,0.991,5.007,0.000,-0.000,-0.000,44
628,6.497,0.991,5.007,0.000,0.000,-0.000,44
629,6.497,0.991,5.007,0.000,0.000,-0.000,44
630,6.497,0.991,5.007,0.000,0.000,-0.000,44
631,6.497,0.991,5.007,0.000,0.000,-0.000,44
632,6.497,0.991,5.007,0.000,0.000,-0.000,44
633,6.497,0.991,5.007,0.000,0.000,-0.000,44
634,6.497,0.991,5.007,0.000,0.000,0.000,44
635,6.497,0.991,5.007,0.000,0.000,0.000,44
636,6.497,0.991,5.007,0.000,0.000,0.000,44
637,6.497,0.991,5.007,0.000,0.000,0.000,44
638,6.497,0.991,5.007,0.000,0.000,0.000,44
639,6.497,0.991,5.007,0.000,0.000,0.000,44
640,6.497,0.991,5.007,0.000,0.000,0.000,44
641,6.497,0.991,5.007,0.000,0.000,0.000,44
642,6.497,0.991,5.007,0.000,-0.000,0.000,44
643,6.497,0.991,5.007,0.000,-0.000,0.000,44
644,6.497,0.991,5.007,0.000,-0.000,0.000,44
645,6.497,0.991,5.007,0.000,-0.000,0.000,44
646,6.497,0.991,5.007,0.000,-0.000,0.000,44
647,6.497,0.991,5.007,0.000,-0.000,-0.000,44
648,6.497,0.991,5.007,0.000,-0.000,-0.000,44
649,6.497,0.991,5.007,0.000,-0.000,-0.000,44
650,6.497,0.991,5.007,0.000,-0.000,-0.000,44
651,6.497,0.991,5.007,0.000,-0.000,-0.000,44
652,6.497,0.991,5.007,0.000,-0.000,-0.000,44
653,6.497,0.991,5.007,0.000,-0.000,-0.000,44
654,6.497,0.991,5.007,0.000,-0.000,-0.000,44
655,6.497,0.991,5.007,0.000,-0.000,-0.000,44
656,6.497,0.991,5.007,0.000,0.000,-0.000,44
657,6.497,0.991,5.007,0.000,0.000,-0.000,44
658,6.497,0.991,5.007,0.000,0.000,-0.000,44
659,6.497,0.991,5.007,0.000,0.000,-0.000,44
660,6.497,0.991,5.007,0.000,0.000,-0.000,44
661,6.497,0.991,5.007,0.000,0.000,0.000,44
662,6.497,0.991,5.007,0.000,0.000,0.000,44
663,6.497,0.991,5.007,0.000,0.000,0.000,44
664,6.497,0.991,5.007,0.000,0.000,0.000,44
665,6.497,0.991,5.007,0.000,0.000,0.000,44
666,6.497,0.991,5.007,0.000,0.000,0.000,44
667,6.497,0.991,5.007,0.000,0.000,0.000,44
668,6.497,0.991,5.007,0.000,0.000,0.000,44
669,6.497,0.991,5.007,0.000,0.000,0.000,44
670,6.497,0.991,5.007,0.000,-0.000,0.000,44
671,6.497,0.991,5.007,0.000,-0.000,0.000,44
672,6.497,0.991,5.007,0.000,-0.000,0.000,44
673,6.497,0.991,5.007,0.000,-0.000,0.000,44
674,6.497,0.991,5.007,0.000,-0.000,-0.000,44
675,6.497,0.991,5.007,0.000,-0.000,-0.000,44
676,6.497,0.991,5.007,0.000,-0.000,-0.000,44
677,6.497,0.991,5.007,0.000,-0.000,-0.000,44
678,6.497,0.991,5.007,0.000,-0.000,-0.000,44
679,6.497,0.991,5.007,0.000,-0.000,-0.000,44
680,6.497,0.991,5.007,0.000,-0.000,-0.000,44
681,6.497,0.991,5.007,0.000,-0.000,-0.000,44
682,6.497,0.991,5.007,0.000,-0.000,-0.000,44
683,6.497,0.991,5.007,0.000,-0.000,-0.000,44
684,6.497,0.991,5.007,0.000,0.000,-0.000,44
685,6.497,0.991,5.007,0.000,0.000,-0.000,44
686,6.497,0.991,5.007,0.000,0.000,-0.000,44
687,6.497,0.991,5.007,0.000,0.000,-0.000,44
688,6.497,0.991,5.007,0.000,0.000,0.000,44
689,6.497,0.991,5.007,0.000,0.000,0.000,44
690,6.497,0.991,5.007,0.000,0.000,0.000,44
691,6.497,0.991,5.007,0.000,0.000,0.000,44
692,6.497,0.991,5.007,0.000,0.000,0.000,44
693,6.497,0.991,5.007,0.000,0.000,0.000,44
694,6.497,0.991,5.007,0.000,0.000,0.000,44
695,6.497,0.991,5.007,0.000,0.000,0.000,44
696,6.497,0.991,5.007,0.000,0.000,0.000,44
697,6.497,0.991,5.007,0.000,0.000,0.000,44
698,6.497,0.991,5.007,0.000,-0.000,0.000,44
699,6.497,0.991,5.007,0.000,-0.000,0.000,44
700,6.497,0.991,5.007,0.000,-0.000,0.000,44
701,6.497,0.991,5.007,0.000,-0.000,0.000,44
702,6.497,0.991,5.007,0.000,-0.000,-0.000,44
703,6.497,0.991,5.007,0.000,-0.000,-0.000,44
704,6.497,0.991,5.007,0.000,-0.000,-0.000,44
705,6.497,0.991,5.007,0.000,-0.000,-0.000,44
706,6.497,0.991,5.007,0.000,-0.000,-0.000,44
707,6.497,0.991,5.007,0.000,-0.000,-0.000,44
708,6.497,0.991,5.007,0.000,-0.000,-0.000,44
709,6.497,0.991,5.007,0.000,-0.000,-0.000,44
710,6.497,0.991,5.007,0.000,-0.000,-0.000,44
711,6.497,0.991,5.007,0.000,-0.000,-0.000,44
712,6.497,0.991,5.007,0.000,0.000,-0.000,44
713,6.497,0.991,5.007,0.000,0.000,-0.000,44
714,6.497,0.991,5.007,0.000,0.000,-0.000,44
715,6.497,0.991,5.007,0.000,0.000,0.000,44
716,6.497,0.991,5.007,0.000,0.000,0.000,44
717,6.497,0.991,5.007,0.000,0.000,0.000,44
718,6.497,0.991,5.007,0.000,0.000,0.000,44
719,6.497,0.991,5.007,0.000,0.000,0.000,44
720,6.497,0.991,5.007,0.000,0.000,0.000,44
721,6.497,0.991,5.007,0.000,0.000,0.000,44
722,6.497,0.991,5.007,0.000,0.000,0.000,44
723,6.497,0.991,5.007,0.000,0.000,0.000,44
724,6.497,0.991,5.007,0.000,0.000,0.000,44
725,6.497,0.991,5.007,0.000,0.000,0.000,44
726,6.497,0.991,5.007,0.000,-0.000,0.000,44
727,6.497,0.991,5.007,0.000,-0.000,0.000,44
728,6.497,0.991,5.007,0.000,-0.000,0.000,44
729,6.497,0.991,5.007,0.000,-0.000,-0.000,44
730,6.497,0.991,5.007,0.000,-0.000,-0.000,44
731,6.497,0.991,5.007,0.000,-0.000,-0.000,44
732,6.497,0.991,5.007,0.000,-0.000,-0.000,44
733,6.497,0.991,5.007,0.000,-0.000,-0.000,44
734,6.497,0.991,5.007,0.000,-0.000,-0.000,44
735,6.497,0.991,5.007,0.000,-0.000,-0.000,44
736,6.497,0.991,5.007,0.000,-0.000,-0.000,44
737,6.497,0.991,5.007,0.000,-0.000,-0.000,44
738,6.497,0.991,5.007,0.000,-0.000,-0.000,44
739,6.497,0.991,5.007,0.000,-0.000,-0.000,44
740,6.497,0.991,5.007,0.000,0.000,-0.000,44
741,6.497,0.991,5.007,0.000,0.000,-0.000,44
742,6.497,0.991,5.007,0.000,0.000,-0.000,44
743,6.497,0.991,5.007,0.000,0.000,0.000,44
744,6.497,0.991,5.007,0.000,0.000,0.000,44
745,6.497,0.991,5.007,0.000,0.000,0.000,44
746,6.497,0.991,5.007,0.000,0.000,0.000,44
747,6.497,0.991,5.007,0.000,0.000,0.000,44
748,6.497,0.991,5.007,0.000,0.000,0.000,44
749,6.497,0.991,5.007,0.000,0.000,0.000,44
750,6.497,0.991,5.007,0.000,0.000,0.000,44
751,6.497,0.991,5.007,0.000,0.000,0.000,44
752,6.497,0.991,5.007,0.000,0.000,0.000,44
753,6.497,0.991,5.007,0.000,0.000,0.000,44
754,6.497,0.991,5.007,0.000,-0.000,0.000,44
755,6.497,0.991,5.007,0.000,-0.000,0.000,44
756,6.497,0.991,5.007,0.000,-0.000,-0.000,44
757,6.497,0.991,5.007,0.000,-0.000,-0.000,44
758,6.497,0.991,5.007,0.000,-0.000,-0.000,44
759,6.497,0.991,5.007,0.000,-0.000,-0.000,44
760,6.497,0.991,5.007,0.000,-0.000,-0.000,44
761,6.497,0.991,5.007,0.000,-0.000,-0.000,44
762,6.497,0.991,5.007,0.000,-0.000,-0.000,44
763,6.497,0.991,5.007,0.000,-0.000,-0.000,44
764,6.497,0.991,5.007,0.000,-0.000,-0.000,44
765,6.497,0.991,5.007,0.000,-0.000,-0.000,44
766,6.497,0.991,5.007,0.000,-0.000,-0.000,44
767,6.497,0.991,5.007,0.000,-0.000,-0.000,44
768,6.497,0.991,5.007,0.000,0.000,-0.000,44
769,6.497,0.991,5.007,0.000,0.000,-0.000,44
770,6.497,0.991,5.007,0.000,0.000,0.000,44
771,6.497,0.991,5.007,0.000,0.000,0.000,44
772,6.497,0.991,5.007,0.000,0.000,0.000,44
773,6.497,0.991,5.007,0.000,0.000,0.000,44
774,6.497,0.991,5.007,0.000,0.000,0.000,44
775,6.497,0.991,5.007,0.000,0.000,0.000,44
776,6.497,0.991,5.007,0.000,0.000,0.000,44
777,6.497,0.991,5.007,0.000,0.000,0.000,44
778,6.497,0.991,5.007,0.000,0.000,0.000,44
779,6.497,0.991,5.007,0.000,0.000,0.000,44
780,6.497,0.991,5.007,0.000,0.000,0.000,44
781,6.497,0.991,5.007,0.000,0.000,0.000,44
782,6.497,0.991,5.007,0.000,-0.000,0.000,44
783,6.497,0.991,5.007,0.000,-0.000,0.000,44
784,6.497,0.991,5.007,0.000,-0.000,-0.000,44
785,6.497,0.991,5.007,0.000,-0.000,-0.000,44
786,6.497,0.991,5.007,0.000,-0.000,-0.000,44
787,6.497,0.991,5.007,0.000,-0.000,-0.000,44
788,6.497,0.991,5.007,0.000,-0.000,-0.000,44
789,6.497,0.991,5.007,0.000,-0.000,-0.000,44
790,6.497,0.991,5.007,0.000,-0.000,-0.000,44
791,6.497,0.991,5.007,0.000,-0.000,-0.000,44
792,6.497,0.991,5.007,0.000,-0.000,-0.000,44
793,6.497,0.991,5.007,0.000,-0.000,-0.000,44
794,6.497,0.991,5.007,0.000,-0.000,-0.000,44
795,6.497,0.991,5.007,0.000,-0.000,-0.000,44
796,6.497,0.991,5.007,0.000,0.000,-0.000,44
797,6.497,0.991,5.007,0.000,0.000,0.000,44
798,6.497,0.991,5.007,0.000,0.000,0.000,44
799,6.497,0.991,5.007,0.000,0.000,0.000,44
800,6.497,0.991,5.007,0.000,0.000,0.000,44
801,6.497,0.991,5.007,0.000,0.000,0.000,44
802,6.497,0.991,5.007,0.000,0.000,0.000,44
803,6.497,0.991,5.007,0.000,0.000,0.000,44
804,6.497,0.991,5.007,0.000,0.000,0.000,44
805,6.497,0.991,5.007,0.000,0.000,0.000,44
806,6.497,0.991,5.007,0.000,0.000,0.000,44
807,6.497,0.991,5.007,0.000,0.000,0.000,44
808,6.497,0.991,5.007,0.000,0.000,0.000,44
809,6.497,0.991,5.007,0.000,0.000,0.000,44
810,6.497,0.991,5.007,0.000,-0.000,0.000,44
811,6.497,0.991,5.007,0.000,-0.000,-0.000,44
812,6.497,0.991,5.007,0.000,-0.000,-0.000,44
813,6.497,0.991,5.007,0.000,-0.000,-0.000,44
814,6.497,0.991,5.007,0.000,-0.000,-0.000,44
815,6.497,0.991,5.007,0.000,-0.000,-0.000,44
816,6.497,0.991,5.007,0.000,-0.000,-0.000,44
817,6.497,0.991,5.007,0.000,-0.000,-0.000,44
818,6.497,0.991,5.007,0.000,-0.000,-0.000,44
819,6.497,0.991,5.007,0.000,-0.000,-0.000,44
820,6.497,0.991,5.007,0.000,-0.000,-0.000,44
821,6.497,0.991,5.007,0.000,-0.000,-0.000,44
822,6.497,0.991,5.007,0.000,-0.000,-0.000,44
823,6.497,0.991,5.007,0.000,-0.000,-0.000,44
824,6.497,0.991,5.007,0.000,0.000,-0.000,44
825,6.497,0.991,5.007,0.000,0.000,0.000,44
826,6.497,0.991,5.007,0.000,0.000,0.000,44
827,6.497,0.991,5.007,0.000,0.000,0.000,44
828,6.497,0.991,5.007,0.000,0.000,0.000,44
829,6.497,0.991,5.007,0.000,0.000,0.000,44
830,6.497,0.991,5.007,0.000,0.000,0.000,44
831,6.497,0.991,5.007,0.000,0.000,0.000,44
832,6.497,0.991,5.007,0.000,0.000,0.000,44
833,6.497,0.991,5.007,0.000,0.000,0.000,44
834,6.497,0.991,5.007,0.000,0.000,0.000,44
835,6.497,0.991,5.007,0.000,0.000,0.000,44
836,6.497,0.991,5.007,0.000,0.000,0.000,44
837,6.497,0.991,5.007,0.000,0.000,0.000,44
838,6.497,0.991,5.007,0.000,-0.000,-0.000,44
839,6.497,0.991,5.007,0.000,-0.000,-0.000,44
840,6.497,0.991,5.007,0.000,-0.000,-0.000,44
841,6.497,0.991,5.007,0.000,-0.000,-0.000,44
842,6.497,0.991,5.007,0.000,-0.000,-0.000,44
843,6.497,0.991,5.007,0.000,-0.000,-0.000,44
844,6.497,0.991,5.007,0.000,-0.000,-0.000,44
845,6.497,0.991,5.007,0.000,-0.000,-0.000,44
846,6.497,0.991,5.007,0.000,-0.000,-0.000,44
847,6.497,0.991,5.007,0.000,-0.000,-0.000,44
848,6.497,0.991,5.007,0.000,-0.000,-0.000,44
849,6.497,0.991,5.007,0.000,-0.000,-0.000,44
850,6.497,0.991,5.007,0.000,-0.000,-0.000,44
851,6.497,0.991,5.007,0.000,-0.000,-0.000,44
852,6.497,0.991,5.007,0.000,0.000,0.000,44
853,6.497,0.991,5.007,0.000,0.000,0.000,44
854,6.497,0.991,5.007,0.000,0.000,0.000,44
855,6.497,0.991,5.007,0.000,0.000,0.000,44
856,6.497,0.991,5.007,0.000,0.000,0.000,44
857,6.497,0.991,5.007,0.000,0.000,0.000,44
858,6.497,0.991,5.007,0.000,0.000,0.000,44
859,6.497,0.991,5.007,0.000,0.000,0.000,44
860,6.497,0.991,5.007,0.000,0.000,0.000,44
861,6.497,0.991,5.007,0.000,0.000,0.000,44
862,6.497,0.991,5.007,0.000,0.000,0.000,44
863,6.497,0.991,5.007,0.000,0.000,0.000,44
864,6.497,0.991,5.007,0.000,0.000,0.000,44
865,6.497,0.991,5.007,0.000,0.000,-0.000,44
866,6.497,0.991,5.007,0.000,-0.000,-0.000,44
867,6.497,0.991,5.007,0.000,-0.000,-0.000,44
868,6.497,0.991,5.007,0.000,-0.000,-0.000,44
869,6.497,0.991,5.007,0.000,-0.000,-0.000,44
870,6.497,0.991,5.007,0.000,-0.000,-0.000,44
871,6.497,0.991,5.007,0.000,-0.000,-0.000,44
872,6.497,0.991,5.007,0.000,-0.000,-0.000,44
873,6.497,0.991,5.007,0.000,-0.000,-0.000,44
874,6.497,0.991,5.007,0.000,-0.000,-0.000,44
875,6.497,0.991,5.007,0.000,-0.000,-0.000,44
876,6.497,0.991,5.007,0.000,-0.000,-0.000,44
877,6.497,0.991,5.007,0.000,-0.000,-0.000,44
878,6.497,0.991,5.007,0.000,-0.000,-0.000,44
879,6.497,0.991,5.007,0.000,-0.000,0.000,44
880,6.497,0.991,5.007,0.000,0.000,0.000,44
881,6.497,0.991,5.007,0.000,0.000,0.000,44
882,6.497,0.991,5.007,0.000,0.000,0.000,44
883,6.497,0.991,5.007,0.000,0.000,0.000,44
884,6.497,0.991,5.007,0.000,0.000,0.000,44
885,6.497,0.991,5.007,0.000,0.000,0.000,44
886,6.497,0.991,5.007,0.000,0.000,0.000,44
887,6.497,0.991,5.007,0.000,0.000,0.000,44
888,6.497,0.991,5.007,0.000,0.000,0.000,44
889,6.497,0.991,5.007,0.000,0.000,0.000,44
890,6.497,0.991,5.007,0.000,0.000,0.000,44
891,6.497,0.991,5.007,0.000,0.000,0.000,44
892,6.497,0.991,5.007,0.000,0.000,0.000,44
893,6.497,0.991,5.007,0.000,0.000,-0.000,44
894,6.497,0.991,5.007,0.000,-0.000,-0.000,44
895,6.497,0.991,5.007,0.000,-0.000,-0.000,44
896,6.497,0.991,5.007,0.000,-0.000,-0.000,44
897,6.497,0.991,5.007,0.000,-0.000,-0.000,44
898,6.497,0.991,5.007,0.000,-0.000,-0.000,44
899,6.497,0.991,5.007,0.000,-0.000,-0.000,44
900,6.497,0.991,5.007,0.000,-0.000,-0.000,44
901,6.497,0.991,5.007,0.000,-0.000,-0.000,44
902,6.497,0.991,5.007,0.000,-0.000,-0.000,44
903,6.497,0.991,5.007,0.000,-0.000,-0.000,44
904,6.497,0.991,5.007,0.000,-0.000,-0.000,44
905,6.497,0.991,5.007,0.000,-0.000,-0.000,44
906,6.497,0.991,5.007,0.000,-0.000,0.000,44
907,6.497,0.991,5.007,0.000,-0.000,0.000,44
908,6.497,0.991,5.007,0.000,0.000,0.000,44
909,6.497,0.991,5.007,0.000,0.000,0.000,44
910,6.497,0.991,5.007,0.000,0.000,0.000,44
911,6.497,0.991,5.007,0.000,0.000,0.000,44
912,6.497,0.991,5.007,0.000,0.000,0.000,44
913,6.497,0.991,5.007,0.000,0.000,0.000,44
914,6.497,0.991,5.007,0.000,0.000,0.000,44
915,6.497,0.991,5.007,0.000,0.000,0.000,44
916,6.497,0.991,5.007,0.000,0.000,0.000,44
917,6.497,0.991,5.007,0.000,0.000,0.000,44
918,6.497,0.991,5.007,0.000,0.000,0.000,44
919,6.497,0.991,5.007,0.000,0.000,0.000,44
920,6.497,0.991,5.007,0.000,0.000,-0.000,44
921,6.497,0.991,5.007,0.000,0.000,-0.000,44
922,6.497,0.991,5.007,0.000,-0.000,-0.000,44
923,6.497,0.991,5.007,0.000,-0.000,-0.000,44
924,6.497,0.991,5.007,0.000,-0.000,-0.000,44
925,6.497,0.991,5.007,0.000,-0.000,-0.000,44
926,6.497,0.991,5.007,0.000,-0.000,-0.000,44
927,6.497,0.991,5.007,0.000,-0.000,-0.000,44
928,6.497,0.991,5.007,0.000,-0.000,-0.000,44
929,6.497,0.991,5.007,0.000,-0.000,-0.000,44
930,6.497,0.991,5.007,0.000,-0.000,-0.000,44
931,6.497,0.991,5.007,0.000,-0.000,-0.000,44
932,6.497,0.991,5.007,0.000,-0.000,-0.000,44
933,6.497,0.991,5.007,0.000,-0.000,-0.000,44
934,6.497,0.991,5.007,0.000,-0.000,0.000,44
935,6.497,0.991,5.007,0.000,-0.000,0.000,44
936,6.497,0.991,5.007,0.000,0.000,0.000,44
937,6.497,0.991,5.007,0.000,0.000,0.000,44
938,6.497,0.991,5.007,0.000,0.000,0.000,44
939,6.497,0.991,5.007,0.000,0.000,0.000,44
940,6.497,0.991,5.007,0.000,0.000,0.000,44
941,6.497,0.991,5.007,0.000,0.000,0.000,44
942,6.497,0.991,5.007,0.000,0.000,0.000,44
943,6.497,0.991,5.007,0.000,0.000,0.000,44
944,6.497,0.991,5.007,0.000,0.000,0.000,44
945,6.497,0.991,5.007,0.000,0.000,0.000,44
946,6.497,0.991,5.007,0.000,0.000,0.000,44
947,6.497,0.991,5.007,0.000,0.000,-0.000,44
948,6.497,0.991,5.007,0.000,0.000,-0.000,44
949,6.497,0.991,5.007,0.000,0.000,-0.000,44
950,6.497,0.991,5.007,0.000,-0.000,-0.000,44
951,6.497,0.991,5.007,0.000,-0.000,-0.000,44
952,6.497,0.991,5.007,0.000,-0.000,-0.000,44
953,6.497,0.991,5.007,0.000,-0.000,-0.000,44
954,6.497,0.991,5.007,0.000,-0.000,-0.000,44
955,6.497,0.991,5.007,0.000,-0.000,-0.000,44
956,6.497,0.991,5.007,0.000,-0.000,-0.000,44
957,6.497,0.991,5.007,0.000,-0.000,-0.000,44
958,6.497,0.991,5.007,0.000,-0.000,-0.000,44
959,6.497,0.991,5.007,0.000,-0.000,-0.000,44
960,6.497,0.991,5.007,0.000,-0.000,-0.000,44
961,6.497,0.991,5.007,0.000,-0.000,0.000,44
962,6.497,0.991,5.007,0.000,-0.000,0.000,44
963,6.497,0.991,5.007,0.000,-0.000,0.000,44
964,6.497,0.991,5.007,0.000,0.000,0.000,44
965,6.497,0.991,5.007,0.000,0.000,0.000,44
966,6.497,0.991,5.007,0.000,0.000,0.000,44
967,6.497,0.991,5.007,0.000,0.000,0.000,44
968,6.497,0.991,5.007,0.000,0.000,0.000,44
969,6.497,0.991,5.007,0.000,0.000,0.000,44
970,6.497,0.991,5.007,0.000,0.000,0.000,44
971,6.497,0.991,5.007,0.000,0.000,0.000,44
972,6.497,0.991,5.007,0.000,0.000,0.000,44
973,6.497,0.991,5.007,0.000,0.000,0.000,44
974,6.497,0.991,5.007,0.000,0.000,-0.000,44
975,6.497,0.991,5.007,0.000,0.000,-0.000,44
976,6.497,0.991,5.007,0.000,0.000,-0.000,44
977,6.497,0.991,5.007,0.000,0.000,-0.000,44
978,6.497,0.991,5.007,0.000,-0.000,-0.000,44
979,6.497,0.991,5.007,0.000,-0.000,-0.000,44
980,6.497,0.991,5.007,0.000,-0.000,-0.000,44
981,6.497,0.991,5.007,0.000,-0.000,-0.000,44
982,6.497,0.991,5.007,0.000,-0.000,-0.000,44
983,6.497,0.991,5.007,0.000,-0.000,-0.000,44
984,6.497,0.991,5.007,0.000,-0.000,-0.000,44
985,6.497,0.991,5.007,0.000,-0.000,-0.000,44
986,6.497,0.991,5.007,0.000,-0.000,-0.000,44
987,6.497,0.991,5.007,0.000,-0.000,-0.000,44
988,6.497,0.991,5.007,0.000,-0.000,0.000,44
989,6.497,0.991,5.007,0.000,-0.000,0.000,44
990,6.497,0.991,5.007,0.000,-0.000,0.000,44
991,6.497,0.991,5.007,0.000,-0.000,0.000,44
992,6.497,0.991,5.007,0.000,0.000,0.000,44
993,6.497,0.991,5.007,0.000,0.000,0.000,44
994,6.497,0.991,5.007,0.000,0.000,0.000,44
995,6.497,0.991,5.007,0.000,0.000,0.000,44
996,6.497,0.991,5.007,0.000,0.000,0.000,44
997,6.497,0.991,5.007,0.000,0.000,0.000,44
998,6.497,0.991,5.007,0.000,0.000,0.000,44
999,6.497,0.991,5.007,0.000,0.000,0.000,44
1000,6.497,0.991,5.007,0.000,0.000,0.000,44
