1,-5.000,-0.500,0.000,0.000,0.000,0.000,1
2,-5.000,-0.500,0.153,0.000,0.000,0.000,1
3,-5.000,-0.500,0.473,0.000,0.000,0.000,1
4,-5.000,-0.500,0.808,0.000,0.000,0.000,1
5,-5.000,-0.500,1.088,0.000,0.000,0.000,1
6,-5.000,-0.500,1.290,0.000,0.000,0.000,1
7,-5.000,-0.500,1.420,0.000,0.000,0.000,1
8,-5.000,-0.500,1.493,0.000,0.000,0.000,1
9,-5.000,-0.500,1.522,0.000,0.000,0.000,1
10,-5.000,-0.500,1.534,0.000,0.000,0.000,1
11,-5.000,-0.500,1.533,0.000,0.000,0.000,1
12,-5.000,-0.500,1.527,0.000,0.000,0.000,1
13,-5.000,-0.500,1.519,0.000,0.000,0.000,1
14,-5.000,-0.500,1.512,0.000,0.000,0.000,1
15,-5.000,-0.500,1.506,0.000,0.000,0.000,1
16,-5.000,-0.500,1.506,0.000,0.000,0.000,1
17,-5.000,-0.500,1.507,0.000,0.000,0.000,1
18,-5.000,-0.500,1.507,0.000,0.000,0.000,1
19,-5.000,-0.500,1.508,0.000,0.000,0.000,1
20,-5.000,-0.500,1.508,0.000,0.000,0.000,1
21,-5.000,-0.500,1.509,0.000,0.000,0.000,1
22,-5.000,-0.500,1.509,0.000,0.000,0.000,1
23,-5.000,-0.500,1.509,0.000,0.000,0.000,1
24,-5.000,-0.500,1.509,0.000,0.000,0.000,1
25,-5.000,-0.500,1.510,0.000,0.000,0.000,1
26,-5.000,-0.500,1.510,0.000,0.000,0.000,1
27,-5.000,-0.500,1.510,0.000,0.000,0.000,1
28,-5.000,-0.500,1.510,0.000,0.000,0.000,1
29,-5.000,-0.500,1.504,0.000,0.000,0.000,1
30,-5.000,-0.500,1.503,0.000,0.000,0.000,1
31,-5.000,-0.500,1.502,0.000,0.000,0.000,1
32,-5.000,-0.500,1.501,0.000,0.000,0.000,1
33,-5.000,-0.500,1.500,0.000,0.000,0.000,1
34,-5.000,-0.500,1.499,0.000,0.000,0.000,1
35,-5.000,-0.500,1.499,0.000,0.000,0.000,1
36,-5.000,-0.500,1.498,0.000,0.000,0.000,1
37,-5.000,-0.500,1.497,0.000,0.000,0.000,1
38,-5.000,-0.500,1.497,0.000,0.000,0.000,1
39,-5.000,-0.500,1.496,0.000,0.000,0.000,1
40,-5.000,-0.500,1.496,0.000,0.000,0.000,1
41,-5.000,-0.500,1.496,0.000,0.000,0.000,1
42,-5.000,-0.500,1.496,0.000,0.020,-0.017,31.0
43,-5.000,-0.500,1.496,0.000,0.035,-0.029,31.0
44,-5.000,-0.500,1.496,0.000,0.041,-0.031,31.0
45,-4.999,-0.500,1.495,0.000,0.037,-0.026,31.0
46,-4.999,-0.499,1.495,0.000,0.027,-0.016,31.0
47,-4.998,-0.499,1.495,0.000,0.017,-0.005,31.0
48,-4.998,-0.498,1.495,0.000,0.008,0.003,31.0
49,-4.997,-0.498,1.495,0.000,0.004,0.006,31.0
50,-4.997,-0.498,1.495,0.000,0.004,0.006,31.0
51,-4.996,-0.497,1.494,0.000,0.007,0.002,31.0
52,-4.995,-0.497,1.494,0.000,0.011,-0.002,31.0
53,-4.994,-0.496,1.494,0.000,0.015,-0.005,31.0
54,-4.994,-0.496,1.494,0.000,0.016,-0.007,31.0
55,-4.993,-0.496,1.494,0.000,0.017,-0.007,31.0
56,-4.992,-0.495,1.494,0.000,0.015,-0.006,31.0
57,-4.991,-0.495,1.494,0.000,0.013,-0.004,31.0
58,-4.990,-0.494,1.493,0.000,0.011,-0.002,31.0
59,-4.989,-0.494,1.493,0.000,0.010,-0.001,31.0
60,-4.988,-0.493,1.493,0.000,0.010,-0.001,31.0
61,-4.987,-0.493,1.493,0.000,0.010,-0.001,31.0
62,-4.985,-0.492,1.493,0.000,0.010,-0.002,31.0
63,-4.984,-0.492,1.493,0.000,0.011,-0.003,31.0
64,-4.983,-0.491,1.493,0.000,0.011,-0.003,31.0
65,-4.982,-0.491,1.493,0.000,0.011,-0.003,31.0
66,-4.980,-0.490,1.493,0.000,0.011,-0.003,31.0
67,-4.979,-0.490,1.492,0.000,0.010,-0.003,31.0
68,-4.978,-0.489,1.492,0.000,0.010,-0.003,31.0
69,-4.976,-0.488,1.492,0.000,0.010,-0.002,31.0
70,-4.975,-0.488,1.492,0.000,0.009,-0.002,31.0
71,-4.973,-0.487,1.492,0.000,0.009,-0.002,31.0
72,-4.972,-0.487,1.492,0.000,0.009,-0.004,28.0
73,-4.970,-0.486,1.492,0.000,0.009,-0.005,28.0
74,-4.969,-0.485,1.492,0.000,0.007,-0.005,28.0
75,-4.967,-0.485,1.491,0.000,0.005,-0.003,28.0
76,-4.965,-0.484,1.491,0.000,0.002,-0.001,28.0
77,-4.964,-0.483,1.491,0.000,0.001,0.001,28.0
78,-4.962,-0.483,1.491,0.000,0.001,0.002,28.0
79,-4.960,-0.482,1.491,0.000,0.003,0.001,28.0
80,-4.959,-0.481,1.491,0.000,0.006,0.000,28.0
81,-4.957,-0.481,1.491,0.000,0.009,-0.001,28.0
82,-4.955,-0.480,1.491,0.000,0.011,-0.002,28.0
83,-4.953,-0.479,1.491,0.000,0.011,-0.002,28.0
84,-4.952,-0.479,1.491,0.000,0.010,-0.002,28.0
85,-4.950,-0.478,1.491,0.000,0.009,-0.001,28.0
86,-4.948,-0.477,1.491,0.000,0.007,-0.001,28.0
87,-4.946,-0.476,1.491,0.000,0.006,-0.001,28.0
88,-4.944,-0.476,1.491,0.000,0.005,-0.000,28.0
89,-4.942,-0.475,1.491,0.000,0.005,-0.000,28.0
90,-4.940,-0.474,1.491,0.000,0.006,-0.000,28.0
91,-4.938,-0.474,1.492,0.000,0.007,-0.000,28.0
92,-4.936,-0.473,1.492,0.000,0.008,-0.000,28.0
93,-4.934,-0.472,1.492,0.000,0.008,-0.000,28.0
94,-4.932,-0.471,1.492,0.000,0.008,-0.001,28.0
95,-4.930,-0.471,1.492,0.000,0.008,-0.001,28.0
96,-4.927,-0.470,1.492,0.000,0.007,-0.001,28.0
97,-4.925,-0.469,1.492,0.000,0.006,-0.001,28.0
98,-4.923,-0.468,1.493,0.000,0.006,-0.001,28.0
99,-4.921,-0.468,1.493,0.000,0.006,-0.001,28.0
100,-4.918,-0.467,1.493,0.000,0.006,-0.001,28.0
101,-4.916,-0.466,1.493,0.000,0.006,-0.001,28.0
102,-4.914,-0.465,1.493,0.000,0.006,-0.000,28.0
103,-4.911,-0.465,1.493,0.000,0.006,-0.000,28.0
104,-4.909,-0.464,1.494,0.000,0.006,-0.000,28.0
105,-4.907,-0.463,1.494,0.000,0.006,-0.001,28.0
106,-4.904,-0.462,1.494,0.000,0.006,-0.001,28.0
107,-4.902,-0.462,1.494,0.000,0.006,-0.001,28.0
108,-4.899,-0.461,1.494,0.000,0.005,-0.001,28.0
109,-4.897,-0.460,1.494,0.000,0.005,-0.001,28.0
110,-4.894,-0.459,1.495,0.000,0.005,-0.001,28.0
111,-4.892,-0.458,1.495,0.000,0.005,-0.000,28.0
112,-4.889,-0.458,1.495,0.000,0.005,-0.000,28.0
113,-4.887,-0.457,1.495,0.000,0.005,-0.000,28.0
114,-4.884,-0.456,1.495,0.000,0.005,-0.000,28.0
115,-4.881,-0.455,1.496,0.000,0.005,-0.000,28.0
116,-4.879,-0.454,1.496,0.000,0.005,-0.000,28.0
117,-4.876,-0.454,1.496,0.000,0.005,-0.000,28.0
118,-4.873,-0.453,1.496,0.000,0.005,-0.000,28.0
119,-4.871,-0.452,1.496,0.000,0.004,-0.000,28.0
120,-4.868,-0.451,1.497,0.000,0.004,-0.000,28.0
121,-4.865,-0.450,1.497,0.000,0.004,-0.000,28.0
122,-4.862,-0.450,1.497,0.000,0.004,-0.000,28.0
123,-4.859,-0.449,1.497,0.000,0.004,-0.000,28.0
124,-4.857,-0.448,1.497,0.000,0.004,-0.000,28.0
125,-4.854,-0.447,1.498,0.000,0.004,-0.000,28.0
126,-4.851,-0.446,1.498,0.000,0.004,-0.000,28.0
127,-4.848,-0.445,1.498,0.000,0.004,-0.000,28.0
128,-4.845,-0.445,1.498,0.000,0.004,-0.000,28.0
129,-4.842,-0.444,1.498,0.000,0.004,-0.000,28.0
130,-4.839,-0.443,1.499,0.000,0.004,-0.000,28.0
131,-4.836,-0.442,1.499,0.000,0.003,-0.000,28.0
132,-4.833,-0.441,1.499,0.000,0.003,-0.000,28.0
133,-4.830,-0.440,1.499,0.000,0.003,-0.000,28.0
134,-4.827,-0.440,1.500,0.000,0.003,-0.000,28.0
135,-4.824,-0.439,1.500,0.000,0.003,-0.000,28.0
136,-4.821,-0.438,1.500,0.000,0.003,-0.000,28.0
137,-4.818,-0.437,1.500,0.000,0.003,-0.000,28.0
138,-4.815,-0.436,1.500,0.000,0.003,-0.000,28.0
139,-4.812,-0.435,1.501,0.000,0.003,-0.000,28.0
140,-4.809,-0.434,1.501,0.000,0.003,-0.000,28.0
141,-4.806,-0.433,1.501,0.000,0.003,-0.000,28.0
142,-4.803,-0.433,1.501,0.000,0.003,-0.000,28.0
143,-4.800,-0.432,1.502,0.000,0.003,-0.000,28.0
144,-4.797,-0.431,1.502,0.000,0.003,-0.000,28.0
145,-4.793,-0.430,1.502,0.000,0.003,-0.000,28.0
146,-4.790,-0.429,1.502,0.000,0.002,-0.000,28.0
147,-4.787,-0.428,1.502,0.000,0.002,-0.000,28.0
148,-4.784,-0.427,1.503,0.000,0.002,-0.000,28.0
149,-4.781,-0.426,1.503,0.000,0.002,-0.000,28.0
150,-4.777,-0.426,1.503,0.000,0.002,-0.000,28.0
151,-4.774,-0.425,1.503,0.000,0.002,-0.000,28.0
152,-4.771,-0.424,1.504,0.000,0.002,-0.000,28.0
153,-4.768,-0.423,1.504,0.000,0.002,-0.000,28.0
154,-4.764,-0.422,1.504,0.000,0.002,-0.000,28.0
155,-4.761,-0.421,1.504,0.000,0.002,-0.000,28.0
156,-4.758,-0.420,1.505,0.000,0.002,-0.000,28.0
157,-4.754,-0.419,1.505,0.000,0.002,-0.000,28.0
158,-4.751,-0.418,1.505,0.000,0.002,-0.000,28.0
159,-4.748,-0.418,1.505,0.000,0.002,-0.000,28.0
160,-4.744,-0.417,1.505,0.000,0.002,-0.000,28.0
161,-4.741,-0.416,1.506,0.000,0.002,0.000,28.0
162,-4.737,-0.415,1.506,0.000,0.002,0.000,28.0
163,-4.734,-0.414,1.506,0.000,0.001,0.000,28.0
164,-4.731,-0.413,1.506,0.000,0.001,0.000,28.0
165,-4.727,-0.412,1.507,0.000,0.001,0.000,28.0
166,-4.724,-0.411,1.507,0.000,0.001,0.000,28.0
167,-4.720,-0.410,1.507,0.000,0.001,0.000,28.0
168,-4.717,-0.409,1.507,0.000,0.001,0.000,28.0
169,-4.713,-0.408,1.508,0.000,0.001,0.000,28.0
170,-4.710,-0.408,1.508,0.000,0.001,0.000,28.0
171,-4.706,-0.407,1.508,0.000,0.001,0.000,28.0
172,-4.703,-0.406,1.508,0.000,0.001,0.000,28.0
173,-4.699,-0.405,1.509,0.000,0.001,0.000,28.0
174,-4.696,-0.404,1.509,0.000,0.001,0.000,28.0
175,-4.692,-0.403,1.509,0.000,0.001,0.000,28.0
176,-4.689,-0.402,1.509,0.000,0.001,0.000,28.0
177,-4.685,-0.401,1.510,0.000,0.001,0.000,28.0
178,-4.682,-0.400,1.510,0.000,0.001,0.000,28.0
179,-4.678,-0.399,1.510,0.000,0.001,0.000,28.0
180,-4.674,-0.398,1.504,0.000,0.001,0.000,28.0
181,-4.671,-0.397,1.503,0.000,0.001,0.000,28.0
182,-4.667,-0.396,1.502,0.000,0.001,-0.000,28.0
183,-4.664,-0.395,1.501,0.000,0.001,-0.000,28.0
184,-4.660,-0.395,1.500,0.000,-0.082,0.028,25.0
185,-4.657,-0.394,1.500,0.000,-0.136,0.046,25.0
186,-4.654,-0.393,1.499,0.000,-0.142,0.048,25.0
187,-4.651,-0.392,1.499,0.000,-0.109,0.037,25.0
188,-4.649,-0.392,1.498,0.000,-0.057,0.019,25.0
189,-4.647,-0.392,1.498,0.000,-0.006,0.001,25.0
190,-4.646,-0.391,1.497,0.000,0.030,-0.012,25.0
191,-4.644,-0.391,1.497,0.000,0.045,-0.019,25.0
192,-4.642,-0.391,1.496,0.000,0.039,-0.017,25.0
193,-4.639,-0.390,1.496,0.000,0.021,-0.010,25.0
194,-4.637,-0.390,1.496,0.000,0.000,-0.002,25.0
195,-4.635,-0.389,1.495,0.000,-0.119,0.028,22.0
196,-4.633,-0.389,1.495,0.000,-0.195,0.046,22.0
197,-4.632,-0.388,1.495,0.000,-0.201,0.048,22.0
198,-4.631,-0.388,1.495,0.000,-0.154,0.037,22.0
199,-4.631,-0.388,1.494,0.000,-0.072,0.017,22.0
200,-4.631,-0.388,1.494,0.000,0.006,-0.003,22.0
201,-4.632,-0.388,1.494,0.000,0.060,-0.017,22.0
202,-4.632,-0.388,1.494,0.000,0.077,-0.021,22.0
203,-4.631,-0.388,1.494,0.000,0.064,-0.017,22.0
204,-4.631,-0.388,1.494,0.000,0.020,-0.005,19.0
205,-4.630,-0.388,1.494,0.000,-0.021,0.007,19.0
206,-4.630,-0.388,1.493,0.000,-0.047,0.014,19.0
207,-4.630,-0.388,1.493,0.000,-0.053,0.015,19.0
208,-4.630,-0.388,1.493,0.000,-0.034,0.009,19.0
209,-4.629,-0.388,1.493,0.000,-0.006,0.001,19.0
210,-4.629,-0.388,1.493,0.000,0.019,-0.007,19.0
211,-4.629,-0.388,1.493,0.000,0.032,-0.011,19.0
212,-4.629,-0.388,1.493,0.000,0.032,-0.010,19.0
213,-4.629,-0.388,1.493,0.000,0.008,-0.003,16.0
214,-4.629,-0.387,1.493,0.000,-0.014,0.005,16.0
215,-4.629,-0.387,1.493,0.000,-0.027,0.009,16.0
216,-4.628,-0.387,1.493,0.000,-0.029,0.010,16.0
217,-4.628,-0.387,1.493,0.000,-0.014,0.005,16.0
218,-4.628,-0.387,1.493,0.000,0.005,-0.001,16.0
219,-4.628,-0.387,1.493,0.000,0.021,-0.007,16.0
220,-4.628,-0.387,1.493,0.000,0.027,-0.010,16.0
221,-4.628,-0.387,1.493,0.000,0.024,-0.009,16.0
222,-4.628,-0.387,1.493,0.000,0.001,-0.001,13.0
223,-4.627,-0.387,1.493,0.000,-0.019,0.006,13.0
224,-4.627,-0.387,1.492,0.000,-0.028,0.009,13.0
225,-4.627,-0.387,1.492,0.000,-0.027,0.009,13.0
226,-4.627,-0.387,1.492,0.000,-0.010,0.004,13.0
227,-4.627,-0.387,1.492,0.000,0.009,-0.002,13.0
228,-4.627,-0.387,1.492,0.000,0.024,-0.008,13.0
229,-4.627,-0.387,1.492,0.000,0.031,-0.011,13.0
230,-4.627,-0.387,1.492,0.000,0.028,-0.011,13.0
231,-4.626,-0.387,1.492,0.000,0.018,-0.008,13.0
232,-4.626,-0.387,1.492,0.000,-0.010,0.003,10.0
233,-4.626,-0.386,1.492,0.000,-0.031,0.011,10.0
234,-4.626,-0.386,1.492,0.000,-0.037,0.013,10.0
235,-4.625,-0.386,1.492,0.000,-0.031,0.012,10.0
236,-4.625,-0.386,1.492,0.000,-0.010,0.005,10.0
237,-4.625,-0.386,1.492,0.000,0.013,-0.003,10.0
238,-4.625,-0.386,1.492,0.000,0.026,-0.008,10.0
239,-4.625,-0.386,1.492,0.000,0.017,-0.006,7.0
240,-4.625,-0.386,1.492,0.000,0.003,-0.002,7.0
241,-4.625,-0.386,1.492,0.000,-0.009,0.002,7.0
242,-4.625,-0.386,1.492,0.000,-0.015,0.004,7.0
243,-4.625,-0.386,1.492,0.000,-0.016,0.005,7.0
244,-4.625,-0.386,1.492,0.000,-0.003,0.001,7.0
245,-4.625,-0.386,1.492,0.000,0.012,-0.004,7.0
246,-4.625,-0.386,1.492,0.000,0.020,-0.006,7.0
247,-4.625,-0.386,1.492,0.000,0.020,-0.007,7.0
248,-4.624,-0.386,1.492,0.000,0.016,-0.005,7.0
249,-4.624,-0.386,1.492,0.000,-0.004,0.001,4.0
250,-4.624,-0.386,1.492,0.000,-0.019,0.006,4.0
251,-4.624,-0.386,1.492,0.000,-0.025,0.008,4.0
252,-4.624,-0.386,1.492,0.000,-0.014,0.006,4.0
253,-4.624,-0.386,1.492,0.000,0.003,0.001,4.0
254,-4.624,-0.386,1.492,0.000,0.017,-0.004,4.0
255,-4.624,-0.386,1.492,0.000,0.026,-0.008,4.0
256,-4.623,-0.386,1.492,0.000,0.222,-0.054,4.0
257,-4.622,-0.385,1.492,0.000,0.341,-0.082,1
258,-4.620,-0.385,1.492,0.000,0.335,-0.079,1
259,-4.617,-0.384,1.492,0.000,0.226,-0.124,1
260,-4.613,-0.383,1.492,0.000,0.087,-0.138,1
261,-4.609,-0.381,1.492,0.000,-0.068,-0.104,1
262,-4.605,-0.379,1.492,0.000,-0.201,-0.038,1
263,-4.601,-0.377,1.492,0.000,-0.244,0.277,1
264,-4.598,-0.376,1.492,0.000,-0.121,0.669,35.0
265,-4.596,-0.377,1.493,0.000,0.019,0.811,35.0
266,-4.594,-0.381,1.493,0.000,0.118,0.697,35.0
267,-4.591,-0.387,1.493,0.000,0.151,0.421,35.0
268,-4.588,-0.394,1.494,0.000,0.119,0.098,35.0
269,-4.584,-0.402,1.494,0.000,-0.054,-0.392,35.0
270,-4.581,-0.409,1.494,0.000,-0.127,-0.497,35.0
271,-4.578,-0.414,1.494,-0.000,-0.171,-0.439,35.0
272,-4.575,-0.418,1.494,-0.000,-0.162,-0.269,35.0
273,-4.573,-0.421,1.495,-0.000,-0.113,-0.064,35.0
274,-4.572,-0.423,1.495,-0.000,-0.048,0.102,35.0
275,-4.570,-0.426,1.495,-0.000,0.009,0.190,35.0
276,-4.569,-0.429,1.495,-0.000,0.044,0.193,35.0
277,-4.567,-0.433,1.495,-0.000,0.053,0.136,35.0
278,-4.566,-0.438,1.495,-0.000,0.040,0.051,35.0
279,-4.564,-0.443,1.495,-0.000,0.017,-0.026,35.0
280,-4.562,-0.447,1.495,-0.000,-0.006,-0.074,35.0
281,-4.560,-0.452,1.495,-0.000,-0.023,-0.087,35.0
282,-4.558,-0.456,1.495,-0.000,-0.028,-0.070,35.0
283,-4.556,-0.460,1.495,-0.000,-0.025,-0.036,35.0
284,-4.555,-0.464,1.495,-0.000,-0.015,-0.002,35.0
285,-4.553,-0.467,1.495,-0.000,-0.005,0.023,35.0
286,-4.551,-0.471,1.495,-0.000,0.004,0.033,35.0
287,-4.550,-0.475,1.495,-0.000,0.008,0.029,35.0
288,-4.548,-0.479,1.495,-0.000,0.008,0.017,35.0
289,-4.546,-0.484,1.495,-0.000,0.005,0.002,35.0
290,-4.545,-0.488,1.495,-0.000,0.001,-0.010,35.0
291,-4.543,-0.492,1.495,-0.000,-0.003,-0.016,35.0
292,-4.541,-0.496,1.495,-0.000,-0.005,-0.016,35.0
293,-4.540,-0.500,1.495,-0.000,-0.005,-0.012,35.0
294,-4.538,-0.504,1.495,-0.000,-0.004,-0.006,35.0
295,-4.536,-0.508,1.495,-0.000,-0.003,-0.000,35.0
296,-4.534,-0.512,1.495,-0.000,-0.001,0.003,35.0
297,-4.533,-0.516,1.495,-0.000,0.000,0.004,35.0
298,-4.531,-0.520,1.495,-0.000,0.001,0.003,35.0
299,-4.529,-0.524,1.495,-0.000,0.001,0.000,35.0
300,-4.528,-0.528,1.495,-0.000,0.000,-0.002,35.0
301,-4.526,-0.533,1.495,-0.000,-0.001,-0.004,35.0
302,-4.524,-0.537,1.495,-0.000,-0.001,-0.005,35.0
303,-4.523,-0.541,1.495,-0.000,-0.002,-0.004,35.0
304,-4.521,-0.545,1.495,-0.000,-0.002,-0.004,35.0
305,-4.519,-0.549,1.495,-0.000,-0.001,-0.002,35.0
306,-4.518,-0.553,1.495,-0.000,-0.001,-0.002,35.0
307,-4.516,-0.557,1.495,-0.000,-0.001,-0.001,35.0
308,-4.514,-0.561,1.495,-0.000,-0.001,-0.001,35.0
309,-4.513,-0.565,1.495,-0.000,-0.001,-0.001,35.0
310,-4.511,-0.569,1.495,-0.000,-0.001,-0.002,35.0
311,-4.509,-0.573,1.495,-0.000,-0.001,-0.002,35.0
312,-4.508,-0.577,1.495,-0.000,-0.001,-0.003,35.0
313,-4.506,-0.581,1.495,-0.000,-0.001,-0.003,35.0
314,-4.504,-0.585,1.495,-0.000,-0.001,-0.003,35.0
315,-4.503,-0.590,1.495,-0.000,-0.001,-0.002,35.0
316,-4.501,-0.594,1.495,-0.000,-0.001,-0.002,35.0
317,-4.499,-0.598,1.495,-0.000,-0.001,-0.002,35.0
318,-4.498,-0.602,1.495,-0.000,-0.001,-0.002,35.0
319,-4.496,-0.606,1.495,-0.000,-0.001,-0.002,35.0
320,-4.494,-0.610,1.495,-0.000,-0.001,-0.002,35.0
321,-4.493,-0.614,1.495,-0.000,-0.001,-0.002,35.0
322,-4.491,-0.618,1.495,-0.000,-0.001,-0.002,35.0
323,-4.489,-0.622,1.495,-0.000,-0.001,-0.002,35.0
324,-4.487,-0.626,1.495,-0.000,-0.001,-0.002,35.0
325,-4.486,-0.630,1.495,-0.000,-0.001,-0.002,35.0
326,-4.484,-0.634,1.495,-0.000,-0.001,-0.002,35.0
327,-4.482,-0.638,1.495,-0.000,-0.001,-0.002,35.0
328,-4.481,-0.642,1.495,-0.000,-0.001,-0.002,35.0
329,-4.479,-0.647,1.495,-0.000,-0.001,-0.002,35.0
330,-4.477,-0.651,1.495,-0.000,-0.001,-0.002,35.0
331,-4.476,-0.655,1.495,-0.000,-0.001,-0.002,35.0
332,-4.474,-0.659,1.495,-0.000,-0.001,-0.002,35.0
333,-4.472,-0.663,1.495,-0.000,-0.001,-0.002,35.0
334,-4.471,-0.667,1.495,-0.000,-0.001,-0.002,35.0
335,-4.469,-0.671,1.495,-0.000,-0.001,-0.002,35.0
336,-4.467,-0.675,1.495,-0.000,-0.001,-0.002,35.0
337,-4.466,-0.679,1.495,-0.000,-0.001,-0.002,35.0
338,-4.464,-0.683,1.495,-0.000,-0.002,-0.004,35.0
339,-4.462,-0.687,1.495,-0.000,-0.003,-0.007,35.0
340,-4.461,-0.691,1.495,-0.000,-0.005,-0.012,35.0
341,-4.459,-0.695,1.495,-0.000,-0.006,-0.015,35.0
342,-4.457,-0.699,1.495,-0.000,-0.007,-0.018,35.0
343,-4.456,-0.703,1.495,-0.000,-0.008,-0.018,35.0
344,-4.454,-0.707,1.495,-0.000,-0.007,-0.018,35.0
345,-4.453,-0.711,1.495,-0.000,-0.007,-0.017,35.0
346,-4.451,-0.715,1.495,-0.000,-0.006,-0.015,35.0
347,-4.449,-0.718,1.495,-0.000,-0.006,-0.014,35.0
348,-4.448,-0.722,1.495,-0.000,-0.006,-0.014,35.0
349,-4.446,-0.726,1.495,-0.000,-0.006,-0.014,35.0
350,-4.445,-0.729,1.495,-0.000,-0.006,-0.014,35.0
351,-4.444,-0.733,1.495,-0.000,-0.006,-0.015,35.0
352,-4.442,-0.736,1.495,-0.000,-0.006,-0.015,35.0
353,-4.441,-0.740,1.495,-0.000,-0.006,-0.015,35.0
354,-4.439,-0.743,1.495,-0.000,-0.006,-0.015,35.0
355,-4.438,-0.746,1.495,-0.000,-0.006,-0.015,35.0
356,-4.437,-0.750,1.495,-0.000,-0.006,-0.014,35.0
357,-4.435,-0.753,1.495,-0.000,-0.006,-0.014,35.0
358,-4.434,-0.756,1.495,-0.000,-0.006,-0.014,35.0
359,-4.433,-0.759,1.495,-0.000,-0.006,-0.013,35.0
360,-4.431,-0.763,1.495,-0.000,-0.005,-0.013,35.0
361,-4.430,-0.766,1.495,-0.000,-0.005,-0.013,35.0
362,-4.429,-0.769,1.495,-0.000,-0.005,-0.013,35.0
363,-4.427,-0.772,1.495,-0.000,-0.005,-0.013,35.0
364,-4.426,-0.775,1.495,-0.000,-0.005,-0.013,35.0
365,-4.425,-0.778,1.495,-0.000,-0.005,-0.013,35.0
366,-4.424,-0.781,1.495,-0.000,-0.005,-0.013,35.0
367,-4.423,-0.784,1.494,-0.000,-0.005,-0.012,35.0
368,-4.421,-0.786,1.494,-0.000,-0.005,-0.012,35.0
369,-4.420,-0.789,1.494,-0.000,-0.005,-0.012,35.0
370,-4.419,-0.792,1.494,-0.000,-0.005,-0.012,35.0
371,-4.418,-0.795,1.494,-0.000,-0.005,-0.012,35.0
372,-4.417,-0.797,1.494,-0.000,-0.005,-0.012,35.0
373,-4.416,-0.800,1.494,-0.000,-0.005,-0.011,35.0
374,-4.415,-0.803,1.494,-0.000,-0.005,-0.011,35.0
375,-4.414,-0.805,1.494,-0.000,-0.005,-0.011,35.0
376,-4.413,-0.808,1.494,-0.000,-0.005,-0.011,35.0
377,-4.412,-0.810,1.494,-0.000,-0.004,-0.011,35.0
378,-4.411,-0.813,1.494,-0.000,-0.004,-0.011,35.0
379,-4.410,-0.815,1.494,-0.000,-0.004,-0.011,35.0
380,-4.409,-0.818,1.494,-0.000,-0.004,-0.010,35.0
381,-4.408,-0.820,1.494,-0.000,-0.004,-0.010,35.0
382,-4.407,-0.822,1.494,-0.000,-0.004,-0.010,35.0
383,-4.406,-0.825,1.494,-0.000,-0.004,-0.010,35.0
384,-4.405,-0.827,1.494,-0.000,-0.004,-0.010,35.0
385,-4.404,-0.829,1.494,-0.000,-0.004,-0.010,35.0
386,-4.403,-0.831,1.494,-0.000,-0.004,-0.010,35.0
387,-4.402,-0.834,1.494,-0.000,-0.004,-0.010,35.0
388,-4.401,-0.836,1.494,-0.000,-0.004,-0.009,35.0
389,-4.400,-0.838,1.494,-0.000,-0.004,-0.009,35.0
390,-4.399,-0.840,1.494,-0.000,-0.004,-0.009,35.0
391,-4.398,-0.842,1.494,-0.000,-0.004,-0.009,35.0
392,-4.398,-0.844,1.494,-0.000,-0.004,-0.009,35.0
393,-4.397,-0.846,1.494,-0.000,-0.004,-0.009,35.0
394,-4.396,-0.848,1.494,-0.000,-0.004,-0.009,35.0
395,-4.395,-0.850,1.494,-0.000,-0.004,-0.009,35.0
396,-4.394,-0.852,1.494,-0.000,-0.003,-0.008,35.0
397,-4.393,-0.854,1.494,-0.000,-0.003,-0.008,35.0
398,-4.393,-0.856,1.494,-0.000,-0.003,-0.008,35.0
399,-4.392,-0.858,1.494,-0.000,-0.003,-0.008,35.0
400,-4.391,-0.860,1.494,-0.000,-0.003,-0.008,35.0
401,-4.390,-0.862,1.494,-0.000,-0.003,-0.008,35.0
402,-4.390,-0.863,1.494,-0.000,-0.003,-0.008,35.0
403,-4.389,-0.865,1.494,-0.000,-0.003,-0.008,35.0
404,-4.388,-0.867,1.494,-0.000,-0.003,-0.008,35.0
405,-4.387,-0.869,1.494,-0.000,-0.003,-0.008,35.0
406,-4.387,-0.870,1.494,-0.000,-0.003,-0.007,35.0
407,-4.386,-0.872,1.494,-0.000,-0.003,-0.007,35.0
408,-4.385,-0.874,1.494,-0.000,-0.003,-0.007,35.0
409,-4.385,-0.876,1.494,-0.000,-0.003,-0.007,35.0
410,-4.384,-0.877,1.494,-0.000,-0.003,-0.007,35.0
411,-4.383,-0.879,1.494,-0.000,-0.003,-0.007,35.0
412,-4.383,-0.880,1.494,-0.000,-0.003,-0.007,35.0
413,-4.382,-0.882,1.494,-0.000,-0.003,-0.007,35.0
414,-4.381,-0.883,1.494,-0.000,-0.003,-0.007,35.0
415,-4.381,-0.885,1.494,-0.000,-0.003,-0.007,35.0
416,-4.380,-0.886,1.494,-0.000,-0.003,-0.006,35.0
417,-4.380,-0.888,1.494,-0.000,-0.003,-0.006,35.0
418,-4.379,-0.889,1.494,-0.000,-0.003,-0.006,35.0
419,-4.378,-0.891,1.494,-0.000,-0.003,-0.006,35.0
420,-4.378,-0.892,1.494,-0.000,-0.003,-0.006,35.0
421,-4.377,-0.894,1.494,-0.000,-0.003,-0.006,35.0
422,-4.377,-0.895,1.494,-0.000,-0.002,-0.006,35.0
423,-4.376,-0.896,1.494,-0.000,-0.002,-0.006,35.0
424,-4.375,-0.898,1.494,-0.000,-0.002,-0.006,35.0
425,-4.375,-0.899,1.494,-0.000,-0.002,-0.006,35.0
426,-4.374,-0.900,1.494,-0.000,-0.002,-0.006,35.0
427,-4.374,-0.902,1.494,-0.000,-0.002,-0.006,35.0
428,-4.373,-0.903,1.494,-0.000,-0.002,-0.006,35.0
429,-4.373,-0.904,1.494,-0.000,-0.002,-0.005,35.0
430,-4.372,-0.906,1.494,-0.000,-0.002,-0.005,35.0
431,-4.372,-0.907,1.494,-0.000,-0.002,-0.005,35.0
432,-4.371,-0.908,1.494,-0.000,-0.002,-0.005,35.0
433,-4.371,-0.909,1.494,-0.000,-0.002,-0.005,35.0
434,-4.370,-0.910,1.494,-0.000,-0.002,-0.005,35.0
435,-4.370,-0.912,1.494,-0.000,-0.002,-0.005,35.0
436,-4.369,-0.913,1.494,-0.000,-0.002,-0.005,35.0
437,-4.369,-0.914,1.494,-0.000,-0.002,-0.005,35.0
438,-4.368,-0.915,1.494,-0.000,-0.002,-0.005,35.0
439,-4.368,-0.916,1.494,-0.000,-0.002,-0.005,35.0
440,-4.367,-0.917,1.494,-0.000,-0.002,-0.005,35.0
441,-4.367,-0.918,1.494,-0.000,-0.002,-0.005,35.0
442,-4.367,-0.919,1.494,-0.000,-0.002,-0.005,35.0
443,-4.366,-0.920,1.494,-0.000,-0.002,-0.005,35.0
444,-4.366,-0.922,1.494,-0.000,-0.002,-0.004,35.0
445,-4.365,-0.923,1.494,-0.000,-0.002,-0.004,35.0
446,-4.365,-0.924,1.494,-0.000,-0.002,-0.004,35.0
447,-4.364,-0.925,1.494,-0.000,-0.002,-0.004,35.0
448,-4.364,-0.926,1.494,-0.000,-0.002,-0.004,35.0
449,-4.364,-0.927,1.494,-0.000,-0.002,-0.004,35.0
450,-4.363,-0.927,1.494,-0.000,-0.002,-0.004,35.0
451,-4.363,-0.928,1.494,-0.000,-0.002,-0.004,35.0
452,-4.362,-0.929,1.494,-0.000,-0.002,-0.004,35.0
453,-4.362,-0.930,1.494,-0.000,-0.002,-0.004,35.0
454,-4.362,-0.931,1.494,-0.000,-0.002,-0.004,35.0
455,-4.361,-0.932,1.494,-0.000,-0.002,-0.004,35.0
456,-4.361,-0.933,1.494,-0.000,-0.002,-0.004,35.0
457,-4.361,-0.934,1.494,-0.000,-0.002,-0.004,35.0
458,-4.360,-0.935,1.494,-0.000,-0.002,-0.004,35.0
459,-4.360,-0.936,1.494,-0.000,-0.002,-0.004,35.0
460,-4.360,-0.936,1.494,-0.000,-0.001,-0.004,35.0
461,-4.359,-0.937,1.494,-0.000,-0.001,-0.004,35.0
462,-4.359,-0.938,1.494,-0.000,-0.001,-0.004,35.0
463,-4.359,-0.939,1.494,-0.000,-0.001,-0.003,35.0
464,-4.358,-0.940,1.494,-0.000,-0.001,-0.003,35.0
465,-4.358,-0.940,1.494,-0.000,-0.001,-0.003,35.0
466,-4.358,-0.941,1.494,-0.000,-0.001,-0.003,35.0
467,-4.357,-0.942,1.494,-0.000,-0.001,-0.003,35.0
468,-4.357,-0.943,1.494,-0.000,-0.001,-0.003,35.0
469,-4.357,-0.944,1.494,-0.000,-0.001,-0.003,35.0
470,-4.356,-0.944,1.494,-0.000,-0.001,-0.003,35.0
471,-4.356,-0.945,1.494,-0.000,-0.001,-0.003,35.0
472,-4.356,-0.946,1.494,-0.000,-0.001,-0.003,35.0
473,-4.355,-0.946,1.494,-0.000,-0.001,-0.003,35.0
474,-4.355,-0.947,1.494,-0.000,-0.001,-0.003,35.0
475,-4.355,-0.948,1.494,-0.000,-0.001,-0.003,35.0
476,-4.355,-0.949,1.494,-0.000,-0.001,-0.003,35.0
477,-4.354,-0.949,1.494,-0.000,-0.001,-0.003,35.0
478,-4.354,-0.950,1.494,-0.000,-0.001,-0.003,35.0
479,-4.354,-0.951,1.494,-0.000,-0.001,-0.003,35.0
480,-4.353,-0.951,1.494,-0.000,-0.001,-0.003,35.0
481,-4.353,-0.952,1.494,-0.000,-0.001,-0.003,35.0
482,-4.353,-0.952,1.494,-0.000,-0.001,-0.003,35.0
483,-4.353,-0.953,1.494,-0.000,-0.001,-0.003,35.0
484,-4.352,-0.954,1.494,-0.000,-0.001,-0.003,35.0
485,-4.352,-0.954,1.494,-0.000,-0.001,-0.003,35.0
486,-4.352,-0.955,1.494,-0.000,-0.001,-0.003,35.0
487,-4.352,-0.955,1.494,-0.000,-0.001,-0.003,35.0
488,-4.351,-0.956,1.494,-0.000,-0.001,-0.003,35.0
489,-4.351,-0.957,1.494,-0.000,-0.001,-0.002,35.0
490,-4.351,-0.957,1.494,-0.000,-0.001,-0.002,35.0
491,-4.351,-0.958,1.494,-0.000,-0.001,-0.002,35.0
492,-4.351,-0.958,1.494,-0.000,-0.001,-0.002,35.0
493,-4.350,-0.959,1.494,-0.000,-0.001,-0.002,35.0
494,-4.350,-0.959,1.494,-0.000,-0.001,-0.002,35.0
495,-4.350,-0.960,1.494,-0.000,-0.001,-0.002,35.0
496,-4.350,-0.960,1.494,-0.000,-0.001,-0.002,35.0
497,-4.349,-0.961,1.494,-0.000,-0.001,-0.002,35.0
498,-4.349,-0.961,1.494,-0.000,-0.001,-0.002,35.0
499,-4.349,-0.962,1.494,-0.000,-0.001,-0.002,35.0
500,-4.349,-0.962,1.494,-0.000,-0.001,-0.002,35.0
501,-4.349,-0.963,1.494,-0.000,-0.001,-0.002,35.0
502,-4.348,-0.963,1.494,-0.000,-0.001,-0.002,35.0
503,-4.348,-0.964,1.494,-0.000,-0.001,-0.002,35.0
504,-4.348,-0.964,1.494,-0.000,-0.001,-0.002,35.0
505,-4.348,-0.965,1.494,-0.000,-0.001,-0.002,35.0
506,-4.348,-0.965,1.494,-0.000,-0.001,-0.002,35.0
507,-4.347,-0.966,1.494,-0.000,-0.001,-0.002,35.0
508,-4.347,-0.966,1.494,-0.000,-0.001,-0.002,35.0
509,-4.347,-0.967,1.494,-0.000,-0.001,-0.002,35.0
510,-4.347,-0.967,1.494,-0.000,-0.001,-0.002,35.0
511,-4.347,-0.968,1.494,-0.000,-0.001,-0.002,35.0
512,-4.347,-0.968,1.494,-0.000,-0.001,-0.002,35.0
513,-4.346,-0.968,1.494,-0.000,-0.001,-0.002,35.0
514,-4.346,-0.969,1.494,-0.000,-0.001,-0.002,35.0
515,-4.346,-0.969,1.494,-0.000,-0.001,-0.002,35.0
516,-4.346,-0.970,1.494,-0.000,-0.001,-0.002,35.0
517,-4.346,-0.970,1.494,-0.000,-0.001,-0.002,35.0
518,-4.346,-0.970,1.494,-0.000,-0.001,-0.002,35.0
519,-4.345,-0.971,1.494,-0.000,-0.001,-0.002,35.0
520,-4.345,-0.971,1.494,-0.000,-0.001,-0.002,35.0
521,-4.345,-0.972,1.494,-0.000,-0.001,-0.002,35.0
522,-4.345,-0.972,1.494,-0.000,-0.001,-0.002,35.0
523,-4.345,-0.972,1.494,-0.000,-0.001,-0.002,35.0
524,-4.345,-0.973,1.494,-0.000,-0.001,-0.002,35.0
525,-4.344,-0.973,1.494,-0.000,-0.001,-0.002,35.0
526,-4.344,-0.973,1.494,-0.000,-0.001,-0.002,35.0
527,-4.344,-0.974,1.494,-0.000,-0.001,-0.002,35.0
528,-4.344,-0.974,1.494,-0.000,-0.001,-0.001,35.0
529,-4.344,-0.974,1.494,-0.000,-0.001,-0.001,35.0
530,-4.344,-0.975,1.494,-0.000,-0.001,-0.001,35.0
531,-4.344,-0.975,1.494,-0.000,-0.001,-0.001,35.0
532,-4.343,-0.975,1.494,-0.000,-0.001,-0.001,35.0
533,-4.343,-0.976,1.494,-0.000,-0.001,-0.001,35.0
534,-4.343,-0.976,1.494,-0.000,-0.001,-0.001,35.0
535,-4.343,-0.976,1.494,-0.000,-0.001,-0.001,35.0
536,-4.343,-0.977,1.494,-0.000,-0.001,-0.001,35.0
537,-4.343,-0.977,1.494,-0.000,-0.001,-0.001,35.0
538,-4.343,-0.977,1.494,-0.000,-0.001,-0.001,35.0
539,-4.343,-0.978,1.494,-0.000,-0.001,-0.001,35.0
540,-4.342,-0.978,1.494,-0.000,-0.001,-0.001,35.0
541,-4.342,-0.978,1.494,-0.000,-0.001,-0.001,35.0
542,-4.342,-0.978,1.494,-0.000,-0.001,-0.001,35.0
543,-4.342,-0.979,1.494,-0.000,-0.001,-0.001,35.0
544,-4.342,-0.979,1.494,-0.000,-0.000,-0.001,35.0
545,-4.342,-0.979,1.494,-0.000,-0.000,-0.001,35.0
546,-4.342,-0.980,1.494,-0.000,-0.000,-0.001,35.0
547,-4.342,-0.980,1.494,-0.000,-0.000,-0.001,35.0
548,-4.342,-0.980,1.494,-0.000,-0.000,-0.001,35.0
549,-4.341,-0.980,1.494,-0.000,-0.000,-0.001,35.0
550,-4.341,-0.981,1.494,-0.000,-0.000,-0.001,35.0
551,-4.341,-0.981,1.494,-0.000,-0.000,-0.001,35.0
552,-4.341,-0.981,1.494,-0.000,-0.000,-0.001,35.0
553,-4.341,-0.981,1.494,-0.000,-0.000,-0.001,35.0
554,-4.341,-0.982,1.494,-0.000,-0.000,-0.001,35.0
555,-4.341,-0.982,1.494,-0.000,-0.000,-0.001,35.0
556,-4.341,-0.982,1.494,-0.000,-0.000,-0.001,35.0
557,-4.341,-0.982,1.494,-0.000,0.005,-0.003,11.0
558,-4.341,-0.983,1.494,-0.000,0.009,-0.004,11.0
559,-4.340,-0.983,1.494,-0.000,0.009,-0.004,11.0
560,-4.340,-0.983,1.494,-0.000,0.007,-0.003,11.0
561,-4.340,-0.983,1.494,-0.000,0.004,-0.002,8.0
562,-4.340,-0.983,1.494,-0.000,0.000,-0.001,8.0
563,-4.340,-0.983,1.494,-0.000,-0.008,0.002,35.0
564,-4.339,-0.984,1.494,-0.000,-0.013,0.003,35.0
565,-4.339,-0.984,1.494,-0.000,-0.014,0.002,35.0
566,-4.339,-0.984,1.494,-0.000,-0.010,0.001,35.0
567,-4.339,-0.984,1.494,-0.000,-0.005,0.000,35.0
568,-4.339,-0.985,1.494,-0.000,-0.000,-0.001,35.0
569,-4.339,-0.985,1.494,-0.000,0.003,-0.002,35.0
570,-4.339,-0.985,1.494,-0.000,0.004,-0.002,35.0
571,-4.339,-0.985,1.494,-0.000,0.004,-0.002,35.0
572,-4.339,-0.985,1.494,-0.000,0.002,-0.001,35.0
573,-4.339,-0.985,1.494,-0.000,-0.000,-0.001,35.0
574,-4.339,-0.986,1.494,-0.000,-0.002,-0.000,35.0
575,-4.338,-0.986,1.494,-0.000,-0.003,-0.000,35.0
576,-4.338,-0.986,1.494,-0.000,-0.002,-0.000,35.0
577,-4.338,-0.986,1.494,-0.000,-0.002,-0.000,35.0
578,-4.338,-0.986,1.494,-0.000,-0.001,-0.001,35.0
579,-4.338,-0.987,1.494,-0.000,-0.000,-0.001,35.0
580,-4.338,-0.987,1.494,-0.000,0.000,-0.001,35.0
581,-4.338,-0.987,1.494,-0.000,0.001,-0.001,35.0
582,-4.338,-0.987,1.494,-0.000,0.000,-0.001,35.0
583,-4.338,-0.987,1.494,-0.000,0.000,-0.001,35.0
584,-4.338,-0.987,1.494,-0.000,-0.000,-0.001,35.0
585,-4.338,-0.988,1.494,-0.000,-0.001,-0.001,35.0
586,-4.338,-0.988,1.494,-0.000,-0.001,-0.001,35.0
587,-4.338,-0.988,1.494,-0.000,-0.001,-0.001,35.0
588,-4.338,-0.988,1.494,-0.000,-0.000,-0.001,35.0
589,-4.338,-0.988,1.494,-0.000,-0.000,-0.001,35.0
590,-4.338,-0.988,1.494,-0.000,-0.000,-0.001,35.0
591,-4.337,-0.989,1.494,-0.000,-0.000,-0.001,35.0
592,-4.337,-0.989,1.494,-0.000,-0.000,-0.001,35.0
593,-4.337,-0.989,1.494,-0.000,-0.000,-0.001,35.0
594,-4.337,-0.989,1.494,-0.000,-0.000,-0.001,35.0
595,-4.337,-0.989,1.494,-0.000,-0.000,-0.001,35.0
596,-4.337,-0.989,1.494,-0.000,-0.000,-0.001,35.0
597,-4.337,-0.989,1.494,-0.000,-0.000,-0.001,35.0
598,-4.337,-0.990,1.494,-0.000,-0.000,-0.001,35.0
599,-4.337,-0.990,1.494,-0.000,-0.000,-0.001,35.0
600,-4.337,-0.990,1.494,-0.000,-0.000,-0.001,35.0
601,-4.337,-0.990,1.494,-0.000,-0.000,-0.001,35.0
602,-4.337,-0.990,1.494,-0.000,-0.000,-0.001,35.0
603,-4.337,-0.990,1.494,-0.000,-0.000,-0.001,35.0
604,-4.337,-0.990,1.494,-0.000,-0.000,-0.001,35.0
605,-4.337,-0.990,1.494,-0.000,-0.000,-0.001,35.0
606,-4.337,-0.991,1.494,-0.000,-0.000,-0.001,35.0
607,-4.337,-0.991,1.494,-0.000,-0.002,-0.006,35.0
608,-4.337,-0.991,1.494,-0.000,-0.004,-0.010,35.0
609,-4.337,-0.991,1.494,-0.000,-0.004,-0.010,35.0
610,-4.337,-0.991,1.494,-0.000,-0.003,-0.008,35.0
611,-4.337,-0.991,1.494,-0.000,-0.002,-0.004,35.0
612,-4.337,-0.991,1.494,-0.000,-0.000,-0.001,35.0
613,-4.337,-0.991,1.494,-0.000,0.001,0.002,35.0
614,-4.337,-0.991,1.494,-0.000,0.001,0.003,35.0
615,-4.337,-0.991,1.494,-0.000,0.001,0.003,35.0
616,-4.337,-0.991,1.494,-0.000,0.000,0.001,35.0
617,-4.337,-0.991,1.494,-0.000,-0.000,-0.000,35.0
618,-4.337,-0.991,1.494,-0.000,-0.000,-0.001,35.0
619,-4.337,-0.991,1.494,-0.000,-0.001,-0.002,35.0
620,-4.337,-0.991,1.494,-0.000,-0.001,-0.002,35.0
621,-4.337,-0.991,1.494,-0.000,-0.000,-0.001,35.0
622,-4.337,-0.991,1.494,-0.000,-0.000,-0.000,35.0
623,-4.337,-0.991,1.494,-0.000,0.000,0.000,35.0
624,-4.337,-0.991,1.494,-0.000,0.000,0.000,35.0
625,-4.337,-0.991,1.494,-0.000,0.000,0.001,35.0
626,-4.337,-0.991,1.494,-0.000,0.000,0.000,35.0
627,-4.337,-0.991,1.494,-0.000,0.000,0.000,35.0
628,-4.337,-0.991,1.494,-0.000,-0.000,-0.000,35.0
629,-4.337,-0.991,1.494,-0.000,-0.000,-0.000,35.0
630,-4.337,-0.991,1.494,-0.000,-0.000,-0.000,35.0
631,-4.337,-0.991,1.494,-0.000,-0.000,-0.000,35.0
632,-4.337,-0.991,1.494,-0.000,-0.000,-0.000,35.0
633,-4.337,-0.991,1.494,-0.000,-0.000,-0.000,35.0
634,-4.337,-0.991,1.494,-0.000,0.000,0.000,35.0
635,-4.337,-0.991,1.494,-0.000,0.000,0.000,35.0
636,-4.337,-0.991,1.494,-0.000,0.000,0.000,35.0
637,-4.337,-0.991,1.494,-0.000,0.000,0.000,35.0
638,-4.337,-0.991,1.494,-0.000,0.000,0.000,35.0
639,-4.337,-0.991,1.494,-0.000,-0.000,-0.000,35.0
640,-4.337,-0.991,1.494,-0.000,-0.000,-0.000,35.0
641,-4.337,-0.991,1.494,-0.000,-0.000,-0.000,35.0
642,-4.337,-0.991,1.494,-0.000,-0.000,-0.000,35.0
643,-4.337,-0.991,1.494,-0.000,-0.000,-0.000,35.0
644,-4.337,-0.991,1.494,-0.000,0.000,0.000,35.0
645,-4.337,-0.991,1.494,-0.000,0.000,0.000,35.0
646,-4.337,-0.991,1.494,-0.000,0.000,0.000,35.0
647,-4.337,-0.991,1.494,-0.000,0.000,0.000,35.0
648,-4.337,-0.991,1.494,-0.000,0.000,0.000,35.0
649,-4.337,-0.991,1.494,-0.000,0.000,0.000,35.0
650,-4.337,-0.991,1.494,-0.000,-0.000,-0.000,35.0
651,-4.337,-0.991,1.494,-0.000,-0.000,-0.000,35.0
652,-4.337,-0.991,1.494,-0.000,-0.000,-0.000,35.0
653,-4.337,-0.991,1.494,-0.000,-0.000,-0.000,35.0
654,-4.337,-0.991,1.494,-0.000,-0.000,-0.000,35.0
655,-4.337,-0.991,1.494,-0.000,0.000,0.000,35.0
656,-4.337,-0.991,1.494,-0.000,0.000,0.000,35.0
657,-4.337,-0.991,1.494,-0.000,0.000,0.000,35.0
658,-4.337,-0.991,1.494,-0.000,0.000,0.000,35.0
659,-4.337,-0.991,1.494,-0.000,0.000,0.000,35.0
660,-4.337,-0.991,1.494,-0.000,-0.000,-0.000,35.0
661,-4.337,-0.991,1.494,-0.000,-0.000,-0.000,35.0
662,-4.337,-0.991,1.494,-0.000,-0.000,-0.000,35.0
663,-4.337,-0.991,1.494,-0.000,-0.000,-0.000,35.0
664,-4.337,-0.991,1.494,-0.000,-0.000,-0.000,35.0
665,-4.337,-0.991,1.494,-0.000,-0.000,-0.000,35.0
666,-4.337,-0.991,1.494,-0.000,0.000,0.000,35.0
667,-4.337,-0.991,1.494,-0.000,0.000,0.000,35.0
668,-4.337,-0.991,1.494,-0.000,0.000,0.000,35.0
669,-4.337,-0.991,1.494,-0.000,0.000,0.000,35.0
670,-4.337,-0.991,1.494,-0.000,0.000,0.000,35.0
671,-4.337,-0.991,1.494,-0.000,-0.000,-0.000,35.0
672,-4.337,-0.991,1.494,-0.000,-0.000,-0.000,35.0
673,-4.337,-0.991,1.494,-0.000,-0.000,-0.000,35.0
674,-4.337,-0.991,1.494,-0.000,-0.000,-0.000,35.0
675,-4.337,-0.991,1.494,-0.000,-0.000,-0.000,35.0
676,-4.337,-0.991,1.494,-0.000,0.000,0.000,35.0
677,-4.337,-0.991,1.494,-0.000,0.000,0.000,35.0
678,-4.337,-0.991,1.494,-0.000,0.000,0.000,35.0
679,-4.337,-0.991,1.494,-0.000,0.000,0.000,35.0
680,-4.337,-0.991,1.494,-0.000,0.000,0.000,35.0
681,-4.337,-0.991,1.494,-0.000,0.000,0.000,35.0
682,-4.337,-0.991,1.494,-0.000,-0.000,-0.000,35.0
683,-4.337,-0.991,1.494,-0.000,-0.000,-0.000,35.0
684,-4.337,-0.991,1.494,-0.000,-0.000,-0.000,35.0
685,-4.337,-0.991,1.494,-0.000,-0.000,-0.000,35.0
686,-4.337,-0.991,1.494,-0.000,-0.000,-0.000,35.0
687,-4.337,-0.991,1.494,-0.000,0.000,0.000,35.0
688,-4.337,-0.991,1.494,-0.000,0.000,0.000,35.0
689,-4.337,-0.991,1.494,-0.000,0.000,0.000,35.0
690,-4.337,-0.991,1.494,-0.000,0.000,0.000,35.0
691,-4.337,-0.991,1.494,-0.000,0.000,0.000,35.0
692,-4.337,-0.991,1.494,-0.000,-0.000,-0.000,35.0
693,-4.337,-0.991,1.494,-0.000,-0.000,-0.000,35.0
694,-4.337,-0.991,1.494,-0.000,-0.000,-0.000,35.0
695,-4.337,-0.991,1.494,-0.000,-0.000,-0.000,35.0
696,-4.337,-0.991,1.494,-0.000,-0.000,-0.000,35.0
697,-4.337,-0.991,1.494,-0.000,-0.000,-0.000,35.0
698,-4.337,-0.991,1.494,-0.000,0.000,0.000,35.0
699,-4.337,-0.991,1.494,-0.000,0.000,0.000,35.0
700,-4.337,-0.991,1.494,-0.000,0.000,0.000,35.0
701,-4.337,-0.991,1.494,-0.000,0.000,0.000,35.0
702,-4.337,-0.991,1.494,-0.000,0.000,0.000,35.0
703,-4.337,-0.991,1.494,-0.000,-0.000,-0.000,35.0
704,-4.337,-0.991,1.494,-0.000,-0.000,-0.000,35.0
705,-4.337,-0.991,1.494,-0.000,-0.000,-0.000,35.0
706,-4.337,-0.991,1.494,-0.000,-0.000,-0.000,35.0
707,-4.337,-0.991,1.494,-0.000,-0.000,-0.000,35.0
708,-4.337,-0.991,1.494,-0.000,0.000,0.000,35.0
709,-4.337,-0.991,1.494,-0.000,0.000,0.000,35.0
710,-4.337,-0.991,1.494,-0.000,0.000,0.000,35.0
711,-4.337,-0.991,1.494,-0.000,0.000,0.000,35.0
712,-4.337,-0.991,1.494,-0.000,0.000,0.000,35.0
713,-4.337,-0.991,1.494,-0.000,0.000,0.000,35.0
714,-4.337,-0.991,1.494,-0.000,-0.000,-0.000,35.0
715,-4.337,-0.991,1.494,-0.000,-0.000,-0.000,35.0
716,-4.337,-0.991,1.494,-0.000,-0.000,-0.000,35.0
717,-4.337,-0.991,1.494,-0.000,-0.000,-0.000,35.0
718,-4.337,-0.991,1.494,-0.000,-0.000,-0.000,35.0
719,-4.337,-0.991,1.494,-0.000,0.000,0.000,35.0
720,-4.337,-0.991,1.494,-0.000,0.000,0.000,35.0
721,-4.337,-0.991,1.494,-0.000,0.000,0.000,35.0
722,-4.337,-0.991,1.494,-0.000,0.000,0.000,35.0
723,-4.337,-0.991,1.494,-0.000,0.000,0.000,35.0
724,-4.337,-0.991,1.494,-0.000,-0.000,-0.000,35.0
725,-4.337,-0.991,1.494,-0.000,-0.000,-0.000,35.0
726,-4.337,-0.991,1.494,-0.000,-0.000,-0.000,35.0
727,-4.337,-0.991,1.494,-0.000,-0.000,-0.000,35.0
728,-4.337,-0.991,1.494,-0.000,-0.000,-0.000,35.0
729,-4.337,-0.991,1.494,-0.000,-0.000,-0.000,35.0
730,-4.337,-0.991,1.494,-0.000,0.000,0.000,35.0
731,-4.337,-0.991,1.494,-0.000,0.000,0.000,35.0
732,-4.337,-0.991,1.494,-0.000,0.000,0.000,35.0
733,-4.337,-0.991,1.494,-0.000,0.000,0.000,35.0
734,-4.337,-0.991,1.494,-0.000,0.000,0.000,35.0
735,-4.337,-0.991,1.494,-0.000,-0.000,-0.000,35.0
736,-4.337,-0.991,1.494,-0.000,-0.000,-0.000,35.0
737,-4.337,-0.991,1.494,-0.000,-0.000,-0.000,35.0
738,-4.337,-0.991,1.494,-0.000,-0.000,-0.000,35.0
739,-4.337,-0.991,1.494,-0.000,-0.000,-0.000,35.0
740,-4.337,-0.991,1.494,-0.000,0.000,0.000,35.0
741,-4.337,-0.991,1.494,-0.000,0.000,0.000,35.0
742,-4.337,-0.991,1.494,-0.000,0.000,0.000,35.0
743,-4.337,-0.991,1.494,-0.000,0.000,0.000,35.0
744,-4.337,-0.991,1.494,-0.000,0.000,0.000,35.0
745,-4.337,-0.991,1.494,-0.000,0.000,0.000,35.0
746,-4.337,-0.991,1.494,-0.000,-0.000,-0.000,35.0
747,-4.337,-0.991,1.494,-0.000,-0.000,-0.000,35.0
748,-4.337,-0.991,1.494,-0.000,-0.000,-0.000,35.0
749,-4.337,-0.991,1.494,-0.000,-0.000,-0.000,35.0
750,-4.337,-0.991,1.494,-0.000,-0.000,-0.000,35.0
751,-4.337,-0.991,1.494,-0.000,0.000,0.000,35.0
752,-4.337,-0.991,1.494,-0.000,0.000,0.000,35.0
753,-4.337,-0.991,1.494,-0.000,0.000,0.000,35.0
754,-4.337,-0.991,1.494,-0.000,0.000,0.000,35.0
755,-4.337,-0.991,1.494,-0.000,0.000,0.000,35.0
756,-4.337,-0.991,1.494,-0.000,0.000,-0.000,35.0
757,-4.337,-0.991,1.494,-0.000,-0.000,-0.000,35.0
758,-4.337,-0.991,1.494,-0.000,-0.000,-0.000,35.0
759,-4.337,-0.991,1.494,-0.000,-0.000,-0.000,35.0
760,-4.337,-0.991,1.494,-0.000,-0.000,-0.000,35.0
761,-4.337,-0.991,1.494,-0.000,-0.000,-0.000,35.0
762,-4.337,-0.991,1.494,-0.000,-0.000,0.000,35.0
763,-4.337,-0.991,1.494,-0.000,0.000,0.000,35.0
764,-4.337,-0.991,1.494,-0.000,0.000,0.000,35.0
765,-4.337,-0.991,1.494,-0.000,0.000,0.000,35.0
766,-4.337,-0.991,1.494,-0.000,0.000,0.000,35.0
767,-4.337,-0.991,1.494,-0.000,0.000,-0.000,35.0
768,-4.337,-0.991,1.494,-0.000,0.000,-0.000,35.0
769,-4.337,-0.991,1.494,-0.000,0.000,-0.000,35.0
770,-4.337,-0.991,1.494,-0.000,0.000,-0.000,35.0
771,-4.337,-0.991,1.494,-0.000,0.000,-0.000,35.0
772,-4.337,-0.991,1.494,-0.000,0.000,-0.000,35.0
773,-4.337,-0.991,1.494,-0.000,0.000,-0.000,35.0
774,-4.337,-0.991,1.494,-0.000,-0.000,-0.000,35.0
775,-4.337,-0.991,1.494,-0.000,-0.000,-0.000,35.0
776,-4.337,-0.991,1.494,-0.000,-0.000,-0.000,35.0
777,-4.337,-0.991,1.494,-0.000,-0.000,-0.000,35.0
778,-4.337,-0.991,1.494,-0.000,-0.000,0.000,35.0
779,-4.337,-0.991,1.494,-0.000,-0.000,0.000,35.0
780,-4.337,-0.991,1.494,-0.000,-0.000,0.000,35.0
781,-4.337,-0.991,1.494,-0.000,-0.000,0.000,35.0
782,-4.337,-0.991,1.494,-0.000,-0.000,0.000,35.0
783,-4.337,-0.991,1.494,-0.000,-0.000,0.000,35.0
784,-4.337,-0.991,1.494,-0.000,-0.000,0.000,35.0
785,-4.337,-0.991,1.494,-0.000,-0.000,0.000,35.0
786,-4.337,-0.991,1.494,-0.000,-0.000,0.000,35.0
787,-4.337,-0.991,1.494,-0.000,-0.000,0.000,35.0
788,-4.337,-0.991,1.494,-0.000,-0.000,0.000,35.0
789,-4.337,-0.991,1.494,-0.000,-0.000,0.000,35.0
790,-4.337,-0.991,1.494,-0.000,-0.000,0.000,35.0
791,-4.337,-0.991,1.494,-0.000,0.000,0.000,35.0
792,-4.337,-0.991,1.494,-0.000,0.000,-0.000,35.0
793,-4.337,-0.991,1.494,-0.000,0.000,-0.000,35.0
794,-4.337,-0.991,1.494,-0.000,0.000,-0.000,35.0
795,-4.337,-0.991,1.494,-0.000,0.000,-0.000,35.0
796,-4.337,-0.991,1.494,-0.000,0.000,-0.000,35.0
797,-4.337,-0.991,1.494,-0.000,0.000,-0.000,35.0
798,-4.337,-0.991,1.494,-0.000,0.000,-0.000,35.0
799,-4.337,-0.991,1.494,-0.000,0.000,-0.000,35.0
800,-4.337,-0.991,1.494,-0.000,0.000,-0.000,35.0
801,-4.337,-0.991,1.494,-0.000,0.000,-0.000,35.0
802,-4.337,-0.991,1.494,-0.000,0.000,-0.000,35.0
803,-4.337,-0.991,1.494,-0.000,0.000,-0.000,35.0
804,-4.337,-0.991,1.494,-0.000,0.000,-0.000,35.0
805,-4.337,-0.991,1.494,-0.000,0.000,-0.000,35.0
806,-4.337,-0.991,1.494,-0.000,0.000,0.000,35.0
807,-4.337,-0.991,1.494,-0.000,0.000,0.000,35.0
808,-4.337,-0.991,1.494,-0.000,-0.000,0.000,35.0
809,-4.337,-0.991,1.494,-0.000,-0.000,0.000,35.0
810,-4.337,-0.991,1.494,-0.000,-0.000,0.000,35.0
811,-4.337,-0.991,1.494,-0.000,-0.000,0.000,35.0
812,-4.337,-0.991,1.494,-0.000,-0.000,0.000,35.0
813,-4.337,-0.991,1.494,-0.000,-0.000,0.000,35.0
814,-4.337,-0.991,1.494,-0.000,-0.000,0.000,35.0
815,-4.337,-0.991,1.494,-0.000,-0.000,0.000,35.0
816,-4.337,-0.991,1.494,-0.000,-0.000,0.000,35.0
817,-4.337,-0.991,1.494,-0.000,-0.000,0.000,35.0
818,-4.337,-0.991,1.494,-0.000,-0.000,0.000,35.0
819,-4.337,-0.991,1.494,-0.000,-0.000,-0.000,35.0
820,-4.337,-0.991,1.494,-0.000,-0.000,-0.000,35.0
821,-4.337,-0.991,1.494,-0.000,-0.000,-0.000,35.0
822,-4.337,-0.991,1.494,-0.000,-0.000,-0.000,35.0
823,-4.337,-0.991,1.494,-0.000,-0.000,-0.000,35.0
824,-4.337,-0.991,1.494,-0.000,-0.000,-0.000,35.0
825,-4.337,-0.991,1.494,-0.000,0.000,-0.000,35.0
826,-4.337,-0.991,1.494,-0.000,0.000,-0.000,35.0
827,-4.337,-0.991,1.494,-0.000,0.000,-0.000,35.0
828,-4.337,-0.991,1.494,-0.000,0.000,-0.000,35.0
829,-4.337,-0.991,1.494,-0.000,0.000,-0.000,35.0
830,-4.337,-0.991,1.494,-0.000,0.000,-0.000,35.0
831,-4.337,-0.991,1.494,-0.000,0.000,-0.000,35.0
832,-4.337,-0.991,1.494,-0.000,0.000,-0.000,35.0
833,-4.337,-0.991,1.494,-0.000,0.000,0.000,35.0
834,-4.337,-0.991,1.494,-0.000,0.000,0.000,35.0
835,-4.337,-0.991,1.494,-0.000,0.000,0.000,35.0
836,-4.337,-0.991,1.494,-0.000,0.000,0.000,35.0
837,-4.337,-0.991,1.494,-0.000,0.000,0.000,35.0
838,-4.337,-0.991,1.494,-0.000,0.000,0.000,35.0
839,-4.337,-0.991,1.494,-0.000,0.000,0.000,35.0
840,-4.337,-0.991,1.494,-0.000,0.000,0.000,35.0
841,-4.337,-0.991,1.494,-0.000,0.000,0.000,35.0
842,-4.337,-0.991,1.494,-0.000,-0.000,0.000,35.0
843,-4.337,-0.991,1.494,-0.000,-0.000,0.000,35.0
844,-4.337,-0.991,1.494,-0.000,-0.000,0.000,35.0
845,-4.337,-0.991,1.494,-0.000,-0.000,0.000,35.0
846,-4.337,-0.991,1.494,-0.000,-0.000,0.000,35.0
847,-4.337,-0.991,1.494,-0.000,-0.000,-0.000,35.0
848,-4.337,-0.991,1.494,-0.000,-0.000,-0.000,35.0
849,-4.337,-0.991,1.494,-0.000,-0.000,-0.000,35.0
850,-4.337,-0.991,1.494,-0.000,-0.000,-0.000,35.0
851,-4.337,-0.991,1.494,-0.000,-0.000,-0.000,35.0
852,-4.337,-0.991,1.494,-0.000,-0.000,-0.000,35.0
853,-4.337,-0.991,1.494,-0.000,-0.000,-0.000,35.0
854,-4.337,-0.991,1.494,-0.000,-0.000,-0.000,35.0
855,-4.337,-0.991,1.494,-0.000,-0.000,-0.000,35.0
856,-4.337,-0.991,1.494,-0.000,-0.000,-0.000,35.0
857,-4.337,-0.991,1.494,-0.000,-0.000,-0.000,35.0
858,-4.337,-0.991,1.494,-0.000,-0.000,-0.000,35.0
859,-4.337,-0.991,1.494,-0.000,0.000,-0.000,35.0
860,-4.337,-0.991,1.494,-0.000,0.000,-0.000,35.0
861,-4.337,-0.991,1.494,-0.000,0.000,0.000,35.0
862,-4.337,-0.991,1.494,-0.000,0.000,0.000,35.0
863,-4.337,-0.991,1.494,-0.000,0.000,0.000,35.0
864,-4.337,-0.991,1.494,-0.000,0.000,0.000,35.0
865,-4.337,-0.991,1.494,-0.000,0.000,0.000,35.0
866,-4.337,-0.991,1.494,-0.000,0.000,0.000,35.0
867,-4.337,-0.991,1.494,-0.000,0.000,0.000,35.0
868,-4.337,-0.991,1.494,-0.000,0.000,0.000,35.0
869,-4.337,-0.991,1.494,-0.000,0.000,0.000,35.0
870,-4.337,-0.991,1.494,-0.000,0.000,0.000,35.0
871,-4.337,-0.991,1.494,-0.000,0.000,0.000,35.0
872,-4.337,-0.991,1.494,-0.000,0.000,0.000,35.0
873,-4.337,-0.991,1.494,-0.000,0.000,0.000,35.0
874,-4.337,-0.991,1.494,-0.000,0.000,-0.000,35.0
875,-4.337,-0.991,1.494,-0.000,0.000,-0.000,35.0
876,-4.337,-0.991,1.494,-0.000,-0.000,-0.000,35.0
877,-4.337,-0.991,1.494,-0.000,-0.000,-0.000,35.0
878,-4.337,-0.991,1.494,-0.000,-0.000,-0.000,35.0
879,-4.337,-0.991,1.494,-0.000,-0.000,-0.000,35.0
880,-4.337,-0.991,1.494,-0.000,-0.000,-0.000,35.0
881,-4.337,-0.991,1.494,-0.000,-0.000,-0.000,35.0
882,-4.337,-0.991,1.494,-0.000,-0.000,-0.000,35.0
883,-4.337,-0.991,1.494,-0.000,-0.000,-0.000,35.0
884,-4.337,-0.991,1.494,-0.000,-0.000,-0.000,35.0
885,-4.337,-0.991,1.494,-0.000,-0.000,-0.000,35.0
886,-4.337,-0.991,1.494,-0.000,-0.000,-0.000,35.0
887,-4.337,-0.991,1.494,-0.000,-0.000,-0.000,35.0
888,-4.337,-0.991,1.494,-0.000,-0.000,0.000,35.0
889,-4.337,-0.991,1.494,-0.000,-0.000,0.000,35.0
890,-4.337,-0.991,1.494,-0.000,-0.000,0.000,35.0
891,-4.337,-0.991,1.494,-0.000,-0.000,0.000,35.0
892,-4.337,-0.991,1.494,-0.000,-0.000,0.000,35.0
893,-4.337,-0.991,1.494,-0.000,0.000,0.000,35.0
894,-4.337,-0.991,1.494,-0.000,0.000,0.000,35.0
895,-4.337,-0.991,1.494,-0.000,0.000,0.000,35.0
896,-4.337,-0.991,1.494,-0.000,0.000,0.000,35.0
897,-4.337,-0.991,1.494,-0.000,0.000,0.000,35.0
898,-4.337,-0.991,1.494,-0.000,0.000,0.000,35.0
899,-4.337,-0.991,1.494,-0.000,0.000,0.000,35.0
900,-4.337,-0.991,1.494,-0.000,0.000,0.000,35.0
901,-4.337,-0.991,1.494,-0.000,0.000,0.000,35.0
902,-4.337,-0.991,1.494,-0.000,0.000,-0.000,35.0
903,-4.337,-0.991,1.494,-0.000,0.000,-0.000,35.0
904,-4.337,-0.991,1.494,-0.000,0.000,-0.000,35.0
905,-4.337,-0.991,1.494,-0.000,0.000,-0.000,35.0
906,-4.337,-0.991,1.494,-0.000,0.000,-0.000,35.0
907,-4.337,-0.991,1.494,-0.000,0.000,-0.000,35.0
908,-4.337,-0.991,1.494,-0.000,0.000,-0.000,35.0
909,-4.337,-0.991,1.494,-0.000,0.000,-0.000,35.0
910,-4.337,-0.991,1.494,-0.000,-0.000,-0.000,35.0
911,-4.337,-0.991,1.494,-0.000,-0.000,-0.000,35.0
912,-4.337,-0.991,1.494,-0.000,-0.000,-0.000,35.0
913,-4.337,-0.991,1.494,-0.000,-0.000,-0.000,35.0
914,-4.337,-0.991,1.494,-0.000,-0.000,-0.000,35.0
915,-4.337,-0.991,1.494,-0.000,-0.000,-0.000,35.0
916,-4.337,-0.991,1.494,-0.000,-0.000,0.000,35.0
917,-4.337,-0.991,1.494,-0.000,-0.000,0.000,35.0
918,-4.337,-0.991,1.494,-0.000,-0.000,0.000,35.0
919,-4.337,-0.991,1.494,-0.000,-0.000,0.000,35.0
920,-4.337,-0.991,1.494,-0.000,-0.000,0.000,35.0
921,-4.337,-0.991,1.494,-0.000,-0.000,0.000,35.0
922,-4.337,-0.991,1.494,-0.000,-0.000,0.000,35.0
923,-4.337,-0.991,1.494,-0.000,-0.000,0.000,35.0
924,-4.337,-0.991,1.494,-0.000,-0.000,0.000,35.0
925,-4.337,-0.991,1.494,-0.000,-0.000,0.000,35.0
926,-4.337,-0.991,1.494,-0.000,-0.000,0.000,35.0
927,-4.337,-0.991,1.494,-0.000,0.000,0.000,35.0
928,-4.337,-0.991,1.494,-0.000,0.000,0.000,35.0
929,-4.337,-0.991,1.494,-0.000,0.000,0.000,35.0
930,-4.337,-0.991,1.494,-0.000,0.000,-0.000,35.0
931,-4.337,-0.991,1.494,-0.000,0.000,-0.000,35.0
932,-4.337,-0.991,1.494,-0.000,0.000,-0.000,35.0
933,-4.337,-0.991,1.494,-0.000,0.000,-0.000,35.0
934,-4.337,-0.991,1.494,-0.000,0.000,-0.000,35.0
935,-4.337,-0.991,1.494,-0.000,0.000,-0.000,35.0
936,-4.337,-0.991,1.494,-0.000,0.000,-0.000,35.0
937,-4.337,-0.991,1.494,-0.000,0.000,-0.000,35.0
938,-4.337,-0.991,1.494,-0.000,0.000,-0.000,35.0
939,-4.337,-0.991,1.494,-0.000,0.000,-0.000,35.0
940,-4.337,-0.991,1.494,-0.000,0.000,-0.000,35.0
941,-4.337,-0.991,1.494,-0.000,0.000,-0.000,35.0
942,-4.337,-0.991,1.494,-0.000,0.000,-0.000,35.0
943,-4.337,-0.991,1.494,-0.000,0.000,0.000,35.0
944,-4.337,-0.991,1.494,-0.000,-0.000,0.000,35.0
945,-4.337,-0.991,1.494,-0.000,-0.000,0.000,35.0
946,-4.337,-0.991,1.494,-0.000,-0.000,0.000,35.0
947,-4.337,-0.991,1.494,-0.000,-0.000,0.000,35.0
948,-4.337,-0.991,1.494,-0.000,-0.000,0.000,35.0
949,-4.337,-0.991,1.494,-0.000,-0.000,0.000,35.0
950,-4.337,-0.991,1.494,-0.000,-0.000,0.000,35.0
951,-4.337,-0.991,1.494,-0.000,-0.000,0.000,35.0
952,-4.337,-0.991,1.494,-0.000,-0.000,0.000,35.0
953,-4.337,-0.991,1.494,-0.000,-0.000,0.000,35.0
954,-4.337,-0.991,1.494,-0.000,-0.000,0.000,35.0
955,-4.337,-0.991,1.494,-0.000,-0.000,0.000,35.0
956,-4.337,-0.991,1.494,-0.000,-0.000,0.000,35.0
957,-4.337,-0.991,1.494,-0.000,-0.000,-0.000,35.0
958,-4.337,-0.991,1.494,-0.000,-0.000,-0.000,35.0
959,-4.337,-0.991,1.494,-0.000,-0.000,-0.000,35.0
960,-4.337,-0.991,1.494,-0.000,-0.000,-0.000,35.0
961,-4.337,-0.991,1.494,-0.000,0.000,-0.000,35.0
962,-4.337,-0.991,1.494,-0.000,0.000,-0.000,35.0
963,-4.337,-0.991,1.494,-0.000,0.000,-0.000,35.0
964,-4.337,-0.991,1.494,-0.000,0.000,-0.000,35.0
965,-4.337,-0.991,1.494,-0.000,0.000,-0.000,35.0
966,-4.337,-0.991,1.494,-0.000,0.000,-0.000,35.0
967,-4.337,-0.991,1.494,-0.000,0.000,-0.000,35.0
968,-4.337,-0.991,1.494,-0.000,0.000,-0.000,35.0
969,-4.337,-0.991,1.494,-0.000,0.000,-0.000,35.0
970,-4.337,-0.991,1.494,-0.000,0.000,-0.000,35.0
971,-4.337,-0.991,1.494,-0.000,0.000,0.000,35.0
972,-4.337,-0.991,1.494,-0.000,0.000,0.000,35.0
973,-4.337,-0.991,1.494,-0.000,0.000,0.000,35.0
974,-4.337,-0.991,1.494,-0.000,0.000,0.000,35.0
975,-4.337,-0.991,1.494,-0.000,0.000,0.000,35.0
976,-4.337,-0.991,1.494,-0.000,0.000,0.000,35.0
977,-4.337,-0.991,1.494,-0.000,0.000,0.000,35.0
978,-4.337,-0.991,1.494,-0.000,-0.000,0.000,35.0
979,-4.337,-0.991,1.494,-0.000,-0.000,0.000,35.0
980,-4.337,-0.991,1.494,-0.000,-0.000,0.000,35.0
981,-4.337,-0.991,1.494,-0.000,-0.000,0.000,35.0
982,-4.337,-0.991,1.494,-0.000,-0.000,0.000,35.0
983,-4.337,-0.991,1.494,-0.000,-0.000,0.000,35.0
984,-4.337,-0.991,1.494,-0.000,-0.000,-0.000,35.0
985,-4.337,-0.991,1.494,-0.000,-0.000,-0.000,35.0
986,-4.337,-0.991,1.494,-0.000,-0.000,-0.000,35.0
987,-4.337,-0.991,1.494,-0.000,-0.000,-0.000,35.0
988,-4.337,-0.991,1.494,-0.000,-0.000,-0.000,35.0
989,-4.337,-0.991,1.494,-0.000,-0.000,-0.000,35.0
990,-4.337,-0.991,1.494,-0.000,-0.000,-0.000,35.0
991,-4.337,-0.991,1.494,-0.000,-0.000,-0.000,35.0
992,-4.337,-0.991,1.494,-0.000,-0.000,-0.000,35.0
993,-4.337,-0.991,1.494,-0.000,-0.000,-0.000,35.0
994,-4.337,-0.991,1.494,-0.000,-0.000,-0.000,35.0
995,-4.337,-0.991,1.494,-0.000,0.000,-0.000,35.0
996,-4.337,-0.991,1.494,-0.000,0.000,-0.000,35.0
997,-4.337,-0.991,1.494,-0.000,0.000,-0.000,35.0
998,-4.337,-0.991,1.494,-0.000,0.000,0.000,35.0
999,-4.337,-0.991,1.494,-0.000,0.000,0.000,35.0
1000,-4.337,-0.991,1.494,-0.000,0.000,0.000,35.0
1001,-4.337,-0.991,1.494,-0.000,0.000,0.000,35.0
1002,-4.337,-0.991,1.494,-0.000,0.000,0.000,35.0
1003,-4.337,-0.991,1.494,-0.000,0.000,0.000,35.0
1004,-4.337,-0.991,1.494,-0.000,0.000,0.000,35.0
1005,-4.337,-0.991,1.494,-0.000,0.000,0.000,35.0
1006,-4.337,-0.991,1.494,-0.000,0.000,0.000,35.0
1007,-4.337,-0.991,1.494,-0.000,0.000,0.000,35.0
1008,-4.337,-0.991,1.494,-0.000,0.000,0.000,35.0
1009,-4.337,-0.991,1.494,-0.000,0.000,0.000,35.0
1010,-4.337,-0.991,1.494,-0.000,0.000,0.000,35.0
1011,-4.337,-0.991,1.494,-0.000,0.000,0.000,35.0
1012,-4.337,-0.991,1.494,-0.000,-0.000,-0.000,35.0
1013,-4.337,-0.991,1.494,-0.000,-0.000,-0.000,35.0
1014,-4.337,-0.991,1.494,-0.000,-0.000,-0.000,35.0
1015,-4.337,-0.991,1.494,-0.000,-0.000,-0.000,35.0
1016,-4.337,-0.991,1.494,-0.000,-0.000,-0.000,35.0
1017,-4.337,-0.991,1.494,-0.000,-0.000,-0.000,35.0
1018,-4.337,-0.991,1.494,-0.000,-0.000,-0.000,35.0
1019,-4.337,-0.991,1.494,-0.000,-0.000,-0.000,35.0
1020,-4.337,-0.991,1.494,-0.000,-0.000,-0.000,35.0
1021,-4.337,-0.991,1.494,-0.000,-0.000,-0.000,35.0
1022,-4.337,-0.991,1.494,-0.000,-0.000,-0.000,35.0
1023,-4.337,-0.991,1.494,-0.000,-0.000,-0.000,35.0
1024,-4.337,-0.991,1.494,-0.000,-0.000,-0.000,35.0
1025,-4.337,-0.991,1.494,-0.000,-0.000,-0.000,35.0
1026,-4.337,-0.991,1.494,-0.000,-0.000,0.000,35.0
1027,-4.337,-0.991,1.494,-0.000,-0.000,0.000,35.0
1028,-4.337,-0.991,1.494,-0.000,-0.000,0.000,35.0
1029,-4.337,-0.991,1.494,-0.000,0.000,0.000,35.0
1030,-4.337,-0.991,1.494,-0.000,0.000,0.000,35.0
1031,-4.337,-0.991,1.494,-0.000,0.000,0.000,35.0
1032,-4.337,-0.991,1.494,-0.000,0.000,0.000,35.0
1033,-4.337,-0.991,1.494,-0.000,0.000,0.000,35.0
1034,-4.337,-0.991,1.494,-0.000,0.000,0.000,35.0
1035,-4.337,-0.991,1.494,-0.000,0.000,0.000,35.0
1036,-4.337,-0.991,1.494,-0.000,0.000,0.000,35.0
1037,-4.337,-0.991,1.494,-0.000,0.000,0.000,35.0
1038,-4.337,-0.991,1.494,-0.000,0.000,0.000,35.0
1039,-4.337,-0.991,1.494,-0.000,0.000,0.000,35.0
1040,-4.337,-0.991,1.494,-0.000,0.000,-0.000,35.0
1041,-4.337,-0.991,1.494,-0.000,0.000,-0.000,35.0
1042,-4.337,-0.991,1.494,-0.000,0.000,-0.000,35.0
1043,-4.337,-0.991,1.494,-0.000,0.000,-0.000,35.0
1044,-4.337,-0.991,1.494,-0.000,0.000,-0.000,35.0
1045,-4.337,-0.991,1.494,-0.000,0.000,-0.000,35.0
1046,-4.337,-0.991,1.494,-0.000,-0.000,-0.000,35.0
1047,-4.337,-0.991,1.494,-0.000,-0.000,-0.000,35.0
1048,-4.337,-0.991,1.494,-0.000,-0.000,-0.000,35.0
1049,-4.337,-0.991,1.494,-0.000,-0.000,-0.000,35.0
1050,-4.337,-0.991,1.494,-0.000,-0.000,-0.000,35.0
1051,-4.337,-0.991,1.494,-0.000,-0.000,-0.000,35.0
1052,-4.337,-0.991,1.494,-0.000,-0.000,-0.000,35.0
1053,-4.337,-0.991,1.494,-0.000,-0.000,0.000,35.0
1054,-4.337,-0.991,1.494,-0.000,-0.000,0.000,35.0
1055,-4.337,-0.991,1.494,-0.000,-0.000,0.000,35.0
1056,-4.337,-0.991,1.494,-0.000,-0.000,0.000,35.0
1057,-4.337,-0.991,1.494,-0.000,-0.000,0.000,35.0
1058,-4.337,-0.991,1.494,-0.000,-0.000,0.000,35.0
1059,-4.337,-0.991,1.494,-0.000,-0.000,0.000,35.0
1060,-4.337,-0.991,1.494,-0.000,-0.000,0.000,35.0
1061,-4.337,-0.991,1.494,-0.000,-0.000,0.000,35.0
1062,-4.337,-0.991,1.494,-0.000,-0.000,0.000,35.0
1063,-4.337,-0.991,1.494,-0.000,0.000,0.000,35.0
1064,-4.337,-0.991,1.494,-0.000,0.000,0.000,35.0
1065,-4.337,-0.991,1.494,-0.000,0.000,0.000,35.0
1066,-4.337,-0.991,1.494,-0.000,0.000,0.000,35.0
1067,-4.337,-0.991,1.494,-0.000,0.000,-0.000,35.0
1068,-4.337,-0.991,1.494,-0.000,0.000,-0.000,35.0
1069,-4.337,-0.991,1.494,-0.000,0.000,-0.000,35.0
1070,-4.337,-0.991,1.494,-0.000,0.000,-0.000,35.0
1071,-4.337,-0.991,1.494,-0.000,0.000,-0.000,35.0
1072,-4.337,-0.991,1.494,-0.000,0.000,-0.000,35.0
1073,-4.337,-0.991,1.494,-0.000,0.000,-0.000,35.0
1074,-4.337,-0.991,1.494,-0.000,0.000,-0.000,35.0
1075,-4.337,-0.991,1.494,-0.000,0.000,-0.000,35.0
1076,-4.337,-0.991,1.494,-0.000,0.000,-0.000,35.0
1077,-4.337,-0.991,1.494,-0.000,0.000,-0.000,35.0
1078,-4.337,-0.991,1.494,-0.000,0.000,-0.000,35.0
1079,-4.337,-0.991,1.494,-0.000,0.000,-0.000,35.0
1080,-4.337,-0.991,1.494,-0.000,-0.000,-0.000,35.0
1081,-4.337,-0.991,1.494,-0.000,-0.000,0.000,35.0
1082,-4.337,-0.991,1.494,-0.000,-0.000,0.000,35.0
1083,-4.337,-0.991,1.494,-0.000,-0.000,0.000,35.0
1084,-4.337,-0.991,1.494,-0.000,-0.000,0.000,35.0
1085,-4.337,-0.991,1.494,-0.000,-0.000,0.000,35.0
1086,-4.337,-0.991,1.494,-0.000,-0.000,0.000,35.0
1087,-4.337,-0.991,1.494,-0.000,-0.000,0.000,35.0
1088,-4.337,-0.991,1.494,-0.000,-0.000,0.000,35.0
1089,-4.337,-0.991,1.494,-0.000,-0.000,0.000,35.0
1090,-4.337,-0.991,1.494,-0.000,-0.000,0.000,35.0
1091,-4.337,-0.991,1.494,-0.000,-0.000,0.000,35.0
1092,-4.337,-0.991,1.494,-0.000,-0.000,0.000,35.0
1093,-4.337,-0.991,1.494,-0.000,-0.000,0.000,35.0
1094,-4.337,-0.991,1.494,-0.000,-0.000,0.000,35.0
1095,-4.337,-0.991,1.494,-0.000,-0.000,-0.000,35.0
1096,-4.337,-0.991,1.494,-0.000,-0.000,-0.000,35.0
1097,-4.337,-0.991,1.494,-0.000,0.000,-0.000,35.0
1098,-4.337,-0.991,1.494,-0.000,0.000,-0.000,35.0
1099,-4.337,-0.991,1.494,-0.000,0.000,-0.000,35.0
1100,-4.337,-0.991,1.494,-0.000,0.000,-0.000,35.0
1101,-4.337,-0.991,1.494,-0.000,0.000,-0.000,35.0
1102,-4.337,-0.991,1.494,-0.000,0.000,-0.000,35.0
1103,-4.337,-0.991,1.494,-0.000,0.000,-0.000,35.0
1104,-4.337,-0.991,1.494,-0.000,0.000,-0.000,35.0
1105,-4.337,-0.991,1.494,-0.000,0.000,-0.000,35.0
1106,-4.337,-0.991,1.494,-0.000,0.000,-0.000,35.0
1107,-4.337,-0.991,1.494,-0.000,0.000,-0.000,35.0
1108,-4.337,-0.991,1.494,-0.000,0.000,0.000,35.0
1109,-4.337,-0.991,1.494,-0.000,0.000,0.000,35.0
1110,-4.337,-0.991,1.494,-0.000,0.000,0.000,35.0
1111,-4.337,-0.991,1.494,-0.000,0.000,0.000,35.0
1112,-4.337,-0.991,1.494,-0.000,0.000,0.000,35.0
1113,-4.337,-0.991,1.494,-0.000,0.000,0.000,35.0
1114,-4.337,-0.991,1.494,-0.000,-0.000,0.000,35.0
1115,-4.337,-0.991,1.494,-0.000,-0.000,0.000,35.0
1116,-4.337,-0.991,1.494,-0.000,-0.000,0.000,35.0
1117,-4.337,-0.991,1.494,-0.000,-0.000,0.000,35.0
1118,-4.337,-0.991,1.494,-0.000,-0.000,0.000,35.0
1119,-4.337,-0.991,1.494,-0.000,-0.000,0.000,35.0
1120,-4.337,-0.991,1.494,-0.000,-0.000,0.000,35.0
1121,-4.337,-0.991,1.494,-0.000,-0.000,0.000,35.0
1122,-4.337,-0.991,1.494,-0.000,-0.000,-0.000,35.0
1123,-4.337,-0.991,1.494,-0.000,-0.000,-0.000,35.0
1124,-4.337,-0.991,1.494,-0.000,-0.000,-0.000,35.0
1125,-4.337,-0.991,1.494,-0.000,-0.000,-0.000,35.0
1126,-4.337,-0.991,1.494,-0.000,-0.000,-0.000,35.0
1127,-4.337,-0.991,1.494,-0.000,-0.000,-0.000,35.0
1128,-4.337,-0.991,1.494,-0.000,-0.000,-0.000,35.0
1129,-4.337,-0.991,1.494,-0.000,-0.000,-0.000,35.0
1130,-4.337,-0.991,1.494,-0.000,-0.000,-0.000,35.0
1131,-4.337,-0.991,1.494,-0.000,0.000,-0.000,35.0
1132,-4.337,-0.991,1.494,-0.000,0.000,-0.000,35.0
1133,-4.337,-0.991,1.494,-0.000,0.000,-0.000,35.0
1134,-4.337,-0.991,1.494,-0.000,0.000,-0.000,35.0
1135,-4.337,-0.991,1.494,-0.000,0.000,-0.000,35.0
1136,-4.337,-0.991,1.494,-0.000,0.000,0.000,35.0
1137,-4.337,-0.991,1.494,-0.000,0.000,0.000,35.0
1138,-4.337,-0.991,1.494,-0.000,0.000,0.000,35.0
1139,-4.337,-0.991,1.494,-0.000,0.000,0.000,35.0
1140,-4.337,-0.991,1.494,-0.000,0.000,0.000,35.0
1141,-4.337,-0.991,1.494,-0.000,0.000,0.000,35.0
1142,-4.337,-0.991,1.494,-0.000,0.000,0.000,35.0
1143,-4.337,-0.991,1.494,-0.000,0.000,0.000,35.0
1144,-4.337,-0.991,1.494,-0.000,0.000,0.000,35.0
1145,-4.337,-0.991,1.494,-0.000,0.000,0.000,35.0
1146,-4.337,-0.991,1.494,-0.000,0.000,0.000,35.0
1147,-4.337,-0.991,1.494,-0.000,0.000,0.000,35.0
1148,-4.337,-0.991,1.494,-0.000,-0.000,0.000,35.0
1149,-4.337,-0.991,1.494,-0.000,-0.000,0.000,35.0
1150,-4.337,-0.991,1.494,-0.000,-0.000,-0.000,35.0
1151,-4.337,-0.991,1.494,-0.000,-0.000,-0.000,35.0
1152,-4.337,-0.991,1.494,-0.000,-0.000,-0.000,35.0
1153,-4.337,-0.991,1.494,-0.000,-0.000,-0.000,35.0
1154,-4.337,-0.991,1.494,-0.000,-0.000,-0.000,35.0
1155,-4.337,-0.991,1.494,-0.000,-0.000,-0.000,35.0
1156,-4.337,-0.991,1.494,-0.000,-0.000,-0.000,35.0
1157,-4.337,-0.991,1.494,-0.000,-0.000,-0.000,35.0
1158,-4.337,-0.991,1.494,-0.000,-0.000,-0.000,35.0
1159,-4.337,-0.991,1.494,-0.000,-0.000,-0.000,35.0
1160,-4.337,-0.991,1.494,-0.000,-0.000,-0.000,35.0
1161,-4.337,-0.991,1.494,-0.000,-0.000,-0.000,35.0
1162,-4.337,-0.991,1.494,-0.000,-0.000,-0.000,35.0
1163,-4.337,-0.991,1.494,-0.000,-0.000,-0.000,35.0
1164,-4.337,-0.991,1.494,-0.000,-0.000,0.000,35.0
1165,-4.337,-0.991,1.494,-0.000,0.000,0.000,35.0
1166,-4.337,-0.991,1.494,-0.000,0.000,0.000,35.0
1167,-4.337,-0.991,1.494,-0.000,0.000,0.000,35.0
1168,-4.337,-0.991,1.494,-0.000,0.000,0.000,35.0
1169,-4.337,-0.991,1.494,-0.000,0.000,0.000,35.0
1170,-4.337,-0.991,1.494,-0.000,0.000,0.000,35.0
1171,-4.337,-0.991,1.494,-0.000,0.000,0.000,35.0
1172,-4.337,-0.991,1.494,-0.000,0.000,0.000,35.0
1173,-4.337,-0.991,1.494,-0.000,0.000,0.000,35.0
1174,-4.337,-0.991,1.494,-0.000,0.000,0.000,35.0
1175,-4.337,-0.991,1.494,-0.000,0.000,0.000,35.0
1176,-4.337,-0.991,1.494,-0.000,0.000,0.000,35.0
1177,-4.337,-0.991,1.494,-0.000,0.000,-0.000,35.0
1178,-4.337,-0.991,1.494,-0.000,0.000,-0.000,35.0
1179,-4.337,-0.991,1.494,-0.000,0.000,-0.000,35.0
1180,-4.337,-0.991,1.494,-0.000,0.000,-0.000,35.0
1181,-4.337,-0.991,1.494,-0.000,0.000,-0.000,35.0
1182,-4.337,-0.991,1.494,-0.000,-0.000,-0.000,35.0
1183,-4.337,-0.991,1.494,-0.000,-0.000,-0.000,35.0
1184,-4.337,-0.991,1.494,-0.000,-0.000,-0.000,35.0
1185,-4.337,-0.991,1.494,-0.000,-0.000,-0.000,35.0
1186,-4.337,-0.991,1.494,-0.000,-0.000,-0.000,35.0
1187,-4.337,-0.991,1.494,-0.000,-0.000,-0.000,35.0
1188,-4.337,-0.991,1.494,-0.000,-0.000,-0.000,35.0
1189,-4.337,-0.991,1.494,-0.000,-0.000,-0.000,35.0
1190,-4.337,-0.991,1.494,-0.000,-0.000,-0.000,35.0
1191,-4.337,-0.991,1.494,-0.000,-0.000,0.000,35.0
1192,-4.337,-0.991,1.494,-0.000,-0.000,0.000,35.0
1193,-4.337,-0.991,1.494,-0.000,-0.000,0.000,35.0
1194,-4.337,-0.991,1.494,-0.000,-0.000,0.000,35.0
1195,-4.337,-0.991,1.494,-0.000,-0.000,0.000,35.0
1196,-4.337,-0.991,1.494,-0.000,-0.000,0.000,35.0
1197,-4.337,-0.991,1.494,-0.000,-0.000,0.000,35.0
1198,-4.337,-0.991,1.494,-0.000,-0.000,0.000,35.0
1199,-4.337,-0.991,1.494,-0.000,0.000,0.000,35.0
1200,-4.337,-0.991,1.494,-0.000,0.000,0.000,35.0
1201,-4.337,-0.991,1.494,-0.000,0.000,0.000,35.0
1202,-4.337,-0.991,1.494,-0.000,0.000,0.000,35.0
1203,-4.337,-0.991,1.494,-0.000,0.000,0.000,35.0
1204,-4.337,-0.991,1.494,-0.000,0.000,0.000,35.0
1205,-4.337,-0.991,1.494,-0.000,0.000,-0.000,35.0
1206,-4.337,-0.991,1.494,-0.000,0.000,-0.000,35.0
1207,-4.337,-0.991,1.494,-0.000,0.000,-0.000,35.0
1208,-4.337,-0.991,1.494,-0.000,0.000,-0.000,35.0
1209,-4.337,-0.991,1.494,-0.000,0.000,-0.000,35.0
1210,-4.337,-0.991,1.494,-0.000,0.000,-0.000,35.0
1211,-4.337,-0.991,1.494,-0.000,0.000,-0.000,35.0
1212,-4.337,-0.991,1.494,-0.000,0.000,-0.000,35.0
1213,-4.337,-0.991,1.494,-0.000,0.000,-0.000,35.0
1214,-4.337,-0.991,1.494,-0.000,0.000,-0.000,35.0
1215,-4.337,-0.991,1.494,-0.000,0.000,-0.000,35.0
1216,-4.337,-0.991,1.494,-0.000,-0.000,-0.000,35.0
1217,-4.337,-0.991,1.494,-0.000,-0.000,-0.000,35.0
1218,-4.337,-0.991,1.494,-0.000,-0.000,-0.000,35.0
1219,-4.337,-0.991,1.494,-0.000,-0.000,0.000,35.0
1220,-4.337,-0.991,1.494,-0.000,-0.000,0.000,35.0
1221,-4.337,-0.991,1.494,-0.000,-0.000,0.000,35.0
1222,-4.337,-0.991,1.494,-0.000,-0.000,0.000,35.0
1223,-4.337,-0.991,1.494,-0.000,-0.000,0.000,35.0
1224,-4.337,-0.991,1.494,-0.000,-0.000,0.000,35.0
1225,-4.337,-0.991,1.494,-0.000,-0.000,0.000,35.0
1226,-4.337,-0.991,1.494,-0.000,-0.000,0.000,35.0
1227,-4.337,-0.991,1.494,-0.000,-0.000,0.000,35.0
1228,-4.337,-0.991,1.494,-0.000,-0.000,0.000,35.0
1229,-4.337,-0.991,1.494,-0.000,-0.000,0.000,35.0
1230,-4.337,-0.991,1.494,-0.000,-0.000,0.000,35.0
1231,-4.337,-0.991,1.494,-0.000,-0.000,0.000,35.0
1232,-4.337,-0.991,1.494,-0.000,-0.000,-0.000,35.0
1233,-4.337,-0.991,1.494,-0.000,0.000,-0.000,35.0
1234,-4.337,-0.991,1.494,-0.000,0.000,-0.000,35.0
1235,-4.337,-0.991,1.494,-0.000,0.000,-0.000,35.0
1236,-4.337,-0.991,1.494,-0.000,0.000,-0.000,35.0
1237,-4.337,-0.991,1.494,-0.000,0.000,-0.000,35.0
1238,-4.337,-0.991,1.494,-0.000,0.000,-0.000,35.0
1239,-4.337,-0.991,1.494,-0.000,0.000,-0.000,35.0
1240,-4.337,-0.991,1.494,-0.000,0.000,-0.000,35.0
1241,-4.337,-0.991,1.494,-0.000,0.000,-0.000,35.0
1242,-4.337,-0.991,1.494,-0.000,0.000,-0.000,35.0
1243,-4.337,-0.991,1.494,-0.000,0.000,-0.000,35.0
1244,-4.337,-0.991,1.494,-0.000,0.000,-0.000,35.0
1245,-4.337,-0.991,1.494,-0.000,0.000,-0.000,35.0
1246,-4.337,-0.991,1.494,-0.000,0.000,0.000,35.0
1247,-4.337,-0.991,1.494,-0.000,0.000,0.000,35.0
1248,-4.337,-0.991,1.494,-0.000,0.000,0.000,35.0
1249,-4.337,-0.991,1.494,-0.000,0.000,0.000,35.0
1250,-4.337,-0.991,1.494,-0.000,-0.000,0.000,35.0
1251,-4.337,-0.991,1.494,-0.000,-0.000,0.000,35.0
1252,-4.337,-0.991,1.494,-0.000,-0.000,0.000,35.0
1253,-4.337,-0.991,1.494,-0.000,-0.000,0.000,35.0
1254,-4.337,-0.991,1.494,-0.000,-0.000,0.000,35.0
1255,-4.337,-0.991,1.494,-0.000,-0.000,0.000,35.0
1256,-4.337,-0.991,1.494,-0.000,-0.000,0.000,35.0
1257,-4.337,-0.991,1.494,-0.000,-0.000,0.000,35.0
1258,-4.337,-0.991,1.494,-0.000,-0.000,0.000,35.0
1259,-4.337,-0.991,1.494,-0.000,-0.000,0.000,35.0
1260,-4.337,-0.991,1.494,-0.000,-0.000,-0.000,35.0
1261,-4.337,-0.991,1.494,-0.000,-0.000,-0.000,35.0
1262,-4.337,-0.991,1.494,-0.000,-0.000,-0.000,35.0
1263,-4.337,-0.991,1.494,-0.000,-0.000,-0.000,35.0
1264,-4.337,-0.991,1.494,-0.000,-0.000,-0.000,35.0
1265,-4.337,-0.991,1.494,-0.000,-0.000,-0.000,35.0
1266,-4.337,-0.991,1.494,-0.000,-0.000,-0.000,35.0
1267,-4.337,-0.991,1.494,-0.000,0.000,-0.000,35.0
1268,-4.337,-0.991,1.494,-0.000,0.000,-0.000,35.0
1269,-4.337,-0.991,1.494,-0.000,0.000,-0.000,35.0
1270,-4.337,-0.991,1.494,-0.000,0.000,-0.000,35.0
1271,-4.337,-0.991,1.494,-0.000,0.000,-0.000,35.0
1272,-4.337,-0.991,1.494,-0.000,0.000,-0.000,35.0
1273,-4.337,-0.991,1.494,-0.000,0.000,-0.000,35.0
1274,-4.337,-0.991,1.494,-0.000,0.000,0.000,35.0
1275,-4.337,-0.991,1.494,-0.000,0.000,0.000,35.0
1276,-4.337,-0.991,1.494,-0.000,0.000,0.000,35.0
1277,-4.337,-0.991,1.494,-0.000,0.000,0.000,35.0
1278,-4.337,-0.991,1.494,-0.000,0.000,0.000,35.0
1279,-4.337,-0.991,1.494,-0.000,0.000,0.000,35.0
1280,-4.337,-0.991,1.494,-0.000,0.000,0.000,35.0
1281,-4.337,-0.991,1.494,-0.000,0.000,0.000,35.0
1282,-4.337,-0.991,1.494,-0.000,0.000,0.000,35.0
1283,-4.337,-0.991,1.494,-0.000,0.000,0.000,35.0
1284,-4.337,-0.991,1.494,-0.000,-0.000,0.000,35.0
1285,-4.337,-0.991,1.494,-0.000,-0.000,0.000,35.0
1286,-4.337,-0.991,1.494,-0.000,-0.000,0.000,35.0
1287,-4.337,-0.991,1.494,-0.000,-0.000,-0.000,35.0
1288,-4.337,-0.991,1.494,-0.000,-0.000,-0.000,35.0
1289,-4.337,-0.991,1.494,-0.000,-0.000,-0.000,35.0
1290,-4.337,-0.991,1.494,-0.000,-0.000,-0.000,35.0
1291,-4.337,-0.991,1.494,-0.000,-0.000,-0.000,35.0
1292,-4.337,-0.991,1.494,-0.000,-0.000,-0.000,35.0
1293,-4.337,-0.991,1.494,-0.000,-0.000,-0.000,35.0
1294,-4.337,-0.991,1.494,-0.000,-0.000,-0.000,35.0
1295,-4.337,-0.991,1.494,-0.000,-0.000,-0.000,35.0
1296,-4.337,-0.991,1.494,-0.000,-0.000,-0.000,35.0
1297,-4.337,-0.991,1.494,-0.000,-0.000,-0.000,35.0
1298,-4.337,-0.991,1.494,-0.000,-0.000,-0.000,35.0
1299,-4.337,-0.991,1.494,-0.000,-0.000,-0.000,35.0
1300,-4.337,-0.991,1.494,-0.000,-0.000,-0.000,35.0
1301,-4.337,-0.991,1.494,-0.000,0.000,0.000,35.0
1302,-4.337,-0.991,1.494,-0.000,0.000,0.000,35.0
1303,-4.337,-0.991,1.494,-0.000,0.000,0.000,35.0
1304,-4.337,-0.991,1.494,-0.000,0.000,0.000,35.0
1305,-4.337,-0.991,1.494,-0.000,0.000,0.000,35.0
1306,-4.337,-0.991,1.494,-0.000,0.000,0.000,35.0
1307,-4.337,-0.991,1.494,-0.000,0.000,0.000,35.0
1308,-4.337,-0.991,1.494,-0.000,0.000,0.000,35.0
1309,-4.337,-0.991,1.494,-0.000,0.000,0.000,35.0
1310,-4.337,-0.991,1.494,-0.000,0.000,0.000,35.0
1311,-4.337,-0.991,1.494,-0.000,0.000,0.000,35.0
1312,-4.337,-0.991,1.494,-0.000,0.000,0.000,35.0
1313,-4.337,-0.991,1.494,-0.000,0.000,0.000,35.0
1314,-4.337,-0.991,1.494,-0.000,0.000,0.000,35.0
1315,-4.337,-0.991,1.494,-0.000,0.000,-0.000,35.0
1316,-4.337,-0.991,1.494,-0.000,0.000,-0.000,35.0
1317,-4.337,-0.991,1.494,-0.000,0.000,-0.000,35.0
1318,-4.337,-0.991,1.494,-0.000,-0.000,-0.000,35.0
1319,-4.337,-0.991,1.494,-0.000,-0.000,-0.000,35.0
1320,-4.337,-0.991,1.494,-0.000,-0.000,-0.000,35.0
1321,-4.337,-0.991,1.494,-0.000,-0.000,-0.000,35.0
1322,-4.337,-0.991,1.494,-0.000,-0.000,-0.000,35.0
1323,-4.337,-0.991,1.494,-0.000,-0.000,-0.000,35.0
1324,-4.337,-0.991,1.494,-0.000,-0.000,-0.000,35.0
1325,-4.337,-0.991,1.494,-0.000,-0.000,-0.000,35.0
1326,-4.337,-0.991,1.494,-0.000,-0.000,-0.000,35.0
1327,-4.337,-0.991,1.494,-0.000,-0.000,-0.000,35.0
1328,-4.337,-0.991,1.494,-0.000,-0.000,-0.000,35.0
1329,-4.337,-0.991,1.494,-0.000,-0.000,0.000,35.0
1330,-4.337,-0.991,1.494,-0.000,-0.000,0.000,35.0
1331,-4.337,-0.991,1.494,-0.000,-0.000,0.000,35.0
1332,-4.337,-0.991,1.494,-0.000,-0.000,0.000,35.0
1333,-4.337,-0.991,1.494,-0.000,-0.000,0.000,35.0
1334,-4.337,-0.991,1.494,-0.000,-0.000,0.000,35.0
1335,-4.337,-0.991,1.494,-0.000,0.000,0.000,35.0
1336,-4.337,-0.991,1.494,-0.000,0.000,0.000,35.0
1337,-4.337,-0.991,1.494,-0.000,0.000,0.000,35.0
1338,-4.337,-0.991,1.494,-0.000,0.000,0.000,35.0
1339,-4.337,-0.991,1.494,-0.000,0.000,0.000,35.0
1340,-4.337,-0.991,1.494,-0.000,0.000,0.000,35.0
1341,-4.337,-0.991,1.494,-0.000,0.000,0.000,35.0
1342,-4.337,-0.991,1.494,-0.000,0.000,0.000,35.0
1343,-4.337,-0.991,1.494,-0.000,0.000,-0.000,35.0
1344,-4.337,-0.991,1.494,-0.000,0.000,-0.000,35.0
1345,-4.337,-0.991,1.494,-0.000,0.000,-0.000,35.0
1346,-4.337,-0.991,1.494,-0.000,0.000,-0.000,35.0
1347,-4.337,-0.991,1.494,-0.000,0.000,-0.000,35.0
1348,-4.337,-0.991,1.494,-0.000,0.000,-0.000,35.0
1349,-4.337,-0.991,1.494,-0.000,0.000,-0.000,35.0
1350,-4.337,-0.991,1.494,-0.000,0.000,-0.000,35.0
1351,-4.337,-0.991,1.494,-0.000,0.000,-0.000,35.0
1352,-4.337,-0.991,1.494,-0.000,-0.000,-0.000,35.0
1353,-4.337,-0.991,1.494,-0.000,-0.000,-0.000,35.0
1354,-4.337,-0.991,1.494,-0.000,-0.000,-0.000,35.0
1355,-4.337,-0.991,1.494,-0.000,-0.000,-0.000,35.0
1356,-4.337,-0.991,1.494,-0.000,-0.000,0.000,35.0
1357,-4.337,-0.991,1.494,-0.000,-0.000,0.000,35.0
1358,-4.337,-0.991,1.494,-0.000,-0.000,0.000,35.0
1359,-4.337,-0.991,1.494,-0.000,-0.000,0.000,35.0
1360,-4.337,-0.991,1.494,-0.000,-0.000,0.000,35.0
1361,-4.337,-0.991,1.494,-0.000,-0.000,0.000,35.0
1362,-4.337,-0.991,1.494,-0.000,-0.000,0.000,35.0
1363,-4.337,-0.991,1.494,-0.000,-0.000,0.000,35.0
1364,-4.337,-0.991,1.494,-0.000,-0.000,0.000,35.0
1365,-4.337,-0.991,1.494,-0.000,-0.000,0.000,35.0
1366,-4.337,-0.991,1.494,-0.000,-0.000,0.000,35.0
1367,-4.337,-0.991,1.494,-0.000,-0.000,0.000,35.0
1368,-4.337,-0.991,1.494,-0.000,-0.000,0.000,35.0
1369,-4.337,-0.991,1.494,-0.000,0.000,0.000,35.0
1370,-4.337,-0.991,1.494,-0.000,0.000,-0.000,35.0
1371,-4.337,-0.991,1.494,-0.000,0.000,-0.000,35.0
1372,-4.337,-0.991,1.494,-0.000,0.000,-0.000,35.0
1373,-4.337,-0.991,1.494,-0.000,0.000,-0.000,35.0
1374,-4.337,-0.991,1.494,-0.000,0.000,-0.000,35.0
1375,-4.337,-0.991,1.494,-0.000,0.000,-0.000,35.0
1376,-4.337,-0.991,1.494,-0.000,0.000,-0.000,35.0
1377,-4.337,-0.991,1.494,-0.000,0.000,-0.000,35.0
1378,-4.337,-0.991,1.494,-0.000,0.000,-0.000,35.0
1379,-4.337,-0.991,1.494,-0.000,0.000,-0.000,35.0
1380,-4.337,-0.991,1.494,-0.000,0.000,-0.000,35.0
1381,-4.337,-0.991,1.494,-0.000,0.000,-0.000,35.0
1382,-4.337,-0.991,1.494,-0.000,0.000,-0.000,35.0
1383,-4.337,-0.991,1.494,-0.000,0.000,-0.000,35.0
1384,-4.337,-0.991,1.494,-0.000,0.000,0.000,35.0
1385,-4.337,-0.991,1.494,-0.000,0.000,0.000,35.0
1386,-4.337,-0.991,1.494,-0.000,-0.000,0.000,35.0
1387,-4.337,-0.991,1.494,-0.000,-0.000,0.000,35.0
1388,-4.337,-0.991,1.494,-0.000,-0.000,0.000,35.0
1389,-4.337,-0.991,1.494,-0.000,-0.000,0.000,35.0
1390,-4.337,-0.991,1.494,-0.000,-0.000,0.000,35.0
1391,-4.337,-0.991,1.494,-0.000,-0.000,0.000,35.0
1392,-4.337,-0.991,1.494,-0.000,-0.000,0.000,35.0
1393,-4.337,-0.991,1.494,-0.000,-0.000,0.000,35.0
1394,-4.337,-0.991,1.494,-0.000,-0.000,0.000,35.0
1395,-4.337,-0.991,1.494,-0.000,-0.000,0.000,35.0
1396,-4.337,-0.991,1.494,-0.000,-0.000,0.000,35.0
1397,-4.337,-0.991,1.494,-0.000,-0.000,0.000,35.0
1398,-4.337,-0.991,1.494,-0.000,-0.000,-0.000,35.0
1399,-4.337,-0.991,1.494,-0.000,-0.000,-0.000,35.0
1400,-4.337,-0.991,1.494,-0.000,-0.000,-0.000,35.0
1401,-4.337,-0.991,1.494,-0.000,-0.000,-0.000,35.0
1402,-4.337,-0.991,1.494,-0.000,-0.000,-0.000,35.0
1403,-4.337,-0.991,1.494,-0.000,-0.000,-0.000,35.0
1404,-4.337,-0.991,1.494,-0.000,0.000,-0.000,35.0
1405,-4.337,-0.991,1.494,-0.000,0.000,-0.000,35.0
1406,-4.337,-0.991,1.494,-0.000,0.000,-0.000,35.0
1407,-4.337,-0.991,1.494,-0.000,0.000,-0.000,35.0
1408,-4.337,-0.991,1.494,-0.000,0.000,-0.000,35.0
1409,-4.337,-0.991,1.494,-0.000,0.000,-0.000,35.0
1410,-4.337,-0.991,1.494,-0.000,0.000,-0.000,35.0
1411,-4.337,-0.991,1.494,-0.000,0.000,0.000,35.0
1412,-4.337,-0.991,1.494,-0.000,0.000,0.000,35.0
1413,-4.337,-0.991,1.494,-0.000,0.000,0.000,35.0
1414,-4.337,-0.991,1.494,-0.000,0.000,0.000,35.0
1415,-4.337,-0.991,1.494,-0.000,0.000,0.000,35.0
1416,-4.337,-0.991,1.494,-0.000,0.000,0.000,35.0
1417,-4.337,-0.991,1.494,-0.000,0.000,0.000,35.0
1418,-4.337,-0.991,1.494,-0.000,0.000,0.000,35.0
1419,-4.337,-0.991,1.494,-0.000,0.000,0.000,35.0
1420,-4.337,-0.991,1.494,-0.000,0.000,0.000,35.0
1421,-4.337,-0.991,1.494,-0.000,-0.000,0.000,35.0
1422,-4.337,-0.991,1.494,-0.000,-0.000,0.000,35.0
1423,-4.337,-0.991,1.494,-0.000,-0.000,0.000,35.0
1424,-4.337,-0.991,1.494,-0.000,-0.000,0.000,35.0
1425,-4.337,-0.991,1.494,-0.000,-0.000,-0.000,35.0
1426,-4.337,-0.991,1.494,-0.000,-0.000,-0.000,35.0
1427,-4.337,-0.991,1.494,-0.000,-0.000,-0.000,35.0
1428,-4.337,-0.991,1.494,-0.000,-0.000,-0.000,35.0
1429,-4.337,-0.991,1.494,-0.000,-0.000,-0.000,35.0
1430,-4.337,-0.991,1.494,-0.000,-0.000,-0.000,35.0
1431,-4.337,-0.991,1.494,-0.000,-0.000,-0.000,35.0
1432,-4.337,-0.991,1.494,-0.000,-0.000,-0.000,35.0
1433,-4.337,-0.991,1.494,-0.000,-0.000,-0.000,35.0
1434,-4.337,-0.991,1.494,-0.000,-0.000,-0.000,35.0
1435,-4.337,-0.991,1.494,-0.000,-0.000,-0.000,35.0
1436,-4.337,-0.991,1.494,-0.000,-0.000,-0.000,35.0
1437,-4.337,-0.991,1.494,-0.000,-0.000,-0.000,35.0
1438,-4.337,-0.991,1.494,-0.000,0.000,-0.000,35.0
1439,-4.337,-0.991,1.494,-0.000,0.000,0.000,35.0
1440,-4.337,-0.991,1.494,-0.000,0.000,0.000,35.0
1441,-4.337,-0.991,1.494,-0.000,0.000,0.000,35.0
1442,-4.337,-0.991,1.494,-0.000,0.000,0.000,35.0
1443,-4.337,-0.991,1.494,-0.000,0.000,0.000,35.0
1444,-4.337,-0.991,1.494,-0.000,0.000,0.000,35.0
1445,-4.337,-0.991,1.494,-0.000,0.000,0.000,35.0
1446,-4.337,-0.991,1.494,-0.000,0.000,0.000,35.0
1447,-4.337,-0.991,1.494,-0.000,0.000,0.000,35.0
1448,-4.337,-0.991,1.494,-0.000,0.000,0.000,35.0
1449,-4.337,-0.991,1.494,-0.000,0.000,0.000,35.0
1450,-4.337,-0.991,1.494,-0.000,0.000,0.000,35.0
1451,-4.337,-0.991,1.494,-0.000,0.000,0.000,35.0
1452,-4.337,-0.991,1.494,-0.000,0.000,0.000,35.0
1453,-4.337,-0.991,1.494,-0.000,0.000,-0.000,35.0
1454,-4.337,-0.991,1.494,-0.000,0.000,-0.000,35.0
1455,-4.337,-0.991,1.494,-0.000,-0.000,-0.000,35.0
1456,-4.337,-0.991,1.494,-0.000,-0.000,-0.000,35.0
1457,-4.337,-0.991,1.494,-0.000,-0.000,-0.000,35.0
1458,-4.337,-0.991,1.494,-0.000,-0.000,-0.000,35.0
1459,-4.337,-0.991,1.494,-0.000,-0.000,-0.000,35.0
1460,-4.337,-0.991,1.494,-0.000,-0.000,-0.000,35.0
1461,-4.337,-0.991,1.494,-0.000,-0.000,-0.000,35.0
1462,-4.337,-0.991,1.494,-0.000,-0.000,-0.000,35.0
1463,-4.337,-0.991,1.494,-0.000,-0.000,-0.000,35.0
1464,-4.337,-0.991,1.494,-0.000,-0.000,-0.000,35.0
1465,-4.337,-0.991,1.494,-0.000,-0.000,-0.000,35.0
1466,-4.337,-0.991,1.494,-0.000,-0.000,-0.000,35.0
1467,-4.337,-0.991,1.494,-0.000,-0.000,0.000,35.0
1468,-4.337,-0.991,1.494,-0.000,-0.000,0.000,35.0
1469,-4.337,-0.991,1.494,-0.000,-0.000,0.000,35.0
1470,-4.337,-0.991,1.494,-0.000,-0.000,0.000,35.0
1471,-4.337,-0.991,1.494,-0.000,-0.000,0.000,35.0
1472,-4.337,-0.991,1.494,-0.000,0.000,0.000,35.0
1473,-4.337,-0.991,1.494,-0.000,0.000,0.000,35.0
1474,-4.337,-0.991,1.494,-0.000,0.000,0.000,35.0
1475,-4.337,-0.991,1.494,-0.000,0.000,0.000,35.0
1476,-4.337,-0.991,1.494,-0.000,0.000,0.000,35.0
1477,-4.337,-0.991,1.494,-0.000,0.000,0.000,35.0
1478,-4.337,-0.991,1.494,-0.000,0.000,0.000,35.0
1479,-4.337,-0.991,1.494,-0.000,0.000,0.000,35.0
1480,-4.337,-0.991,1.494,-0.000,0.000,-0.000,35.0
1481,-4.337,-0.991,1.494,-0.000,0.000,-0.000,35.0
1482,-4.337,-0.991,1.494,-0.000,0.000,-0.000,35.0
1483,-4.337,-0.991,1.494,-0.000,0.000,-0.000,35.0
1484,-4.337,-0.991,1.494,-0.000,0.000,-0.000,35.0
1485,-4.337,-0.991,1.494,-0.000,0.000,-0.000,35.0
1486,-4.337,-0.991,1.494,-0.000,0.000,-0.000,35.0
1487,-4.337,-0.991,1.494,-0.000,0.000,-0.000,35.0
1488,-4.337,-0.991,1.494,-0.000,0.000,-0.000,35.0
1489,-4.337,-0.991,1.494,-0.000,-0.000,-0.000,35.0
1490,-4.337,-0.991,1.494,-0.000,-0.000,-0.000,35.0
1491,-4.337,-0.991,1.494,-0.000,-0.000,-0.000,35.0
1492,-4.337,-0.991,1.494,-0.000,-0.000,-0.000,35.0
1493,-4.337,-0.991,1.494,-0.000,-0.000,-0.000,35.0
1494,-4.337,-0.991,1.494,-0.000,-0.000,0.000,35.0
1495,-4.337,-0.991,1.494,-0.000,-0.000,0.000,35.0
1496,-4.337,-0.991,1.494,-0.000,-0.000,0.000,35.0
1497,-4.337,-0.991,1.494,-0.000,-0.000,0.000,35.0
1498,-4.337,-0.991,1.494,-0.000,-0.000,0.000,35.0
1499,-4.337,-0.991,1.494,-0.000,-0.000,0.000,35.0
1500,-4.337,-0.991,1.494,-0.000,-0.000,0.000,35.0
